couleur : noir
angle source :0
angle capteur :30
source : 2700K
FLMT02171_1:101		
194,658	-651,95	
194,923	-651,95	
195,188	-651,95	
195,453	-560,75	
195,717	-76,73	
195,982	254,73	
196,247	-4,82	
196,512	-22,36	
196,777	-57,43	
197,042	-46,91	
197,307	7,45	
197,572	35,51	
197,837	-43,4	
198,101	-89	
198,366	-10,08	
198,631	26,74	
198,896	-50,42	
199,161	86,37	
199,425	-90,76	
199,69	95,14	
199,955	-18,85	
200,22	-18,85	
200,484	-217,02	
200,749	54,8	
201,014	-13,59	
201,278	-101,28	
201,543	228,42	
201,807	-78,48	
202,072	61,82	
202,337	149,51	
202,601	28,5	
202,866	-87,25	
203,13	-60,94	
203,395	-39,9	
203,659	133,72	
203,924	-57,43	
204,189	7,45	
204,453	-73,22	
204,717	-111,8	
204,982	65,33	
205,246	-46,91	
205,511	124,95	
205,775	39,02	
206,04	124,95	
206,304	-111,8	
206,568	-62,7	
206,833	-43,4	
207,097	91,63	
207,361	61,82	
207,626	-96,02	
207,89	96,89	
208,154	2,19	
208,419	16,22	
208,683	-1,32	
208,947	24,99	
209,211	82,86	
209,476	105,66	
209,74	70,59	
210,004	307,34	
210,268	112,68	
210,532	198,61	
210,796	54,8	
211,061	-18,85	
211,325	37,27	
211,589	177,56	
211,853	196,86	
212,117	30,25	
212,381	161,78	
212,645	32,01	
212,909	10,96	
213,173	72,34	
213,437	-62,7	
213,701	191,59	
213,965	21,48	
214,229	95,14	
214,493	116,18	
214,757	-4,82	
215,021	-6,58	
215,285	93,39	
215,549	-62,7	
215,813	-45,16	
216,077	60,07	
216,34	47,79	
216,604	109,17	
216,868	12,71	
217,132	-101,28	
217,396	133,72	
217,659	47,79	
217,923	186,33	
218,187	-15,35	
218,451	126,71	
218,714	107,42	
218,978	54,8	
219,242	210,89	
219,505	93,39	
219,769	-78,48	
220,033	161,78	
220,296	142,49	
220,56	75,85	
220,824	105,66	
221,087	51,3	
221,351	-43,4	
221,614	-13,59	
221,878	-110,05	
222,142	30,25	
222,405	102,15	
222,669	-92,51	
222,932	-1,32	
223,196	98,65	
223,459	102,15	
223,722	17,98	
223,986	-32,88	
224,249	149,51	
224,513	30,25	
224,776	-45,16	
225,04	-3,07	
225,303	-108,29	
225,566	88,12	
225,83	165,29	
226,093	81,11	
226,356	-122,32	
226,62	221,41	
226,883	-129,34	
227,146	-150,38	
227,409	-87,25	
227,673	256,48	
227,936	-125,83	
228,199	7,45	
228,462	91,63	
228,725	42,53	
228,989	56,56	
229,252	12,71	
229,515	33,76	
229,778	96,89	
230,041	107,42	
230,304	-166,17	
230,567	-53,93	
230,83	58,31	
231,093	37,27	
231,356	10,96	
231,619	-45,16	
231,882	-73,22	
232,145	10,96	
232,408	-38,14	
232,671	-52,17	
232,934	-136,35	
233,197	102,15	
233,46	221,41	
233,723	0,44	
233,986	70,59	
234,249	-104,79	
234,512	-31,13	
234,775	24,99	
235,037	72,34	
235,3	-74,97	
235,563	324,88	
235,826	77,6	
236,089	112,68	
236,351	-27,62	
236,614	109,17	
236,877	17,98	
237,14	-103,03	
237,402	-32,88	
237,665	128,46	
237,928	-38,14	
238,19	-17,1	
238,453	24,99	
238,716	256,48	
238,978	-73,22	
239,241	24,99	
239,503	70,59	
239,766	-20,61	
240,029	133,72	
240,291	35,51	
240,554	70,59	
240,816	33,76	
241,079	51,3	
241,341	2,19	
241,604	-134,6	
241,866	-57,43	
242,129	-85,49	
242,391	42,53	
242,653	-27,62	
242,916	82,86	
243,178	-25,87	
243,441	100,4	
243,703	51,3	
243,965	93,39	
244,228	289,8	
244,49	17,98	
244,752	53,05	
245,015	144,24	
245,277	-76,73	
245,539	-125,83	
245,801	-118,81	
246,064	81,11	
246,326	130,21	
246,588	-39,9	
246,85	181,07	
247,112	-92,51	
247,374	32,01	
247,637	-55,68	
247,899	-90,76	
248,161	128,46	
248,423	-32,88	
248,685	207,38	
248,947	89,88	
249,209	223,16	
249,471	0,44	
249,733	-73,22	
249,995	24,99	
250,257	-81,99	
250,519	23,24	
250,781	114,43	
251,043	175,81	
251,305	77,6	
251,567	267	
251,829	35,51	
252,091	70,59	
252,353	-71,46	
252,615	5,7	
252,876	82,86	
253,138	30,25	
253,4	9,21	
253,662	-18,85	
253,924	-257,36	
254,185	33,76	
254,447	28,5	
254,709	161,78	
254,971	-34,64	
255,232	42,53	
255,494	188,09	
255,756	-1,32	
256,017	-246,84	
256,279	-250,34	
256,541	-53,93	
256,802	54,8	
257,064	-15,35	
257,326	-134,6	
257,587	24,99	
257,849	81,11	
258,11	-32,88	
258,372	-124,08	
258,633	44,28	
258,895	252,98	
259,156	217,9	
259,418	-27,62	
259,679	95,14	
259,941	56,56	
260,202	19,73	
260,464	-43,4	
260,725	16,22	
260,987	24,99	
261,248	93,39	
261,509	79,36	
261,771	16,22	
262,032	-41,65	
262,293	42,53	
262,555	53,05	
262,816	91,63	
263,077	-83,74	
263,338	-71,46	
263,6	-127,58	
263,861	-111,8	
264,122	191,59	
264,383	16,22	
264,645	-106,54	
264,906	-43,4	
265,167	-50,42	
265,428	-48,67	
265,689	-45,16	
265,95	198,61	
266,211	26,74	
266,473	-99,52	
266,734	-29,37	
266,995	0,44	
267,256	32,01	
267,517	-39,9	
267,778	138,98	
268,039	-22,36	
268,3	289,8	
268,561	39,02	
268,822	-10,08	
269,083	110,92	
269,344	2,19	
269,604	172,3	
269,865	-83,74	
270,126	112,68	
270,387	114,43	
270,648	-231,05	
270,909	-76,73	
271,17	51,3	
271,43	75,85	
271,691	105,66	
271,952	-4,82	
272,213	-50,42	
272,473	-97,77	
272,734	191,59	
272,995	-92,51	
273,256	-153,89	
273,516	-46,91	
273,777	-29,37	
274,038	-38,14	
274,298	68,83	
274,559	54,8	
274,82	-34,64	
275,08	30,25	
275,341	-213,52	
275,601	-74,97	
275,862	-85,49	
276,122	156,52	
276,383	3,95	
276,643	60,07	
276,904	39,02	
277,164	65,33	
277,425	109,17	
277,685	-17,1	
277,946	67,08	
278,206	-45,16	
278,467	32,01	
278,727	200,36	
278,987	60,07	
279,248	130,21	
279,508	53,05	
279,768	28,5	
280,029	14,47	
280,289	-24,11	
280,549	0,44	
280,81	-27,62	
281,07	82,86	
281,33	5,7	
281,59	274,02	
281,851	-53,93	
282,111	9,21	
282,371	103,91	
282,631	2,19	
282,891	-124,08	
283,151	-31,13	
283,412	-3,07	
283,672	93,39	
283,932	39,02	
284,192	-38,14	
284,452	-24,11	
284,712	102,15	
284,972	46,04	
285,232	256,48	
285,492	-6,58	
285,752	91,63	
286,012	53,05	
286,272	-206,5	
286,532	137,23	
286,792	146	
287,052	-11,84	
287,312	-80,23	
287,571	63,57	
287,831	-34,64	
288,091	163,53	
288,351	-31,13	
288,611	-164,41	
288,871	-29,37	
289,13	-32,88	
289,39	137,23	
289,65	60,07	
289,91	502	
290,17	100,4	
290,429	10,96	
290,689	17,98	
290,949	46,04	
291,208	-20,61	
291,468	-41,65	
291,728	53,05	
291,987	-97,77	
292,247	-13,59	
292,506	181,07	
292,766	93,39	
293,026	60,07	
293,285	-74,97	
293,545	181,07	
293,804	-67,96	
294,064	119,69	
294,323	63,57	
294,583	-160,9	
294,842	-187,21	
295,102	88,12	
295,361	153,01	
295,621	107,42	
295,88	72,34	
296,139	-17,1	
296,399	67,08	
296,658	9,21	
296,917	-97,77	
297,177	63,57	
297,436	137,23	
297,695	88,12	
297,955	130,21	
298,214	-78,48	
298,473	-64,45	
298,732	28,5	
298,992	126,71	
299,251	28,5	
299,51	-96,02	
299,769	5,7	
300,028	-173,18	
300,287	-8,33	
300,547	-85,49	
300,806	35,51	
301,065	-236,31	
301,324	74,09	
301,583	-81,99	
301,842	54,8	
302,101	51,3	
302,36	165,29	
302,619	63,57	
302,878	84,62	
303,137	16,22	
303,396	-20,61	
303,655	119,69	
303,914	82,86	
304,173	-8,33	
304,432	14,47	
304,691	-53,93	
304,95	65,33	
305,208	117,94	
305,467	-32,88	
305,726	-260,87	
305,985	-6,58	
306,244	-31,13	
306,503	61,82	
306,761	98,65	
307,02	-78,48	
307,279	96,89	
307,537	105,66	
307,796	-152,14	
308,055	-46,91	
308,314	-46,91	
308,572	103,91	
308,831	2,19	
309,09	102,15	
309,348	109,17	
309,607	-118,81	
309,865	135,48	
310,124	130,21	
310,382	84,62	
310,641	-48,67	
310,9	-25,87	
311,158	39,02	
311,417	-13,59	
311,675	-96,02	
311,933	-60,94	
312,192	60,07	
312,45	-80,23	
312,709	-57,43	
312,967	144,24	
313,226	179,32	
313,484	-83,74	
313,742	56,56	
314,001	-36,39	
314,259	28,5	
314,517	102,15	
314,776	-67,96	
315,034	-1,32	
315,292	54,8	
315,55	79,36	
315,809	-66,2	
316,067	-10,08	
316,325	-162,66	
316,583	100,4	
316,841	-104,79	
317,1	137,23	
317,358	46,04	
317,616	-53,93	
317,874	14,47	
318,132	-4,82	
318,39	126,71	
318,648	116,18	
318,906	102,15	
319,164	-152,14	
319,422	-118,81	
319,68	-71,46	
319,938	3,95	
320,196	21,48	
320,454	7,45	
320,712	-124,08	
320,97	26,74	
321,228	-3,07	
321,486	-127,58	
321,744	-50,42	
322,002	-69,71	
322,26	79,36	
322,517	14,47	
322,775	-92,51	
323,033	9,21	
323,291	-22,36	
323,549	28,5	
323,806	-32,88	
324,064	26,74	
324,322	126,71	
324,58	86,37	
324,837	-162,66	
325,095	-83,74	
325,353	209,13	
325,61	30,25	
325,868	200,36	
326,126	-32,88	
326,383	114,43	
326,641	-67,96	
326,898	-62,7	
327,156	35,51	
327,413	3,95	
327,671	7,45	
327,928	-55,68	
328,186	72,34	
328,443	-96,02	
328,701	88,12	
328,958	-18,85	
329,216	30,25	
329,473	53,05	
329,731	-45,16	
329,988	151,26	
330,245	-17,1	
330,503	-31,13	
330,76	32,01	
331,017	-27,62	
331,275	119,69	
331,532	35,51	
331,789	112,68	
332,047	60,07	
332,304	30,25	
332,561	314,36	
332,818	-36,39	
333,076	72,34	
333,333	74,09	
333,59	53,05	
333,847	107,42	
334,104	68,83	
334,361	105,66	
334,618	-80,23	
334,876	109,17	
335,133	-31,13	
335,39	9,21	
335,647	-145,12	
335,904	-45,16	
336,161	-199,49	
336,418	-87,25	
336,675	-34,64	
336,932	-48,67	
337,189	238,95	
337,446	46,04	
337,703	84,62	
337,96	-8,33	
338,216	-32,88	
338,473	-169,67	
338,73	3,95	
338,987	-8,33	
339,244	-85,49	
339,501	95,14	
339,757	-71,46	
340,014	-153,89	
340,271	72,34	
340,528	-15,35	
340,785	147,75	
341,041	-32,88	
341,298	135,48	
341,555	-17,1	
341,811	-201,24	
342,068	107,42	
342,325	-41,65	
342,581	-20,61	
342,838	126,71	
343,094	175,81	
343,351	-101,28	
343,608	9,21	
343,864	58,31	
344,121	-74,97	
344,377	19,73	
344,634	196,86	
344,89	60,07	
345,147	-101,28	
345,403	53,05	
345,66	-18,85	
345,916	-96,02	
346,172	10,96	
346,429	172,3	
346,685	60,07	
346,942	-27,62	
347,198	-13,59	
347,454	-80,23	
347,711	17,98	
347,967	14,47	
348,223	40,77	
348,48	-57,43	
348,736	-3,07	
348,992	-48,67	
349,248	-15,35	
349,504	-36,39	
349,761	51,3	
350,017	-13,59	
350,273	-99,52	
350,529	-96,02	
350,785	124,95	
351,041	-97,77	
351,297	-11,84	
351,554	9,21	
351,81	-178,44	
352,066	51,3	
352,322	-39,9	
352,578	470,44	
352,834	-48,67	
353,09	151,26	
353,346	14,47	
353,602	-3,07	
353,858	-78,48	
354,114	-92,51	
354,369	-27,62	
354,625	-11,84	
354,881	-31,13	
355,137	-15,35	
355,393	-134,6	
355,649	-46,91	
355,905	-129,34	
356,16	-73,22	
356,416	121,45	
356,672	-60,94	
356,928	-101,28	
357,183	84,62	
357,439	-118,81	
357,695	-59,19	
357,951	-52,17	
358,206	77,6	
358,462	26,74	
358,718	-60,94	
358,973	81,11	
359,229	-6,58	
359,484	5,7	
359,74	-74,97	
359,996	-6,58	
360,251	-20,61	
360,507	-85,49	
360,762	37,27	
361,018	91,63	
361,273	-4,82	
361,529	-120,57	
361,784	146	
362,04	-101,28	
362,295	2,19	
362,55	-122,32	
362,806	-64,45	
363,061	40,77	
363,316	-115,31	
363,572	105,66	
363,827	-52,17	
364,082	124,95	
364,338	-11,84	
364,593	-111,8	
364,848	72,34	
365,104	-62,7	
365,359	-89	
365,614	-45,16	
365,869	93,39	
366,124	-20,61	
366,38	89,88	
366,635	137,23	
366,89	105,66	
367,145	35,51	
367,4	51,3	
367,655	100,4	
367,91	-160,9	
368,165	40,77	
368,42	75,85	
368,675	63,57	
368,93	10,96	
369,185	268,76	
369,44	12,71	
369,695	47,79	
369,95	19,73	
370,205	-62,7	
370,46	21,48	
370,715	89,88	
370,97	117,94	
371,225	219,65	
371,48	167,04	
371,734	12,71	
371,989	124,95	
372,244	-194,23	
372,499	95,14	
372,754	149,51	
373,008	-229,3	
373,263	12,71	
373,518	137,23	
373,773	-76,73	
374,027	-55,68	
374,282	-17,1	
374,537	96,89	
374,791	77,6	
375,046	9,21	
375,301	188,09	
375,555	119,69	
375,81	-74,97	
376,064	58,31	
376,319	17,98	
376,573	-25,87	
376,828	-190,72	
377,082	-94,26	
377,337	81,11	
377,591	-125,83	
377,846	-111,8	
378,1	75,85	
378,355	70,59	
378,609	200,36	
378,863	-106,54	
379,118	23,24	
379,372	-57,43	
379,627	128,46	
379,881	74,09	
380,135	135,48	
380,389	-59,19	
380,644	-187,21	
380,898	214,39	
381,152	-122,32	
381,407	-129,34	
381,661	28,5	
381,915	189,84	
382,169	46,04	
382,423	0,44	
382,677	-143,37	
382,932	44,28	
383,186	-25,87	
383,44	-83,74	
383,694	-43,4	
383,948	-3,07	
384,202	42,53	
384,456	95,14	
384,71	-15,35	
384,964	-22,36	
385,218	112,68	
385,472	79,36	
385,726	14,47	
385,98	51,3	
386,234	-145,12	
386,488	-103,03	
386,742	67,08	
386,996	163,53	
387,249	77,6	
387,503	161,78	
387,757	-45,16	
388,011	-94,26	
388,265	49,54	
388,518	2,19	
388,772	68,83	
389,026	28,5	
389,28	-55,68	
389,533	-32,88	
389,787	88,12	
390,041	47,79	
390,295	-197,73	
390,548	-81,99	
390,802	-90,76	
391,055	56,56	
391,309	114,43	
391,563	-141,61	
391,816	39,02	
392,07	68,83	
392,323	58,31	
392,577	95,14	
392,83	75,85	
393,084	-125,83	
393,337	-4,82	
393,591	119,69	
393,844	-136,35	
394,098	-60,94	
394,351	-36,39	
394,604	109,17	
394,858	-1,32	
395,111	28,5	
395,364	21,48	
395,618	23,24	
395,871	-27,62	
396,124	93,39	
396,378	149,51	
396,631	107,42	
396,884	361,71	
397,137	205,62	
397,391	105,66	
397,644	91,63	
397,897	267	
398,15	123,2	
398,403	95,14	
398,657	103,91	
398,91	114,43	
399,163	-152,14	
399,416	70,59	
399,669	-80,23	
399,922	-4,82	
400,175	-45,16	
400,428	133,72	
400,681	-145,12	
400,934	-69,71	
401,187	112,68	
401,44	-59,19	
401,693	-50,42	
401,946	102,15	
402,199	68,83	
402,452	79,36	
402,704	-31,13	
402,957	-8,33	
403,21	-6,58	
403,463	-106,54	
403,716	-125,83	
403,969	-27,62	
404,221	107,42	
404,474	170,55	
404,727	72,34	
404,98	128,46	
405,232	79,36	
405,485	39,02	
405,738	-20,61	
405,99	-238,07	
406,243	67,08	
406,496	-174,93	
406,748	32,01	
407,001	72,34	
407,253	58,31	
407,506	-20,61	
407,759	117,94	
408,011	-69,71	
408,264	102,15	
408,516	137,23	
408,769	68,83	
409,021	89,88	
409,274	58,31	
409,526	67,08	
409,778	0,44	
410,031	124,95	
410,283	209,13	
410,536	-10,08	
410,788	-24,11	
411,04	-11,84	
411,293	-71,46	
411,545	-22,36	
411,797	-115,31	
412,049	109,17	
412,302	140,74	
412,554	-74,97	
412,806	138,98	
413,058	70,59	
413,311	175,81	
413,563	26,74	
413,815	126,71	
414,067	153,01	
414,319	198,61	
414,571	-71,46	
414,823	-18,85	
415,075	110,92	
415,328	-18,85	
415,58	-20,61	
415,832	5,7	
416,084	210,89	
416,336	146	
416,588	28,5	
416,84	-29,37	
417,091	146	
417,343	58,31	
417,595	26,74	
417,847	-32,88	
418,099	121,45	
418,351	33,76	
418,603	-101,28	
418,855	-36,39	
419,106	53,05	
419,358	200,36	
419,61	-74,97	
419,862	140,74	
420,114	-32,88	
420,365	154,77	
420,617	77,6	
420,869	231,93	
421,12	-99,52	
421,372	158,27	
421,624	209,13	
421,875	163,53	
422,127	177,56	
422,379	86,37	
422,63	67,08	
422,882	75,85	
423,133	81,11	
423,385	42,53	
423,636	102,15	
423,888	67,08	
424,139	247,71	
424,391	133,72	
424,642	-162,66	
424,894	88,12	
425,145	49,54	
425,396	35,51	
425,648	121,45	
425,899	-8,33	
426,151	158,27	
426,402	75,85	
426,653	-96,02	
426,905	91,63	
427,156	177,56	
427,407	-6,58	
427,658	317,86	
427,91	126,71	
428,161	-53,93	
428,412	84,62	
428,663	128,46	
428,914	-6,58	
429,166	19,73	
429,417	410,81	
429,668	33,76	
429,919	161,78	
430,17	110,92	
430,421	93,39	
430,672	-17,1	
430,923	-124,08	
431,174	30,25	
431,425	93,39	
431,676	-48,67	
431,927	112,68	
432,178	217,9	
432,429	105,66	
432,68	231,93	
432,931	138,98	
433,182	146	
433,433	75,85	
433,683	-106,54	
433,934	54,8	
434,185	117,94	
434,436	181,07	
434,687	128,46	
434,937	107,42	
435,188	163,53	
435,439	212,64	
435,69	146	
435,94	245,96	
436,191	182,83	
436,442	105,66	
436,692	291,56	
436,943	268,76	
437,194	195,1	
437,444	223,16	
437,695	293,31	
437,945	88,12	
438,196	179,32	
438,447	254,73	
438,697	93,39	
438,948	58,31	
439,198	123,2	
439,449	193,35	
439,699	186,33	
439,949	319,62	
440,2	119,69	
440,45	105,66	
440,701	175,81	
440,951	24,99	
441,201	323,12	
441,452	307,34	
441,702	160,03	
441,952	135,48	
442,203	252,98	
442,453	174,06	
442,703	205,62	
442,953	26,74	
443,204	119,69	
443,454	335,4	
443,704	300,33	
443,954	196,86	
444,204	409,06	
444,455	205,62	
444,705	352,94	
444,955	317,86	
445,205	184,58	
445,455	347,68	
445,705	442,38	
445,955	337,15	
446,205	281,03	
446,455	330,14	
446,705	389,77	
446,955	402,04	
447,205	174,06	
447,455	321,37	
447,705	268,76	
447,955	333,65	
448,205	438,87	
448,454	556,37	
448,704	296,82	
448,954	463,42	
449,204	368,72	
449,454	466,93	
449,704	323,12	
449,953	358,2	
450,203	454,65	
450,453	487,97	
450,703	368,72	
450,952	444,13	
451,202	594,95	
451,452	426,59	
451,701	379,24	
451,951	586,18	
452,201	421,33	
452,45	742,26	
452,7	500,25	
452,949	517,79	
453,199	614,24	
453,448	447,64	
453,698	566,89	
453,947	558,12	
454,197	388,01	
454,446	673,87	
454,696	507,27	
454,945	591,44	
455,195	558,12	
455,444	715,96	
455,693	798,38	
455,943	652,82	
456,192	624,77	
456,442	631,78	
456,691	742,26	
456,94	349,43	
457,189	742,26	
457,439	573,91	
457,688	472,19	
457,937	528,31	
458,186	493,24	
458,436	703,68	
458,685	594,95	
458,934	603,72	
459,183	459,91	
459,432	810,66	
459,681	589,69	
459,93	626,52	
460,179	654,58	
460,429	656,33	
460,678	484,47	
460,927	538,83	
461,176	617,75	
461,425	603,72	
461,674	551,11	
461,923	458,16	
462,172	535,32	
462,42	507,27	
462,669	402,04	
462,918	466,93	
463,167	744,02	
463,416	652,82	
463,665	582,68	
463,914	494,99	
464,162	435,36	
464,411	679,13	
464,66	535,32	
464,909	496,74	
465,158	509,02	
465,406	514,28	
465,655	465,18	
465,904	470,44	
466,152	454,65	
466,401	603,72	
466,65	337,15	
466,898	375,74	
467,147	433,61	
467,395	531,82	
467,644	644,06	
467,893	437,12	
468,141	530,06	
468,39	521,3	
468,638	356,44	
468,887	503,76	
469,135	561,63	
469,384	638,79	
469,632	565,14	
469,88	535,32	
470,129	465,18	
470,377	507,27	
470,626	307,34	
470,874	354,69	
471,122	624,77	
471,371	568,65	
471,619	372,23	
471,867	363,46	
472,115	410,81	
472,364	335,4	
472,612	381	
472,86	373,98	
473,108	510,77	
473,356	491,48	
473,605	314,36	
473,853	491,48	
474,101	274,02	
474,349	630,03	
474,597	538,83	
474,845	465,18	
475,093	377,49	
475,341	377,49	
475,589	672,12	
475,837	556,37	
476,085	456,41	
476,333	535,32	
476,581	335,4	
476,829	591,44	
477,077	428,35	
477,325	366,97	
477,573	309,09	
477,821	416,07	
478,069	372,23	
478,317	423,09	
478,564	347,68	
478,812	440,62	
479,06	316,11	
479,308	366,97	
479,555	396,78	
479,803	607,23	
480,051	247,71	
480,299	440,62	
480,546	326,63	
480,794	621,26	
481,042	428,35	
481,289	428,35	
481,537	388,01	
481,784	414,32	
482,032	582,68	
482,28	700,18	
482,527	300,33	
482,775	330,14	
483,022	363,46	
483,27	623,01	
483,517	454,65	
483,765	454,65	
484,012	535,32	
484,259	472,19	
484,507	293,31	
484,754	514,28	
485,002	426,59	
485,249	463,42	
485,496	368,72	
485,744	559,88	
485,991	530,06	
486,238	324,88	
486,486	493,24	
486,733	519,54	
486,98	619,5	
487,227	726,48	
487,474	530,06	
487,722	351,18	
487,969	366,97	
488,216	523,05	
488,463	628,27	
488,71	445,88	
488,957	430,1	
489,204	719,47	
489,451	498,5	
489,699	631,78	
489,946	600,21	
490,193	656,33	
490,44	568,65	
490,687	682,64	
490,934	626,52	
491,18	677,38	
491,427	800,14	
491,674	458,16	
491,921	512,53	
492,168	533,57	
492,415	607,23	
492,662	472,19	
492,909	596,71	
493,155	489,73	
493,402	654,58	
493,649	487,97	
493,896	477,45	
494,142	612,49	
494,389	647,56	
494,636	593,2	
494,883	540,59	
495,129	833,46	
495,376	726,48	
495,623	582,68	
495,869	628,27	
496,116	626,52	
496,362	724,73	
496,609	758,05	
496,855	770,32	
497,102	480,96	
497,348	547,6	
497,595	782,6	
497,841	528,31	
498,088	630,03	
498,334	754,54	
498,581	608,98	
498,827	670,36	
499,074	849,24	
499,32	724,73	
499,566	775,59	
499,813	752,79	
500,059	800,14	
500,305	882,56	
500,552	1080,73	
500,798	698,42	
501,044	740,51	
501,29	777,34	
501,537	872,04	
501,783	601,97	
502,029	765,06	
502,275	617,75	
502,521	780,85	
502,767	986,03	
503,013	931,67	
503,26	956,22	
503,506	794,88	
503,752	719,47	
503,998	870,29	
504,244	819,43	
504,49	898,35	
504,736	947,45	
504,982	747,53	
505,228	728,23	
505,474	917,64	
505,72	1043,91	
505,966	637,04	
506,211	744,02	
506,457	910,62	
506,703	1180,7	
506,949	682,64	
507,195	651,07	
507,441	1061,44	
507,686	847,49	
507,932	996,55	
508,178	954,47	
508,424	970,25	
508,669	831,7	
508,915	928,16	
509,161	1149,13	
509,406	959,73	
509,652	870,29	
509,898	989,54	
510,143	852,75	
510,389	917,64	
510,634	836,97	
510,88	977,26	
511,125	644,06	
511,371	1035,14	
511,616	991,29	
511,862	1084,24	
512,107	800,14	
512,353	903,61	
512,598	810,66	
512,844	1098,27	
513,089	1066,7	
513,335	1054,43	
513,58	1043,91	
513,825	821,18	
514,071	905,36	
514,316	868,53	
514,561	1003,57	
514,806	1043,91	
515,052	1078,98	
515,297	991,29	
515,542	987,79	
515,787	879,06	
516,033	1086	
516,278	1019,35	
516,523	936,93	
516,768	991,29	
517,013	1007,08	
517,258	903,61	
517,503	1108,79	
517,748	835,21	
517,993	950,96	
518,238	1038,64	
518,483	970,25	
518,728	1033,38	
518,973	1001,82	
519,218	979,02	
519,463	1240,32	
519,708	1014,09	
519,953	979,02	
520,198	914,13	
520,443	972	
520,688	945,7	
520,933	1091,26	
521,177	1038,64	
521,422	1017,6	
521,667	968,5	
521,912	935,17	
522,157	1087,75	
522,401	1089,5	
522,646	1029,88	
522,891	1050,92	
523,135	1073,72	
523,38	903,61	
523,625	1098,27	
523,869	1163,16	
524,114	1124,58	
524,358	1257,86	
524,603	1103,53	
524,848	1003,57	
525,092	994,8	
525,337	1140,36	
525,581	1108,79	
525,826	936,93	
526,07	1212,26	
526,315	1096,52	
526,559	1228,05	
526,803	1250,85	
527,048	1185,96	
527,292	1036,89	
527,537	1203,49	
527,781	1198,23	
528,025	1031,63	
528,269	1117,56	
528,514	1015,85	
528,758	1154,39	
529,002	1100,02	
529,247	1187,71	
529,491	1389,39	
529,735	1208,76	
529,979	1115,81	
530,223	973,76	
530,467	1010,58	
530,712	1278,9	
530,956	1056,18	
531,2	1100,02	
531,444	1212,26	
531,688	1043,91	
531,932	1326,26	
532,176	1122,82	
532,42	1149,13	
532,664	1110,55	
532,908	1398,16	
533,152	991,29	
533,396	1377,11	
533,64	1342,04	
533,884	1098,27	
534,128	1073,72	
534,371	1150,88	
534,615	1164,91	
534,859	1199,99	
535,103	1171,93	
535,347	1296,44	
535,59	1110,55	
535,834	1184,2	
536,078	1170,17	
536,322	1247,34	
536,565	1068,46	
536,809	1228,05	
537,053	1205,25	
537,296	1194,73	
537,54	1110,55	
537,784	1049,17	
538,027	1289,43	
538,271	1464,8	
538,514	1129,84	
538,758	1147,38	
539,001	1203,49	
539,245	1166,67	
539,488	1198,23	
539,732	1338,53	
539,975	1178,94	
540,219	1329,76	
540,462	1273,64	
540,706	1306,96	
540,949	1163,16	
541,192	1285,92	
541,436	1210,51	
541,679	1228,05	
541,922	1031,63	
542,166	1166,67	
542,409	1175,44	
542,652	1007,08	
542,895	1226,29	
543,139	1086	
543,382	1326,26	
543,625	1291,18	
543,868	1480,58	
544,111	1205,25	
544,354	1268,38	
544,598	1275,4	
544,841	1247,34	
545,084	1464,8	
545,327	1429,73	
545,57	1184,2	
545,813	1247,34	
546,056	1163,16	
546,299	1247,34	
546,542	1257,86	
546,785	1292,93	
547,028	1559,5	
547,271	1296,44	
547,514	1264,88	
547,756	1291,18	
547,999	1284,17	
548,242	1312,23	
548,485	1380,62	
548,728	1382,37	
548,971	1180,7	
549,213	1363,08	
549,456	1264,88	
549,699	1328,01	
549,942	1243,83	
550,184	1413,94	
550,427	1519,17	
550,67	1336,78	
550,912	1280,66	
551,155	1343,79	
551,398	1294,69	
551,64	1378,87	
551,883	1438,49	
552,125	1263,12	
552,368	1305,21	
552,61	1136,85	
552,853	1519,17	
553,095	1310,47	
553,338	1398,16	
553,58	1331,52	
553,823	1208,76	
554,065	1329,76	
554,308	1345,55	
554,55	1235,06	
554,792	1464,8	
555,035	1357,82	
555,277	1420,96	
555,519	1475,32	
555,762	1194,73	
556,004	1391,14	
556,246	1280,66	
556,488	1385,88	
556,731	1350,81	
556,973	1322,75	
557,215	1431,48	
557,457	1207	
557,699	1438,49	
557,941	1308,72	
558,183	1403,42	
558,426	1236,82	
558,668	1331,52	
558,91	1247,34	
559,152	1480,58	
559,394	1377,11	
559,636	1357,82	
559,878	1233,31	
560,12	1422,71	
560,362	1373,61	
560,604	1494,61	
560,845	1347,3	
561,087	1419,2	
561,329	1475,32	
561,571	1264,88	
561,813	1447,26	
562,055	1650,69	
562,297	1371,85	
562,538	1410,43	
562,78	1536,7	
563,022	1515,66	
563,264	1606,85	
563,505	1568,27	
563,747	1401,67	
563,989	1520,92	
564,23	1440,25	
564,472	1555,99	
564,714	1361,33	
564,955	1506,89	
565,197	1447,26	
565,438	1431,48	
565,68	1331,52	
565,921	1496,37	
566,163	1510,4	
566,404	1536,7	
566,646	1359,58	
566,887	1605,1	
567,129	1561,25	
567,37	1385,88	
567,612	1559,5	
567,853	1471,81	
568,094	1485,84	
568,336	1761,18	
568,577	1694,54	
568,818	1592,82	
569,06	1643,68	
569,301	1903,23	
569,542	1678,75	
569,783	1743,64	
570,025	1720,84	
570,266	1782,22	
570,507	1775,21	
570,748	1827,82	
570,989	1771,7	
571,23	1638,42	
571,472	1724,35	
571,713	1847,11	
571,954	1733,12	
572,195	1768,19	
572,436	1866,4	
572,677	1499,87	
572,918	1620,88	
573,159	1689,28	
573,4	1689,28	
573,641	1570,02	
573,882	1829,58	
574,123	1622,64	
574,364	1738,38	
574,604	1741,89	
574,845	1654,2	
575,086	1692,78	
575,327	1638,42	
575,568	1738,38	
575,809	1677	
576,049	1966,37	
576,29	1810,28	
576,531	1775,21	
576,771	1710,32	
577,012	1615,62	
577,253	1733,12	
577,494	1657,71	
577,734	1745,4	
577,975	1517,41	
578,215	1940,06	
578,456	1573,53	
578,697	1897,97	
578,937	1748,9	
579,178	1827,82	
579,418	1719,09	
579,659	1638,42	
579,899	1634,91	
580,14	2034,76	
580,38	1838,34	
580,62	1847,11	
580,861	1799,76	
581,101	1766,44	
581,342	1966,37	
581,582	1776,96	
581,822	1701,55	
582,063	1677	
582,303	1829,58	
582,543	1975,13	
582,783	1627,9	
583,024	1684,02	
583,264	1710,32	
583,504	1664,72	
583,744	1817,3	
583,984	1910,25	
584,224	1875,17	
584,465	2015,47	
584,705	1768,19	
584,945	1917,26	
585,185	1473,57	
585,425	1890,96	
585,665	1922,52	
585,905	1801,52	
586,145	1908,49	
586,385	1959,35	
586,625	2059,31	
586,865	1896,22	
587,105	1696,29	
587,345	1969,87	
587,585	1873,42	
587,824	1968,12	
588,064	1792,75	
588,304	2015,47	
588,544	1941,81	
588,784	1990,92	
589,024	1954,09	
589,263	1768,19	
589,503	1785,73	
589,743	1927,78	
589,982	1808,53	
590,222	2024,24	
590,462	1815,55	
590,701	1880,43	
590,941	1864,65	
591,181	1994,43	
591,42	1936,55	
591,66	2047,04	
591,899	1913,75	
592,139	1990,92	
592,378	1859,39	
592,618	1864,65	
592,857	1829,58	
593,097	1864,65	
593,336	2068,08	
593,576	1885,69	
593,815	2131,22	
594,055	1920,77	
594,294	1917,26	
594,533	2071,59	
594,773	1920,77	
595,012	1948,83	
595,251	2176,81	
595,491	2199,61	
595,73	2171,55	
595,969	1952,34	
596,208	1948,83	
596,447	2111,92	
596,687	2101,4	
596,926	1982,15	
597,165	2013,72	
597,404	2092,63	
597,643	2141,74	
597,882	2073,34	
598,121	1933,04	
598,36	2029,5	
598,599	2143,49	
598,838	2003,19	
599,077	2325,88	
599,316	2283,79	
599,555	2147	
599,794	2069,84	
600,033	2248,72	
600,272	2097,9	
600,511	2108,42	
600,75	2033,01	
600,989	2145,25	
601,228	2115,43	
601,466	2075,1	
601,705	2111,92	
601,944	2282,04	
602,183	2054,05	
602,422	2052,3	
602,66	2155,77	
602,899	2260,99	
603,138	2111,92	
603,376	2211,89	
603,615	2283,79	
603,854	2115,43	
604,092	2024,24	
604,331	2120,69	
604,569	2157,52	
604,808	2055,81	
605,047	2027,75	
605,285	2164,54	
605,524	2094,39	
605,762	2231,18	
606	2187,34	
606,239	2036,51	
606,477	2178,57	
606,716	2234,69	
606,954	2120,69	
607,193	1980,4	
607,431	2101,4	
607,669	2013,72	
607,908	2199,61	
608,146	1929,54	
608,384	2048,79	
608,622	2031,25	
608,861	1938,31	
609,099	1985,66	
609,337	1868,16	
609,575	2169,8	
609,813	2045,28	
610,052	1992,67	
610,29	1815,55	
610,528	1919,02	
610,766	1936,55	
611,004	1771,7	
611,242	1955,84	
611,48	1734,87	
611,718	2104,91	
611,956	1899,72	
612,194	1827,82	
612,432	1854,13	
612,67	1820,81	
612,908	1815,55	
613,146	1903,23	
613,384	1852,37	
613,621	1904,99	
613,859	1631,4	
614,097	1864,65	
614,335	1764,69	
614,573	1840,1	
614,811	1897,97	
615,048	1831,33	
615,286	1745,4	
615,524	1852,37	
615,761	1708,57	
615,999	1806,78	
616,237	1759,43	
616,474	1948,83	
616,712	1759,43	
616,95	1887,45	
617,187	1715,58	
617,425	1741,89	
617,662	1710,32	
617,9	1759,43	
618,137	1696,29	
618,375	1792,75	
618,612	1648,94	
618,85	1710,32	
619,087	1783,98	
619,325	1524,43	
619,562	1708,57	
619,799	1783,98	
620,037	1787,49	
620,274	1733,12	
620,511	1557,75	
620,749	1684,02	
620,986	1733,12	
621,223	1696,29	
621,461	1566,52	
621,698	1633,16	
621,935	1492,86	
622,172	1524,43	
622,409	1724,35	
622,647	1922,52	
622,884	1510,4	
623,121	1513,9	
623,358	1578,79	
623,595	1506,89	
623,832	1503,38	
624,069	1680,51	
624,306	1587,56	
624,543	1548,98	
624,78	1492,86	
625,017	1526,18	
625,254	1719,09	
625,491	1543,72	
625,728	1443,76	
625,965	1713,83	
626,202	1533,2	
626,438	1503,38	
626,675	1563,01	
626,912	1335,02	
627,149	1442	
627,386	1603,34	
627,622	1463,05	
627,859	1594,58	
628,096	1645,43	
628,333	1505,14	
628,569	1406,93	
628,806	1578,79	
629,043	1473,57	
629,279	1466,55	
629,516	1445,51	
629,752	1613,87	
629,989	1450,77	
630,225	1447,26	
630,462	1482,34	
630,699	1496,37	
630,935	1345,55	
631,171	1408,68	
631,408	1333,27	
631,644	1424,46	
631,881	1368,34	
632,117	1426,22	
632,354	1419,2	
632,59	1359,58	
632,826	1447,26	
633,063	1461,29	
633,299	1287,67	
633,535	1322,75	
633,771	1208,76	
634,008	1389,39	
634,244	1291,18	
634,48	1319,24	
634,716	1266,63	
634,953	1357,82	
635,189	1285,92	
635,425	1240,32	
635,661	1233,31	
635,897	1228,05	
636,133	1291,18	
636,369	1396,4	
636,605	1184,2	
636,841	1313,98	
637,077	1075,47	
637,313	1240,32	
637,549	1331,52	
637,785	1292,93	
638,021	1147,38	
638,257	1315,73	
638,493	1198,23	
638,729	1363,08	
638,965	1378,87	
639,2	1340,29	
639,436	1115,81	
639,672	1156,14	
639,908	1199,99	
640,144	996,55	
640,379	1289,43	
640,615	1240,32	
640,851	1135,1	
641,086	1100,02	
641,322	1103,53	
641,558	1145,62	
641,793	1054,43	
642,029	1268,38	
642,264	1086	
642,5	1259,61	
642,736	1277,15	
642,971	1049,17	
643,207	1086	
643,442	1050,92	
643,678	1459,54	
643,913	1271,89	
644,148	1084,24	
644,384	1131,59	
644,619	1100,02	
644,855	980,77	
645,09	1112,3	
645,325	1070,21	
645,561	929,91	
645,796	914,13	
646,031	998,31	
646,266	894,84	
646,502	1214,02	
646,737	870,29	
646,972	891,33	
647,207	1017,6	
647,442	905,36	
647,678	991,29	
647,913	1201,74	
648,148	1001,82	
648,383	1043,91	
648,618	1082,49	
648,853	898,35	
649,088	947,45	
649,323	896,59	
649,558	1078,98	
649,793	1003,57	
650,028	1029,88	
650,263	1082,49	
650,498	966,74	
650,733	910,62	
650,968	1040,4	
651,202	900,1	
651,437	943,94	
651,672	1043,91	
651,907	889,58	
652,142	898,35	
652,376	1014,09	
652,611	1077,23	
652,846	1050,92	
653,081	875,55	
653,315	991,29	
653,55	814,17	
653,785	859,76	
654,019	851	
654,254	675,62	
654,488	842,23	
654,723	900,1	
654,958	677,38	
655,192	705,44	
655,427	715,96	
655,661	907,11	
655,896	873,79	
656,13	929,91	
656,364	954,47	
656,599	707,19	
656,833	772,08	
657,068	842,23	
657,302	849,24	
657,536	924,65	
657,771	798,38	
658,005	879,06	
658,239	587,94	
658,474	647,56	
658,708	710,7	
658,942	665,1	
659,176	887,82	
659,41	847,49	
659,645	933,42	
659,879	698,42	
660,113	612,49	
660,347	940,44	
660,581	910,62	
660,815	626,52	
661,049	509,02	
661,283	891,33	
661,517	608,98	
661,751	777,34	
661,985	596,71	
662,219	656,33	
662,453	654,58	
662,687	556,37	
662,921	556,37	
663,155	756,29	
663,389	712,45	
663,622	624,77	
663,856	516,03	
664,09	600,21	
664,324	661,59	
664,558	568,65	
664,791	661,59	
665,025	417,83	
665,259	596,71	
665,492	452,9	
665,726	665,1	
665,96	424,84	
666,193	603,72	
666,427	500,25	
666,661	659,84	
666,894	454,65	
667,128	375,74	
667,361	672,12	
667,595	596,71	
667,828	756,29	
668,062	640,55	
668,295	365,21	
668,529	696,67	
668,762	580,92	
668,995	545,85	
669,229	698,42	
669,462	503,76	
669,695	477,45	
669,929	521,3	
670,162	395,03	
670,395	487,97	
670,629	423,09	
670,862	594,95	
671,095	351,18	
671,328	393,27	
671,561	407,3	
671,795	582,68	
672,028	528,31	
672,261	338,91	
672,494	395,03	
672,727	647,56	
672,96	468,68	
673,193	505,51	
673,426	438,87	
673,659	407,3	
673,892	512,53	
674,125	359,95	
674,358	500,25	
674,591	291,56	
674,824	521,3	
675,057	338,91	
675,29	582,68	
675,523	372,23	
675,755	516,03	
675,988	533,57	
676,221	400,29	
676,454	601,97	
676,687	310,85	
676,919	607,23	
677,152	433,61	
677,385	307,34	
677,617	370,47	
677,85	480,96	
678,083	435,36	
678,315	293,31	
678,548	268,76	
678,78	219,65	
679,013	417,83	
679,246	296,82	
679,478	307,34	
679,711	526,56	
679,943	354,69	
680,175	417,83	
680,408	372,23	
680,64	321,37	
680,873	444,13	
681,105	509,02	
681,338	424,84	
681,57	391,52	
681,802	398,53	
682,034	323,12	
682,267	228,42	
682,499	470,44	
682,731	342,42	
682,964	580,92	
683,196	268,76	
683,428	410,81	
683,66	282,79	
683,892	566,89	
684,124	265,25	
684,356	424,84	
684,589	365,21	
684,821	477,45	
685,053	205,62	
685,285	363,46	
685,517	151,26	
685,749	433,61	
685,981	324,88	
686,213	168,8	
686,445	286,3	
686,676	140,74	
686,908	237,19	
687,14	231,93	
687,372	601,97	
687,604	402,04	
687,836	521,3	
688,068	293,31	
688,299	237,19	
688,531	349,43	
688,763	288,05	
688,995	379,24	
689,226	167,04	
689,458	275,77	
689,69	444,13	
689,921	233,68	
690,153	254,73	
690,384	303,83	
690,616	259,99	
690,848	281,03	
691,079	210,89	
691,311	252,98	
691,542	340,66	
691,774	174,06	
692,005	296,82	
692,237	514,28	
692,468	163,53	
692,699	344,17	
692,931	160,03	
693,162	193,35	
693,393	154,77	
693,625	140,74	
693,856	233,68	
694,087	177,56	
694,319	151,26	
694,55	328,39	
694,781	146	
695,012	196,86	
695,243	95,14	
695,475	375,74	
695,706	461,67	
695,937	167,04	
696,168	286,3	
696,399	242,45	
696,63	0,44	
696,861	261,74	
697,092	117,94	
697,323	261,74	
697,554	217,9	
697,785	300,33	
698,016	245,96	
698,247	191,59	
698,478	158,27	
698,709	51,3	
698,94	177,56	
699,171	174,06	
699,401	245,96	
699,632	70,59	
699,863	217,9	
700,094	168,8	
700,325	138,98	
700,555	405,55	
700,786	268,76	
701,017	160,03	
701,247	202,12	
701,478	314,36	
701,709	86,37	
701,939	140,74	
702,17	272,27	
702,401	258,24	
702,631	314,36	
702,862	137,23	
703,092	258,24	
703,323	61,82	
703,553	188,09	
703,784	279,28	
704,014	375,74	
704,244	195,1	
704,475	265,25	
704,705	124,95	
704,936	268,76	
705,166	263,5	
705,396	37,27	
705,627	303,83	
705,857	216,15	
706,087	109,17	
706,317	67,08	
706,548	140,74	
706,778	210,89	
707,008	205,62	
707,238	144,24	
707,468	175,81	
707,698	100,4	
707,928	195,1	
708,158	130,21	
708,389	151,26	
708,619	131,97	
708,849	263,5	
709,079	174,06	
709,309	179,32	
709,539	172,3	
709,768	131,97	
709,998	-97,77	
710,228	160,03	
710,458	126,71	
710,688	116,18	
710,918	5,7	
711,148	51,3	
711,378	37,27	
711,607	135,48	
711,837	119,69	
712,067	128,46	
712,297	126,71	
712,526	88,12	
712,756	46,04	
712,986	26,74	
713,215	77,6	
713,445	219,65	
713,674	102,15	
713,904	88,12	
714,134	-85,49	
714,363	82,86	
714,593	-17,1	
714,822	46,04	
715,052	49,54	
715,281	181,07	
715,511	93,39	
715,74	161,78	
715,969	179,32	
716,199	244,21	
716,428	-67,96	
716,657	-55,68	
716,887	202,12	
717,116	81,11	
717,345	138,98	
717,575	231,93	
717,804	65,33	
718,033	37,27	
718,262	49,54	
718,492	44,28	
718,721	223,16	
718,95	-20,61	
719,179	14,47	
719,408	-36,39	
719,637	39,02	
719,866	75,85	
720,095	30,25	
720,324	251,22	
720,553	-60,94	
720,782	179,32	
721,011	110,92	
721,24	63,57	
721,469	-1,32	
721,698	-90,76	
721,927	39,02	
722,156	170,55	
722,385	135,48	
722,613	-110,05	
722,842	170,55	
723,071	-76,73	
723,3	-10,08	
723,529	165,29	
723,757	-69,71	
723,986	-129,34	
724,215	-15,35	
724,443	17,98	
724,672	0,44	
724,901	16,22	
725,129	-13,59	
725,358	-15,35	
725,586	-104,79	
725,815	114,43	
726,043	221,41	
726,272	96,89	
726,5	153,01	
726,729	9,21	
726,957	7,45	
727,186	21,48	
727,414	-15,35	
727,642	-53,93	
727,871	256,48	
728,099	195,1	
728,327	51,3	
728,556	121,45	
728,784	102,15	
729,012	-80,23	
729,241	61,82	
729,469	14,47	
729,697	-90,76	
729,925	49,54	
730,153	28,5	
730,381	-180,2	
730,61	26,74	
730,838	26,74	
731,066	33,76	
731,294	2,19	
731,522	-6,58	
731,75	58,31	
731,978	226,67	
732,206	58,31	
732,434	-139,86	
732,662	19,73	
732,89	70,59	
733,118	-115,31	
733,346	32,01	
733,573	58,31	
733,801	138,98	
734,029	100,4	
734,257	-181,95	
734,485	70,59	
734,712	0,44	
734,94	-25,87	
735,168	-66,2	
735,396	68,83	
735,623	58,31	
735,851	44,28	
736,078	7,45	
736,306	-111,8	
736,534	-81,99	
736,761	-69,71	
736,989	123,2	
737,216	-8,33	
737,444	342,42	
737,671	-6,58	
737,899	265,25	
738,126	84,62	
738,354	-50,42	
738,581	160,03	
738,809	19,73	
739,036	23,24	
739,263	89,88	
739,491	58,31	
739,718	153,01	
739,945	-1,32	
740,173	28,5	
740,4	-81,99	
740,627	39,02	
740,854	-74,97	
741,081	65,33	
741,309	272,27	
741,536	10,96	
741,763	-59,19	
741,99	42,53	
742,217	-55,68	
742,444	-67,96	
742,671	35,51	
742,898	-66,2	
743,125	-32,88	
743,352	352,94	
743,579	53,05	
743,806	-145,12	
744,033	-6,58	
744,26	-59,19	
744,487	77,6	
744,714	-90,76	
744,941	-10,08	
745,167	-50,42	
745,394	21,48	
745,621	209,13	
745,848	-50,42	
746,075	172,3	
746,301	89,88	
746,528	-173,18	
746,755	-74,97	
746,981	-81,99	
747,208	21,48	
747,435	198,61	
747,661	102,15	
747,888	-125,83	
748,114	88,12	
748,341	124,95	
748,567	172,3	
748,794	-73,22	
749,02	-64,45	
749,247	17,98	
749,473	12,71	
749,7	319,62	
749,926	165,29	
750,152	-173,18	
750,379	186,33	
750,605	146	
750,831	116,18	
751,058	7,45	
751,284	130,21	
751,51	-146,87	
751,737	100,4	
751,963	56,56	
752,189	-183,7	
752,415	-45,16	
752,641	-67,96	
752,867	-10,08	
753,094	93,39	
753,32	54,8	
753,546	168,8	
753,772	-73,22	
753,998	67,08	
754,224	-143,37	
754,45	19,73	
754,676	-43,4	
754,902	116,18	
755,128	63,57	
755,354	3,95	
755,579	146	
755,805	-96,02	
756,031	-27,62	
756,257	-85,49	
756,483	-76,73	
756,709	103,91	
756,934	77,6	
757,16	30,25	
757,386	23,24	
757,612	96,89	
757,837	33,76	
758,063	-25,87	
758,289	14,47	
758,514	-27,62	
758,74	-32,88	
758,965	89,88	
759,191	49,54	
759,416	-127,58	
759,642	-57,43	
759,868	-157,4	
760,093	-110,05	
760,318	26,74	
760,544	-43,4	
760,769	-71,46	
760,995	-118,81	
761,22	-185,46	
761,445	216,15	
761,671	177,56	
761,896	2,19	
762,121	-43,4	
762,347	-97,77	
762,572	156,52	
762,797	21,48	
763,022	109,17	
763,248	-32,88	
763,473	23,24	
763,698	-3,07	
763,923	37,27	
764,148	-73,22	
764,373	77,6	
764,598	102,15	
764,823	126,71	
765,048	0,44	
765,273	242,45	
765,498	-71,46	
765,723	-48,67	
765,948	-4,82	
766,173	-22,36	
766,398	-80,23	
766,623	251,22	
766,848	-39,9	
767,073	-108,29	
767,298	-29,37	
767,522	-115,31	
767,747	-60,94	
767,972	-6,58	
768,197	81,11	
768,421	-64,45	
768,646	-66,2	
768,871	-80,23	
769,095	-53,93	
769,32	-69,71	
769,545	121,45	
769,769	-20,61	
769,994	-164,41	
770,218	-38,14	
770,443	-39,9	
770,667	-73,22	
770,892	16,22	
771,116	24,99	
771,341	84,62	
771,565	98,65	
771,79	-48,67	
772,014	-157,4	
772,238	-31,13	
772,463	-18,85	
772,687	37,27	
772,911	-67,96	
773,136	102,15	
773,36	0,44	
773,584	-34,64	
773,808	67,08	
774,033	-6,58	
774,257	-34,64	
774,481	-131,09	
774,705	-1,32	
774,929	-13,59	
775,153	-4,82	
775,377	26,74	
775,602	-129,34	
775,826	58,31	
776,05	-18,85	
776,274	-139,86	
776,498	-36,39	
776,722	119,69	
776,945	28,5	
777,169	-118,81	
777,393	5,7	
777,617	37,27	
777,841	-53,93	
778,065	-138,11	
778,289	40,77	
778,512	75,85	
778,736	88,12	
778,96	-115,31	
779,184	67,08	
779,407	142,49	
779,631	9,21	
779,855	-3,07	
780,078	53,05	
780,302	-17,1	
780,526	70,59	
780,749	-31,13	
780,973	-6,58	
781,196	140,74	
781,42	49,54	
781,643	-1,32	
781,867	10,96	
782,09	44,28	
782,314	-131,09	
782,537	103,91	
782,76	-43,4	
782,984	7,45	
783,207	-195,98	
783,431	21,48	
783,654	-53,93	
783,877	-99,52	
784,1	-141,61	
784,324	93,39	
784,547	-11,84	
784,77	-122,32	
784,993	-81,99	
785,216	177,56	
785,44	-111,8	
785,663	10,96	
785,886	-6,58	
786,109	24,99	
786,332	252,98	
786,555	-39,9	
786,778	-6,58	
787,001	-64,45	
787,224	-181,95	
787,447	-78,48	
787,67	-146,87	
787,893	-155,64	
788,116	-138,11	
788,339	-32,88	
788,561	-64,45	
788,784	-11,84	
789,007	-53,93	
789,23	151,26	
789,453	-20,61	
789,675	-29,37	
789,898	116,18	
790,121	-24,11	
790,344	77,6	
790,566	100,4	
790,789	-1,32	
791,012	0,44	
791,234	49,54	
791,457	82,86	
791,679	-27,62	
791,902	-18,85	
792,124	-29,37	
792,347	-103,03	
792,569	-74,97	
792,792	-138,11	
793,014	-62,7	
793,237	26,74	
793,459	-80,23	
793,681	-31,13	
793,904	-10,08	
794,126	-134,6	
794,348	-85,49	
794,571	49,54	
794,793	214,39	
795,015	-104,79	
795,237	-103,03	
795,46	-74,97	
795,682	-155,64	
795,904	39,02	
796,126	-120,57	
796,348	221,41	
796,57	24,99	
796,792	124,95	
797,014	-31,13	
797,237	-78,48	
797,459	-31,13	
797,681	-69,71	
797,903	110,92	
798,124	-55,68	
798,346	93,39	
798,568	14,47	
798,79	26,74	
799,012	-57,43	
799,234	40,77	
799,456	-111,8	
799,678	-197,73	
799,899	170,55	
800,121	68,83	
800,343	86,37	
800,565	149,51	
800,786	128,46	
801,008	-20,61	
801,23	-120,57	
801,451	39,02	
801,673	943,94	
801,895	-17,1	
802,116	195,1	
802,338	5,7	
802,559	35,51	
802,781	17,98	
803,002	0,44	
803,224	-1,32	
803,445	-131,09	
803,667	30,25	
803,888	-13,59	
804,109	16,22	
804,331	86,37	
804,552	-3,07	
804,773	98,65	
804,995	-152,14	
805,216	21,48	
805,437	109,17	
805,658	28,5	
805,88	-85,49	
806,101	-90,76	
806,322	-46,91	
806,543	-13,59	
806,764	5,7	
806,985	110,92	
807,207	33,76	
807,428	126,71	
807,649	68,83	
807,87	-96,02	
808,091	23,24	
808,312	-96,02	
808,533	-29,37	
808,754	-74,97	
808,975	-52,17	
809,195	-108,29	
809,416	-6,58	
809,637	-50,42	
809,858	17,98	
810,079	-160,9	
810,3	35,51	
810,52	82,86	
810,741	16,22	
810,962	-167,92	
811,183	-43,4	
811,403	-53,93	
811,624	65,33	
811,845	175,81	
812,065	107,42	
812,286	-74,97	
812,506	200,36	
812,727	-62,7	
812,948	-113,55	
813,168	-90,76	
813,389	-139,86	
813,609	116,18	
813,83	23,24	
814,05	-92,51	
814,27	5,7	
814,491	153,01	
814,711	10,96	
814,931	-66,2	
815,152	-39,9	
815,372	33,76	
815,592	-1,32	
815,813	-3,07	
816,033	-80,23	
816,253	74,09	
816,473	82,86	
816,694	-74,97	
816,914	10,96	
817,134	-66,2	
817,354	-97,77	
817,574	103,91	
817,794	98,65	
818,014	-97,77	
818,234	-262,62	
818,454	96,89	
818,674	138,98	
818,894	100,4	
819,114	-162,66	
819,334	98,65	
819,554	12,71	
819,774	-155,64	
819,994	-27,62	
820,214	19,73	
820,433	75,85	
820,653	-4,82	
820,873	-43,4	
821,093	-36,39	
821,312	-64,45	
821,532	2,19	
821,752	-150,38	
821,972	-190,72	
822,191	-92,51	
822,411	124,95	
822,63	35,51	
822,85	123,2	
823,07	124,95	
823,289	-74,97	
823,509	-110,05	
823,728	9,21	
823,948	-87,25	
824,167	107,42	
824,387	-20,61	
824,606	-31,13	
824,825	39,02	
825,045	-24,11	
825,264	-59,19	
825,483	117,94	
825,703	-59,19	
825,922	-45,16	
826,141	56,56	
826,361	-118,81	
826,58	-169,67	
826,799	-108,29	
827,018	133,72	
827,237	-22,36	
827,456	-152,14	
827,676	-106,54	
827,895	32,01	
828,114	-134,6	
828,333	-25,87	
828,552	-118,81	
828,771	51,3	
828,99	17,98	
829,209	19,73	
829,428	-52,17	
829,647	-39,9	
829,866	-167,92	
830,084	-241,58	
830,303	-1,32	
830,522	102,15	
830,741	102,15	
830,96	23,24	
831,179	35,51	
831,397	-15,35	
831,616	-41,65	
831,835	-31,13	
832,053	74,09	
832,272	-46,91	
832,491	16,22	
832,709	103,91	
832,928	-6,58	
833,147	-41,65	
833,365	-76,73	
833,584	-83,74	
833,802	37,27	
834,021	-60,94	
834,239	-11,84	
834,458	-46,91	
834,676	-46,91	
834,894	-31,13	
835,113	-104,79	
835,331	49,54	
835,55	24,99	
835,768	35,51	
835,986	-83,74	
836,204	12,71	
836,423	19,73	
836,641	7,45	
836,859	124,95	
837,077	96,89	
837,296	79,36	
837,514	103,91	
837,732	19,73	
837,95	-204,75	
838,168	-67,96	
838,386	-115,31	
838,604	-78,48	
838,822	-29,37	
839,04	-1,32	
839,258	109,17	
839,476	-66,2	
839,694	23,24	
839,912	-141,61	
840,13	-78,48	
840,348	-38,14	
840,566	17,98	
840,783	-150,38	
841,001	-85,49	
841,219	-166,17	
841,437	221,41	
841,655	-108,29	
841,872	88,12	
842,09	-8,33	
842,308	-101,28	
842,525	81,11	
842,743	-6,58	
842,961	-41,65	
843,178	-120,57	
843,396	-17,1	
843,613	224,92	
843,831	-134,6	
844,048	146	
844,266	-22,36	
844,483	56,56	
844,701	-36,39	
844,918	-22,36	
845,136	-89	
845,353	-134,6	
845,57	68,83	
845,788	19,73	
846,005	128,46	
846,222	-136,35	
846,439	-92,51	
846,657	163,53	
846,874	-43,4	
847,091	3,95	
847,308	39,02	
847,526	-18,85	
847,743	-76,73	
847,96	-253,85	
848,177	119,69	
848,394	-94,26	
848,611	-31,13	
848,828	19,73	
849,045	205,62	
849,262	-96,02	
849,479	-66,2	
849,696	88,12	
849,913	-1,32	
850,13	-38,14	
850,347	46,04	
850,564	35,51	
850,78	-34,64	
850,997	-22,36	
851,214	-59,19	
851,431	-10,08	
851,647	-15,35	
851,864	-106,54	
852,081	-39,9	
852,298	-41,65	
852,514	35,51	
852,731	138,98	
852,948	-169,67	
853,164	-55,68	
853,381	-183,7	
853,597	51,3	
853,814	-81,99	
854,03	-117,06	
854,247	-225,79	
854,463	-4,82	
854,68	-153,89	
854,896	-59,19	
855,113	-108,29	
855,329	58,31	
855,545	-224,04	
855,762	-1,32	
855,978	14,47	
856,194	84,62	
856,411	179,32	
856,627	-36,39	
856,843	-89	
857,059	-117,06	
857,275	-201,24	
857,492	91,63	
857,708	-18,85	
857,924	-31,13	
858,14	-24,11	
858,356	-48,67	
858,572	-120,57	
858,788	-27,62	
859,004	-83,74	
859,22	-171,43	
859,436	19,73	
859,652	110,92	
859,868	23,24	
860,084	-36,39	
860,3	323,12	
860,516	-92,51	
860,731	-15,35	
860,947	123,2	
861,163	26,74	
861,379	114,43	
861,595	-141,61	
861,81	-138,11	
862,026	-55,68	
862,242	-43,4	
862,457	-59,19	
862,673	2,19	
862,889	-83,74	
863,104	-15,35	
863,32	-106,54	
863,535	-90,76	
863,751	-87,25	
863,966	-155,64	
864,182	-18,85	
864,397	107,42	
864,613	23,24	
864,828	53,05	
865,044	72,34	
865,259	-6,58	
865,474	46,04	
865,69	0,44	
865,905	-45,16	
866,12	-48,67	
866,336	61,82	
866,551	70,59	
866,766	5,7	
866,981	-59,19	
867,196	114,43	
867,412	19,73	
867,627	-89	
867,842	-106,54	
868,057	-13,59	
868,272	39,02	
868,487	96,89	
868,702	-59,19	
868,917	54,8	
869,132	72,34	
869,347	-139,86	
869,562	-103,03	
869,777	130,21	
869,992	-197,73	
870,207	-122,32	
870,422	-92,51	
870,636	-97,77	
870,851	-6,58	
871,066	51,3	
871,281	-13,59	
871,495	-39,9	
871,71	-64,45	
871,925	-141,61	
872,14	17,98	
872,354	72,34	
872,569	7,45	
872,783	-110,05	
872,998	58,31	
873,213	-94,26	
873,427	-90,76	
873,642	-99,52	
873,856	-48,67	
874,071	-13,59	
874,285	-97,77	
874,5	-25,87	
874,714	-180,2	
874,928	219,65	
875,143	-190,72	
875,357	-152,14	
875,571	-146,87	
875,786	-34,64	
876	24,99	
876,214	19,73	
876,429	-48,67	
876,643	37,27	
876,857	-39,9	
877,071	0,44	
877,285	-173,18	
877,499	-103,03	
877,714	-73,22	
877,928	-111,8	
878,142	-43,4	
878,356	-20,61	
878,57	-153,89	
878,784	-73,22	
878,998	121,45	
879,212	167,04	
879,426	-1,32	
879,639	-190,72	
879,853	14,47	
880,067	81,11	
880,281	-71,46	
880,495	-96,02	
880,709	-243,33	
880,922	58,31	
881,136	116,18	
881,35	-229,3	
881,564	-20,61	
881,777	-38,14	
881,991	-38,14	
882,205	-87,25	
882,418	105,66	
882,632	-92,51	
882,845	70,59	
883,059	-27,62	
883,273	24,99	
883,486	-113,55	
883,7	26,74	
883,913	65,33	
884,126	-22,36	
884,34	105,66	
884,553	30,25	
884,767	-106,54	
884,98	-157,4	
885,193	-57,43	
885,407	128,46	
885,62	77,6	
885,833	-39,9	
886,046	10,96	
886,26	-92,51	
886,473	81,11	
886,686	-53,93	
886,899	161,78	
887,112	-188,96	
887,326	-106,54	
887,539	-174,93	
887,752	-38,14	
887,965	117,94	
888,178	93,39	
888,391	-152,14	
888,604	-110,05	
888,817	-31,13	
889,03	58,31	
889,243	46,04	
889,455	-31,13	
889,668	-97,77	
889,881	7,45	
890,094	56,56	
890,307	35,51	
890,52	-111,8	
890,732	-46,91	
890,945	16,22	
891,158	-124,08	
891,37	-39,9	
891,583	-60,94	
891,796	7,45	
892,008	14,47	
892,221	88,12	
892,434	-97,77	
892,646	-136,35	
892,859	26,74	
893,071	170,55	
893,284	-118,81	
893,496	-25,87	
893,709	39,02	
893,921	-39,9	
894,133	-234,56	
894,346	-8,33	
894,558	-160,9	
894,771	7,45	
894,983	17,98	
895,195	-241,58	
895,407	-50,42	
895,62	-169,67	
895,832	-43,4	
896,044	-101,28	
896,256	53,05	
896,468	40,77	
896,681	-15,35	
896,893	-25,87	
897,105	17,98	
897,317	-62,7	
897,529	61,82	
897,741	-141,61	
897,953	28,5	
898,165	105,66	
898,377	-53,93	
898,589	110,92	
898,801	-39,9	
899,013	-36,39	
899,224	-8,33	
899,436	-104,79	
899,648	5,7	
899,86	21,48	
900,072	-53,93	
900,283	-1,32	
900,495	-113,55	
900,707	26,74	
900,919	-57,43	
901,13	-10,08	
901,342	-99,52	
901,554	-81,99	
901,765	-50,42	
901,977	-159,15	
902,188	-34,64	
902,4	153,01	
902,611	46,04	
902,823	9,21	
903,034	-69,71	
903,246	128,46	
903,457	75,85	
903,669	175,81	
903,88	-3,07	
904,091	-190,72	
904,303	53,05	
904,514	-159,15	
904,725	5,7	
904,936	-3,07	
905,148	-159,15	
905,359	-104,79	
905,57	-129,34	
905,781	-50,42	
905,992	-143,37	
906,204	-139,86	
906,415	-127,58	
906,626	-48,67	
906,837	-141,61	
907,048	-143,37	
907,259	-67,96	
907,47	54,8	
907,681	2,19	
907,892	58,31	
908,103	-6,58	
908,314	-10,08	
908,525	51,3	
908,735	-24,11	
908,946	-20,61	
909,157	-60,94	
909,368	60,07	
909,579	-31,13	
909,789	-45,16	
910	212,64	
910,211	-24,11	
910,421	-83,74	
910,632	-188,96	
910,843	-97,77	
911,053	151,26	
911,264	-139,86	
911,475	-110,05	
911,685	47,79	
911,896	12,71	
912,106	-178,44	
912,317	-39,9	
912,527	67,08	
912,737	9,21	
912,948	-243,33	
913,158	-136,35	
913,369	-48,67	
913,579	-153,89	
913,789	-17,1	
914	-206,5	
914,21	105,66	
914,42	254,73	
914,63	-96,02	
914,841	24,99	
915,051	-34,64	
915,261	5,7	
915,471	-83,74	
915,681	133,72	
915,891	-38,14	
916,101	33,76	
916,311	-8,33	
916,521	-39,9	
916,731	79,36	
916,941	-13,59	
917,151	82,86	
917,361	-67,96	
917,571	24,99	
917,781	-45,16	
917,991	-106,54	
918,201	146	
918,411	3,95	
918,621	140,74	
918,83	-59,19	
919,04	-11,84	
919,25	-131,09	
919,46	-139,86	
919,669	-57,43	
919,879	49,54	
920,089	70,59	
920,298	-101,28	
920,508	96,89	
920,717	-96,02	
920,927	121,45	
921,136	-271,39	
921,346	-76,73	
921,555	-96,02	
921,765	-55,68	
921,974	10,96	
922,184	-13,59	
922,393	195,1	
922,603	77,6	
922,812	-218,78	
923,021	53,05	
923,23	-18,85	
923,44	-85,49	
923,649	177,56	
923,858	75,85	
924,067	-34,64	
924,277	-69,71	
924,486	-176,69	
924,695	-73,22	
924,904	54,8	
925,113	-32,88	
925,322	-267,88	
925,531	-67,96	
925,74	-202,99	
925,949	75,85	
926,158	-38,14	
926,367	-85,49	
926,576	-160,9	
926,785	-57,43	
926,994	-32,88	
927,203	-48,67	
927,412	-81,99	
927,621	-29,37	
927,83	-106,54	
928,038	10,96	
928,247	23,24	
928,456	91,63	
928,665	-32,88	
928,873	-78,48	
929,082	46,04	
929,291	-20,61	
929,499	30,25	
929,708	77,6	
929,916	-85,49	
930,125	-48,67	
930,333	89,88	
930,542	-136,35	
930,75	-11,84	
930,959	16,22	
931,167	-124,08	
931,376	-29,37	
931,584	-76,73	
931,793	-115,31	
932,001	91,63	
932,209	56,56	
932,418	72,34	
932,626	-11,84	
932,834	-118,81	
933,042	-103,03	
933,251	-124,08	
933,459	-20,61	
933,667	91,63	
933,875	188,09	
934,083	-90,76	
934,291	-69,71	
934,499	-25,87	
934,707	110,92	
934,915	-11,84	
935,123	-36,39	
935,331	-274,9	
935,539	-132,84	
935,747	-117,06	
935,955	-132,84	
936,163	-78,48	
936,371	-117,06	
936,579	-25,87	
936,787	-10,08	
936,995	-124,08	
937,202	12,71	
937,41	53,05	
937,618	-24,11	
937,826	3,95	
938,033	-31,13	
938,241	33,76	
938,449	-41,65	
938,656	-122,32	
938,864	-87,25	
939,071	28,5	
939,279	-25,87	
939,486	26,74	
939,694	-69,71	
939,901	-87,25	
940,109	-43,4	
940,316	-90,76	
940,524	-117,06	
940,731	-89	
940,939	10,96	
941,146	-281,91	
941,353	-99,52	
941,561	123,2	
941,768	21,48	
941,975	-52,17	
942,182	-74,97	
942,39	96,89	
942,597	32,01	
942,804	-50,42	
943,011	-125,83	
943,218	3,95	
943,425	12,71	
943,632	-87,25	
943,839	-11,84	
944,046	12,71	
944,253	-31,13	
944,46	-173,18	
944,667	-59,19	
944,874	-115,31	
945,081	-18,85	
945,288	-118,81	
945,495	-83,74	
945,702	203,87	
945,909	-34,64	
946,115	-101,28	
946,322	44,28	
946,529	-22,36	
946,736	30,25	
946,942	-124,08	
947,149	-157,4	
947,356	-27,62	
947,562	-145,12	
947,769	116,18	
947,976	67,08	
948,182	126,71	
948,389	2,19	
948,595	53,05	
948,802	88,12	
949,008	-150,38	
949,215	-43,4	
949,421	-136,35	
949,628	-73,22	
949,834	-27,62	
950,04	14,47	
950,247	-64,45	
950,453	-52,17	
950,659	-132,84	
950,865	-92,51	
951,072	-81,99	
951,278	58,31	
951,484	-101,28	
951,69	-92,51	
951,896	26,74	
952,103	10,96	
952,309	81,11	
952,515	-118,81	
952,721	-36,39	
952,927	-11,84	
953,133	3,95	
953,339	182,83	
953,545	9,21	
953,751	-99,52	
953,957	-24,11	
954,163	-143,37	
954,369	184,58	
954,574	-62,7	
954,78	-246,84	
954,986	0,44	
955,192	46,04	
955,398	46,04	
955,603	-4,82	
955,809	-8,33	
956,015	82,86	
956,22	-146,87	
956,426	-62,7	
956,632	-73,22	
956,837	26,74	
957,043	51,3	
957,248	-162,66	
957,454	-18,85	
957,66	-104,79	
957,865	-96,02	
958,07	-52,17	
958,276	54,8	
958,481	-48,67	
958,687	-180,2	
958,892	35,51	
959,097	63,57	
959,303	-1,32	
959,508	61,82	
959,713	-76,73	
959,919	-106,54	
960,124	-92,51	
960,329	-43,4	
960,534	-43,4	
960,739	-15,35	
960,945	-25,87	
961,15	-22,36	
961,355	-81,99	
961,56	-64,45	
961,765	-57,43	
961,97	0,44	
962,175	5,7	
962,38	-34,64	
962,585	-145,12	
962,79	30,25	
962,995	-148,63	
963,2	-110,05	
963,404	79,36	
963,609	67,08	
963,814	63,57	
964,019	23,24	
964,224	-94,26	
964,428	-66,2	
964,633	-136,35	
964,838	-124,08	
965,042	-80,23	
965,247	95,14	
965,452	-259,11	
965,656	-3,07	
965,861	-55,68	
966,066	-139,86	
966,27	-122,32	
966,475	-113,55	
966,679	-199,49	
966,884	-74,97	
967,088	-120,57	
967,292	-202,99	
967,497	44,28	
967,701	-3,07	
967,906	-3,07	
968,11	-15,35	
968,314	-127,58	
968,518	-59,19	
968,723	95,14	
968,927	-160,9	
969,131	-46,91	
969,335	93,39	
969,539	305,59	
969,744	-255,61	
969,948	75,85	
970,152	-150,38	
970,356	-55,68	
970,56	32,01	
970,764	-66,2	
970,968	-25,87	
971,172	-27,62	
971,376	240,7	
971,58	10,96	
971,784	-6,58	
971,988	137,23	
972,192	26,74	
972,395	196,86	
972,599	-27,62	
972,803	19,73	
973,007	-10,08	
973,21	-113,55	
973,414	-4,82	
973,618	-110,05	
973,822	9,21	
974,025	119,69	
974,229	72,34	
974,432	21,48	
974,636	-150,38	
974,84	98,65	
975,043	-1,32	
975,247	95,14	
975,45	-190,72	
975,654	-174,93	
975,857	100,4	
976,06	-53,93	
976,264	3,95	
976,467	-138,11	
976,671	-29,37	
976,874	-52,17	
977,077	-48,67	
977,28	-31,13	
977,484	-153,89	
977,687	-81,99	
977,89	28,5	
978,093	-89	
978,297	-83,74	
978,5	-85,49	
978,703	39,02	
978,906	54,8	
979,109	-69,71	
979,312	-85,49	
979,515	135,48	
979,718	-31,13	
979,921	2,19	
980,124	-67,96	
980,327	9,21	
980,53	-160,9	
980,733	-125,83	
980,936	137,23	
981,138	-6,58	
981,341	95,14	
981,544	-71,46	
981,747	5,7	
981,949	21,48	
982,152	54,8	
982,355	7,45	
982,558	19,73	
982,76	-141,61	
982,963	-60,94	
983,165	-201,24	
983,368	-131,09	
983,571	-117,06	
983,773	-57,43	
983,976	147,75	
984,178	-27,62	
984,381	21,48	
984,583	-66,2	
984,785	-124,08	
984,988	-1,32	
985,19	117,94	
985,392	-166,17	
985,595	88,12	
985,797	-146,87	
985,999	-64,45	
986,202	30,25	
986,404	-27,62	
986,606	17,98	
986,808	107,42	
987,01	-53,93	
987,212	46,04	
987,415	-22,36	
987,617	-97,77	
987,819	-62,7	
988,021	109,17	
988,223	56,56	
988,425	-29,37	
988,627	-190,72	
988,829	16,22	
989,031	133,72	
989,232	89,88	
989,434	-110,05	
989,636	103,91	
989,838	-122,32	
990,04	47,79	
990,242	-4,82	
990,443	-62,7	
990,645	79,36	
990,847	-94,26	
991,048	-1,32	
991,25	-108,29	
991,452	-113,55	
991,653	-66,2	
991,855	-252,1	
992,057	5,7	
992,258	-132,84	
992,46	82,86	
992,661	10,96	
992,863	58,31	
993,064	174,06	
993,265	-64,45	
993,467	-25,87	
993,668	102,15	
993,87	130,21	
994,071	9,21	
994,272	-15,35	
994,473	-111,8	
994,675	-146,87	
994,876	-188,96	
995,077	-13,59	
995,278	128,46	
995,48	37,27	
995,681	-18,85	
995,882	-50,42	
996,083	-8,33	
996,284	-48,67	
996,485	-45,16	
996,686	63,57	
996,887	93,39	
997,088	-43,4	
997,289	89,88	
997,49	32,01	
997,691	-36,39	
997,892	-52,17	
998,092	-120,57	
998,293	33,76	
998,494	-59,19	
998,695	68,83	
998,896	56,56	
999,096	-50,42	
999,297	-173,18	
999,498	-38,14	
999,698	-120,57	
999,899	40,77	
1000,1	-162,66	
1000,3	-174,93	
1000,501	77,6	
1000,701	-15,35	
1000,902	-92,51	
1001,102	163,53	
1001,303	-50,42	
1001,503	-1,32	
1001,704	-67,96	
1001,904	121,45	
1002,105	-52,17	
1002,305	-43,4	
1002,505	-127,58	
1002,706	-220,53	
1002,906	-94,26	
1003,106	-66,2	
1003,306	-39,9	
1003,507	5,7	
1003,707	-6,58	
1003,907	-27,62	
1004,107	-59,19	
1004,307	42,53	
1004,507	-120,57	
1004,707	30,25	
1004,907	-110,05	
1005,107	60,07	
1005,308	-60,94	
1005,507	-183,7	
1005,707	-87,25	
1005,907	-122,32	
1006,107	-59,19	
1006,307	0,44	
1006,507	-22,36	
1006,707	-90,76	
1006,907	77,6	
1007,106	24,99	
1007,306	12,71	
1007,506	68,83	
1007,706	2,19	
1007,905	-148,63	
1008,105	0,44	
1008,305	-36,39	
1008,504	-162,66	
1008,704	74,09	
1008,903	-257,36	
1009,103	58,31	
1009,303	-64,45	
1009,502	-71,46	
1009,702	-3,07	
1009,901	63,57	
1010,1	-101,28	
1010,3	-110,05	
1010,499	47,79	
1010,699	-153,89	
1010,898	-190,72	
1011,097	-97,77	
1011,296	-80,23	
1011,496	68,83	
1011,695	198,61	
1011,894	-74,97	
1012,093	-18,85	
1012,293	-157,4	
1012,492	-103,03	
1012,691	-41,65	
1012,89	-31,13	
1013,089	-69,71	
1013,288	140,74	
1013,487	-97,77	
1013,686	-78,48	
1013,885	-69,71	
1014,084	-25,87	
1014,283	-11,84	
1014,482	-64,45	
1014,681	-152,14	
1014,88	-39,9	
1015,078	-20,61	
1015,277	42,53	
1015,476	-39,9	
1015,675	-83,74	
1015,873	-38,14	
1016,072	-155,64	
1016,271	-53,93	
1016,47	-13,59	
1016,668	-11,84	
1016,867	-192,47	
1017,065	-43,4	
1017,264	-157,4	
1017,463	-113,55	
1017,661	10,96	
1017,86	-111,8	
1018,058	72,34	
1018,256	-213,52	
1018,455	-197,73	
1018,653	-90,76	
1018,852	37,27	
1019,05	-171,43	
1019,248	165,29	
1019,447	-103,03	
1019,645	-22,36	
1019,843	-136,35	
1020,041	-213,52	
1020,24	-160,9	
1020,438	63,57	
1020,636	-92,51	
1020,834	-153,89	
1021,032	35,51	
1021,23	-81,99	
1021,428	-131,09	
1021,626	44,28	
1021,824	19,73	
1022,022	-183,7	
1022,22	-202,99	
1022,418	-20,61	
1022,616	-52,17	
1022,814	-110,05	
1023,012	-22,36	
1023,21	-89	
1023,408	244,21	
1023,606	-104,79	
1023,803	-136,35	
1024,001	138,98	
1024,199	-129,34	
1024,397	-53,93	
1024,594	114,43	
1024,792	-27,62	
1024,99	-106,54	
1025,187	32,01	
1025,385	109,17	
1025,582	-139,86	
1025,78	-43,4	
1025,977	-113,55	
1026,175	14,47	
1026,372	-160,9	
1026,57	-113,55	
1026,767	233,68	
1026,965	-78,48	
1027,162	-183,7	
1027,359	-25,87	
1027,557	-18,85	
1027,754	-132,84	
1027,951	37,27	
1028,148	-117,06	
1028,346	53,05	
1028,543	-48,67	
1028,74	-152,14	
1028,937	28,5	
1029,134	-55,68	
1029,331	-62,7	
1029,528	-18,85	
1029,725	126,71	
1029,923	-81,99	
1030,12	202,12	
1030,317	-106,54	
1030,513	17,98	
1030,71	-145,12	
1030,907	39,02	
1031,104	-22,36	
1031,301	-131,09	
1031,498	-38,14	
1031,695	-108,29	
1031,892	-252,1	
1032,088	-103,03	
1032,285	-115,31	
1032,482	-38,14	
1032,678	-104,79	
1032,875	-50,42	
1033,072	207,38	
1033,268	-83,74	
1033,465	116,18	
1033,662	12,71	
1033,858	26,74	
1034,055	-10,08	
1034,251	-162,66	
1034,448	49,54	
1034,644	-81,99	
1034,84	-110,05	
1035,037	35,51	
1035,233	-127,58	
1035,43	-176,69	
1035,626	-255,61	
1035,822	-122,32	
1036,019	-22,36	
1036,215	40,77	
1036,411	-53,93	
1036,607	-220,53	
1036,803	-48,67	
1037	-1,32	
1037,196	209,13	
1037,392	-101,28	
1037,588	-38,14	
1037,784	26,74	
1037,98	-29,37	
1038,176	-103,03	
1038,372	-10,08	
1038,568	-129,34	
1038,764	-74,97	
1038,96	-25,87	
1039,156	-153,89	
1039,352	-164,41	
1039,547	0,44	
1039,743	-160,9	
1039,939	-6,58	
1040,135	-71,46	
1040,331	-129,34	
1040,526	-99,52	
1040,722	23,24	
1040,918	-169,67	
1041,113	-39,9	
1041,309	-210,01	
1041,505	40,77	
1041,7	-83,74	
1041,896	5,7	
1042,091	-108,29	
1042,287	-29,37	
1042,482	23,24	
1042,678	12,71	
1042,873	33,76	
1043,069	-115,31	
1043,264	-4,82	
1043,459	-27,62	
1043,655	-89	
1043,85	-106,54	
1044,045	-199,49	
1044,24	-139,86	
1044,436	-117,06	
1044,631	-48,67	
1044,826	-46,91	
1045,021	-46,91	
1045,216	-46,91	
