couleur : magenta
angle source :0
angle capteur :30
source : 2700K
FLMT02171_1:101		
194,658	-589,54	
194,923	-589,54	
195,188	-589,54	
195,453	-635,14	
195,717	-2,05	
195,982	224,18	
196,247	71,61	
196,512	-96,75	
196,777	-7,31	
197,042	-51,15	
197,307	57,58	
197,572	-10,81	
197,837	17,24	
198,101	-152,87	
198,366	-33,61	
198,631	-35,37	
198,896	17,24	
199,161	182,1	
199,425	-126,56	
199,69	143,51	
199,955	-9,06	
200,22	-24,84	
200,484	-180,93	
200,749	40,04	
201,014	87,39	
201,278	-82,72	
201,543	234,71	
201,807	10,23	
202,072	127,73	
202,337	76,87	
202,601	94,41	
202,866	-126,56	
203,13	-73,95	
203,395	-21,34	
203,659	159,3	
203,924	-116,04	
204,189	85,64	
204,453	97,92	
204,717	1,46	
204,982	96,16	
205,246	87,39	
205,511	213,66	
205,775	-12,57	
206,04	97,92	
206,304	8,48	
206,568	-31,86	
206,833	-123,05	
207,097	10,23	
207,361	117,21	
207,626	-45,89	
207,89	94,41	
208,154	48,81	
208,419	129,48	
208,683	-44,14	
208,947	6,72	
209,211	168,07	
209,476	22,51	
209,74	101,42	
210,004	362,73	
210,268	120,71	
210,532	225,94	
210,796	34,78	
211,061	-14,32	
211,325	71,61	
211,589	252,24	
211,853	238,21	
212,117	29,52	
212,381	127,73	
212,645	-0,29	
212,909	183,85	
213,173	11,98	
213,437	-94,99	
213,701	227,69	
213,965	-5,55	
214,229	101,42	
214,493	152,28	
214,757	-87,98	
215,021	-98,5	
215,285	161,05	
215,549	-63,43	
215,813	15,49	
216,077	10,23	
216,34	29,52	
216,604	64,6	
216,868	-23,09	
217,132	-45,89	
217,396	143,51	
217,659	80,38	
217,923	157,54	
218,187	-9,06	
218,451	87,39	
218,714	45,3	
218,978	83,89	
219,242	217,17	
219,505	211,91	
219,769	48,81	
220,033	157,54	
220,296	124,22	
220,56	29,52	
220,824	69,86	
221,087	127,73	
221,351	-35,37	
221,614	19	
221,878	-119,55	
222,142	40,04	
222,405	115,45	
222,669	-93,24	
222,932	22,51	
223,196	71,61	
223,459	145,27	
223,722	38,29	
223,986	-2,05	
224,249	185,6	
224,513	66,35	
224,776	-68,69	
225,04	55,83	
225,303	-96,75	
225,566	178,59	
225,83	140,01	
226,093	147,02	
226,356	4,97	
226,62	245,23	
226,883	-91,49	
227,146	-79,21	
227,409	-103,76	
227,673	194,37	
227,936	-61,67	
228,199	19	
228,462	148,77	
228,725	83,89	
228,989	113,7	
229,252	52,32	
229,515	-40,63	
229,778	76,87	
230,041	152,28	
230,304	-59,92	
230,567	20,75	
230,83	97,92	
231,093	-47,64	
231,356	-12,57	
231,619	-73,95	
231,882	11,98	
232,145	54,07	
232,408	-17,83	
232,671	-24,84	
232,934	-80,96	
233,197	68,1	
233,46	380,27	
233,723	-14,32	
233,986	48,81	
234,249	-189,69	
234,512	145,27	
234,775	175,08	
235,037	22,51	
235,3	-79,21	
235,563	446,91	
235,826	145,27	
236,089	78,63	
236,351	-17,83	
236,614	127,73	
236,877	99,67	
237,14	-2,05	
237,402	20,75	
237,665	140,01	
237,928	-49,4	
238,19	-3,8	
238,453	68,1	
238,716	285,57	
238,978	-51,15	
239,241	50,57	
239,503	62,84	
239,766	64,6	
240,029	124,22	
240,291	-19,58	
240,554	255,75	
240,816	54,07	
241,079	171,57	
241,341	-5,55	
241,604	-126,56	
241,866	6,72	
242,129	-163,39	
242,391	175,08	
242,653	73,36	
242,916	47,06	
243,178	-51,15	
243,441	222,43	
243,703	64,6	
243,965	-28,35	
244,228	310,12	
244,49	-40,63	
244,752	-16,08	
245,015	97,92	
245,277	-12,57	
245,539	-77,46	
245,801	-126,56	
246,064	54,07	
246,326	141,76	
246,588	-10,81	
246,85	246,98	
247,112	-96,75	
247,374	85,64	
247,637	-28,35	
247,899	-112,53	
248,161	80,38	
248,423	-0,29	
248,685	136,5	
248,947	183,85	
249,209	166,31	
249,471	55,83	
249,733	-12,57	
249,995	-56,41	
250,257	-144,1	
250,519	78,63	
250,781	152,28	
251,043	143,51	
251,305	64,6	
251,567	269,78	
251,829	-7,31	
252,091	47,06	
252,353	-91,49	
252,615	62,84	
252,876	31,27	
253,138	78,63	
253,4	-51,15	
253,662	-58,17	
253,924	-223,02	
254,185	31,27	
254,447	-0,29	
254,709	155,79	
254,971	-26,6	
255,232	83,89	
255,494	227,69	
255,756	29,52	
256,017	-91,49	
256,279	-158,13	
256,541	-26,6	
256,802	59,33	
257,064	3,22	
257,326	4,97	
257,587	-7,31	
257,849	90,9	
258,11	48,81	
258,372	-38,87	
258,633	117,21	
258,895	222,43	
259,156	197,88	
259,418	68,1	
259,679	87,39	
259,941	138,25	
260,202	43,55	
260,464	-80,96	
260,725	22,51	
260,987	157,54	
261,248	64,6	
261,509	24,26	
261,771	59,33	
262,032	52,32	
262,293	136,5	
262,555	111,95	
262,816	122,47	
263,077	-84,47	
263,338	-49,4	
263,6	-98,5	
263,861	-152,87	
264,122	168,07	
264,383	57,58	
264,645	1,46	
264,906	15,49	
265,167	-38,87	
265,428	-2,05	
265,689	-63,43	
265,95	118,96	
266,211	73,36	
266,473	-28,35	
266,734	22,51	
266,995	-5,55	
267,256	64,6	
267,517	-17,83	
267,778	36,54	
268,039	80,38	
268,3	210,15	
268,561	31,27	
268,822	-84,47	
269,083	73,36	
269,344	-0,29	
269,604	166,31	
269,865	-24,84	
270,126	110,19	
270,387	73,36	
270,648	-114,28	
270,909	-138,84	
271,17	-7,31	
271,43	173,33	
271,691	104,93	
271,952	4,97	
272,213	-73,95	
272,473	-128,31	
272,734	197,88	
272,995	-72,2	
273,256	-40,63	
273,516	31,27	
273,777	-40,63	
274,038	-35,37	
274,298	113,7	
274,559	6,72	
274,82	-35,37	
275,08	20,75	
275,341	-173,91	
275,601	-165,14	
275,862	-96,75	
276,122	96,16	
276,383	4,97	
276,643	196,13	
276,904	62,84	
277,164	157,54	
277,425	201,39	
277,685	-33,61	
277,946	89,15	
278,206	-138,84	
278,467	76,87	
278,727	264,52	
278,987	132,99	
279,248	134,74	
279,508	20,75	
279,768	26,01	
280,029	-75,7	
280,289	-16,08	
280,549	101,42	
280,81	54,07	
281,07	131,24	
281,33	-105,52	
281,59	257,51	
281,851	48,81	
282,111	61,09	
282,371	173,33	
282,631	-40,63	
282,891	-58,17	
283,151	-54,66	
283,412	-51,15	
283,672	33,03	
283,932	125,98	
284,192	-100,25	
284,452	-24,84	
284,712	40,04	
284,972	33,03	
285,232	275,04	
285,492	78,63	
285,752	94,41	
286,012	36,54	
286,272	-72,2	
286,532	140,01	
286,792	80,38	
287,052	-21,34	
287,312	-24,84	
287,571	-19,58	
287,831	-33,61	
288,091	122,47	
288,351	-23,09	
288,611	-73,95	
288,871	-42,38	
289,13	-0,29	
289,39	66,35	
289,65	11,98	
289,91	522,32	
290,17	117,21	
290,429	43,55	
290,689	52,32	
290,949	106,69	
291,208	-35,37	
291,468	-65,18	
291,728	87,39	
291,987	-56,41	
292,247	-21,34	
292,506	296,09	
292,766	134,74	
293,026	20,75	
293,285	-61,67	
293,545	159,3	
293,804	-80,96	
294,064	238,21	
294,323	113,7	
294,583	20,75	
294,842	-61,67	
295,102	136,5	
295,361	239,97	
295,621	118,96	
295,88	96,16	
296,139	-21,34	
296,399	73,36	
296,658	55,83	
296,917	-114,28	
297,177	61,09	
297,436	261,01	
297,695	80,38	
297,955	155,79	
298,214	-82,72	
298,473	26,01	
298,732	94,41	
298,992	101,42	
299,251	48,81	
299,51	27,77	
299,769	47,06	
300,028	-189,69	
300,287	27,77	
300,547	-107,27	
300,806	78,63	
301,065	-135,33	
301,324	124,22	
301,583	54,07	
301,842	47,06	
302,101	13,74	
302,36	120,71	
302,619	204,89	
302,878	131,24	
303,137	19	
303,396	-44,14	
303,655	132,99	
303,914	115,45	
304,173	-9,06	
304,432	78,63	
304,691	-159,88	
304,95	134,74	
305,208	90,9	
305,467	19	
305,726	-214,25	
305,985	45,3	
306,244	-3,8	
306,503	82,13	
306,761	183,85	
307,02	-94,99	
307,279	140,01	
307,537	80,38	
307,796	-40,63	
308,055	27,77	
308,314	6,72	
308,572	141,76	
308,831	-70,44	
309,09	203,14	
309,348	162,8	
309,607	11,98	
309,865	80,38	
310,124	68,1	
310,382	127,73	
310,641	76,87	
310,9	-16,08	
311,158	90,9	
311,417	85,64	
311,675	-77,46	
311,933	-86,22	
312,192	117,21	
312,45	-19,58	
312,709	52,32	
312,967	183,85	
313,226	141,76	
313,484	-26,6	
313,742	59,33	
314,001	6,72	
314,259	129,48	
314,517	192,62	
314,776	-87,98	
315,034	45,3	
315,292	71,61	
315,55	118,96	
315,809	-35,37	
316,067	55,83	
316,325	55,83	
316,583	73,36	
316,841	-9,06	
317,1	124,22	
317,358	99,67	
317,616	-82,72	
317,874	20,75	
318,132	-16,08	
318,39	173,33	
318,648	132,99	
318,906	52,32	
319,164	-103,76	
319,422	-54,66	
319,68	-135,33	
319,938	-54,66	
320,196	3,22	
320,454	97,92	
320,712	-66,93	
320,97	8,48	
321,228	-28,35	
321,486	-70,44	
321,744	-30,11	
322,002	38,29	
322,26	132,99	
322,517	50,57	
322,775	-82,72	
323,033	-19,58	
323,291	48,81	
323,549	15,49	
323,806	34,78	
324,064	-0,29	
324,322	143,51	
324,58	96,16	
324,837	-42,38	
325,095	-9,06	
325,353	215,42	
325,61	24,26	
325,868	113,7	
326,126	-40,63	
326,383	141,76	
326,641	1,46	
326,898	31,27	
327,156	104,93	
327,413	76,87	
327,671	62,84	
327,928	-31,86	
328,186	76,87	
328,443	-40,63	
328,701	61,09	
328,958	-79,21	
329,216	101,42	
329,473	61,09	
329,731	3,22	
329,988	162,8	
330,245	-12,57	
330,503	-94,99	
330,76	96,16	
331,017	73,36	
331,275	34,78	
331,532	83,89	
331,789	154,04	
332,047	78,63	
332,304	-59,92	
332,561	415,34	
332,818	89,15	
333,076	33,03	
333,333	104,93	
333,59	69,86	
333,847	129,48	
334,104	75,12	
334,361	187,36	
334,618	-5,55	
334,876	204,89	
335,133	-109,02	
335,39	4,97	
335,647	-180,93	
335,904	-21,34	
336,161	-45,89	
336,418	20,75	
336,675	22,51	
336,932	69,86	
337,189	127,73	
337,446	69,86	
337,703	61,09	
337,96	55,83	
338,216	19	
338,473	-7,31	
338,73	-135,33	
338,987	-58,17	
339,244	29,52	
339,501	117,21	
339,757	-75,7	
340,014	-54,66	
340,271	50,57	
340,528	62,84	
340,785	138,25	
341,041	-0,29	
341,298	178,59	
341,555	-0,29	
341,811	-114,28	
342,068	103,18	
342,325	-37,12	
342,581	27,77	
342,838	103,18	
343,094	180,34	
343,351	-47,64	
343,608	-72,2	
343,864	85,64	
344,121	-75,7	
344,377	71,61	
344,634	199,63	
344,89	68,1	
345,147	-45,89	
345,403	-14,32	
345,66	45,3	
345,916	6,72	
346,172	4,97	
346,429	104,93	
346,685	-79,21	
346,942	-0,29	
347,198	22,51	
347,454	-47,64	
347,711	54,07	
347,967	-47,64	
348,223	43,55	
348,48	10,23	
348,736	17,24	
348,992	4,97	
349,248	80,38	
349,504	34,78	
349,761	45,3	
350,017	-119,55	
350,273	-19,58	
350,529	-63,43	
350,785	78,63	
351,041	-63,43	
351,297	82,13	
351,554	-119,55	
351,81	-124,81	
352,066	-7,31	
352,322	-33,61	
352,578	366,24	
352,834	-2,05	
353,09	189,11	
353,346	120,71	
353,602	122,47	
353,858	-66,93	
354,114	11,98	
354,369	50,57	
354,625	-0,29	
354,881	-10,81	
355,137	76,87	
355,393	-184,43	
355,649	-119,55	
355,905	-65,18	
356,16	-21,34	
356,416	96,16	
356,672	4,97	
356,928	-33,61	
357,183	33,03	
357,439	-100,25	
357,695	-33,61	
357,951	11,98	
358,206	59,33	
358,462	71,61	
358,718	19	
358,973	143,51	
359,229	19	
359,484	-35,37	
359,74	-126,56	
359,996	15,49	
360,251	34,78	
360,507	-16,08	
360,762	61,09	
361,018	36,54	
361,273	-14,32	
361,529	-33,61	
361,784	211,91	
362,04	-19,58	
362,295	94,41	
362,55	-93,24	
362,806	-3,8	
363,061	38,29	
363,316	24,26	
363,572	115,45	
363,827	-23,09	
364,082	171,57	
364,338	31,27	
364,593	-80,96	
364,848	140,01	
365,104	-145,85	
365,359	-28,35	
365,614	-35,37	
365,869	45,3	
366,124	-68,69	
366,38	132,99	
366,635	145,27	
366,89	106,69	
367,145	41,8	
367,4	59,33	
367,655	54,07	
367,91	-180,93	
368,165	-56,41	
368,42	85,64	
368,675	108,44	
368,93	40,04	
369,185	234,71	
369,44	-72,2	
369,695	59,33	
369,95	24,26	
370,205	-30,11	
370,46	83,89	
370,715	29,52	
370,97	34,78	
371,225	171,57	
371,48	183,85	
371,734	-44,14	
371,989	80,38	
372,244	-240,55	
372,499	59,33	
372,754	192,62	
373,008	-212,49	
373,263	97,92	
373,518	145,27	
373,773	-42,38	
374,027	55,83	
374,282	15,49	
374,537	99,67	
374,791	169,82	
375,046	-9,06	
375,301	124,22	
375,555	87,39	
375,81	-52,9	
376,064	41,8	
376,319	176,83	
376,573	-47,64	
376,828	-182,68	
377,082	-102,01	
377,337	155,79	
377,591	-52,9	
377,846	-42,38	
378,1	103,18	
378,355	45,3	
378,609	227,69	
378,863	-126,56	
379,118	89,15	
379,372	-47,64	
379,627	80,38	
379,881	111,95	
380,135	166,31	
380,389	4,97	
380,644	-63,43	
380,898	161,05	
381,152	-82,72	
381,407	-2,05	
381,661	92,66	
381,915	127,73	
382,169	-33,61	
382,423	38,29	
382,677	-54,66	
382,932	143,51	
383,186	34,78	
383,44	-49,4	
383,694	-175,66	
383,948	-59,92	
384,202	48,81	
384,456	29,52	
384,71	-2,05	
384,964	-40,63	
385,218	76,87	
385,472	85,64	
385,726	-0,29	
385,98	89,15	
386,234	38,29	
386,488	-89,73	
386,742	6,72	
386,996	190,86	
387,249	47,06	
387,503	283,81	
387,757	-77,46	
388,011	-19,58	
388,265	108,44	
388,518	-19,58	
388,772	-14,32	
389,026	47,06	
389,28	-63,43	
389,533	27,77	
389,787	122,47	
390,041	-2,05	
390,295	-170,4	
390,548	-37,12	
390,802	-121,3	
391,055	161,05	
391,309	124,22	
391,563	-26,6	
391,816	148,77	
392,07	117,21	
392,323	106,69	
392,577	141,76	
392,83	55,83	
393,084	-133,58	
393,337	-9,06	
393,591	210,15	
393,844	-17,83	
394,098	-16,08	
394,351	-86,22	
394,604	208,4	
394,858	110,19	
395,111	-38,87	
395,364	89,15	
395,618	-12,57	
395,871	-75,7	
396,124	201,39	
396,378	87,39	
396,631	127,73	
396,884	417,09	
397,137	252,24	
397,391	103,18	
397,644	31,27	
397,897	290,83	
398,15	178,59	
398,403	162,8	
398,657	96,16	
398,91	83,89	
399,163	-17,83	
399,416	83,89	
399,669	-3,8	
399,922	71,61	
400,175	68,1	
400,428	73,36	
400,681	-149,36	
400,934	-52,9	
401,187	69,86	
401,44	-12,57	
401,693	45,3	
401,946	176,83	
402,199	192,62	
402,452	19	
402,704	62,84	
402,957	104,93	
403,21	108,44	
403,463	-35,37	
403,716	-100,25	
403,969	22,51	
404,221	26,01	
404,474	111,95	
404,727	99,67	
404,98	190,86	
405,232	140,01	
405,485	-40,63	
405,738	36,54	
405,99	-102,01	
406,243	76,87	
406,496	-100,25	
406,748	118,96	
407,001	125,98	
407,253	66,35	
407,506	103,18	
407,759	127,73	
408,011	-9,06	
408,264	180,34	
408,516	168,07	
408,769	208,4	
409,021	171,57	
409,274	155,79	
409,526	232,95	
409,778	141,76	
410,031	225,94	
410,283	367,99	
410,536	118,96	
410,788	80,38	
411,04	136,5	
411,293	80,38	
411,545	41,8	
411,797	4,97	
412,049	132,99	
412,302	238,21	
412,554	-10,81	
412,806	278,55	
413,058	148,77	
413,311	404,82	
413,563	131,24	
413,815	234,71	
414,067	271,54	
414,319	325,9	
414,571	131,24	
414,823	124,22	
415,075	266,27	
415,328	148,77	
415,58	185,6	
415,832	113,7	
416,084	313,62	
416,336	394,3	
416,588	143,51	
416,84	154,04	
417,091	301,35	
417,343	222,43	
417,595	182,1	
417,847	157,54	
418,099	425,86	
418,351	331,16	
418,603	75,12	
418,855	236,46	
419,106	262,77	
419,358	450,42	
419,61	206,65	
419,862	474,97	
420,114	334,67	
420,365	431,12	
420,617	294,33	
420,869	588,96	
421,12	180,34	
421,372	474,97	
421,624	413,59	
421,875	436,39	
422,127	506,53	
422,379	499,52	
422,63	510,04	
422,882	552,13	
423,133	508,29	
423,385	406,57	
423,636	424,11	
423,888	432,88	
424,139	615,27	
424,391	529,33	
424,642	275,04	
424,894	469,71	
425,145	685,41	
425,396	467,95	
425,648	539,86	
425,899	424,11	
426,151	576,68	
426,402	576,68	
426,653	446,91	
426,905	583,7	
427,156	732,77	
427,407	638,06	
427,658	764,33	
427,91	790,64	
428,161	602,99	
428,412	708,21	
428,663	716,98	
428,914	604,74	
429,166	650,34	
429,417	1036,16	
429,668	716,98	
429,919	922,17	
430,17	932,69	
430,421	836,24	
430,672	776,61	
430,923	617,02	
431,174	943,21	
431,425	867,8	
431,676	792,39	
431,927	937,95	
432,178	944,97	
432,429	901,12	
432,68	1046,68	
432,931	1109,82	
433,182	1036,16	
433,433	930,94	
433,683	837,99	
433,934	1090,53	
434,185	995,82	
434,436	1204,52	
434,687	1088,77	
434,937	1164,18	
435,188	1251,87	
435,439	1218,55	
435,69	1201,01	
435,94	1237,84	
436,191	1232,58	
436,442	1293,96	
436,692	1481,61	
436,943	1469,33	
437,194	1265,9	
437,444	1569,29	
437,695	1462,32	
437,945	1430,75	
438,196	1486,87	
438,447	1500,9	
438,697	1576,31	
438,948	1409,7	
439,198	1572,8	
439,449	1688,55	
439,699	1607,87	
439,949	1786,75	
440,2	1614,89	
440,45	1735,9	
440,701	1737,65	
440,951	1725,37	
441,201	1969,14	
441,452	1953,36	
441,702	1967,39	
441,952	1853,4	
442,203	2049,81	
442,453	2095,41	
442,703	2065,6	
442,953	1963,88	
443,204	2037,54	
443,454	2258,51	
443,704	2337,42	
443,954	2300,6	
444,204	2435,63	
444,455	2353,21	
444,705	2600,48	
444,955	2514,55	
445,205	2453,17	
445,455	2546,12	
445,705	2602,24	
445,955	2618,02	
446,205	2619,77	
446,455	2867,05	
446,705	2937,2	
446,955	3035,41	
447,205	2910,89	
447,455	3030,15	
447,705	2954,74	
447,955	3238,84	
448,205	3333,54	
448,454	3393,17	
448,704	3337,05	
448,954	3387,91	
449,204	3505,41	
449,454	3710,59	
449,704	3505,41	
449,953	3684,29	
450,203	3838,61	
450,453	3880,7	
450,703	3800,03	
450,952	3985,93	
451,202	4033,28	
451,452	3710,59	
451,701	3956,11	
451,951	4491	
452,201	4313,87	
452,45	4410,33	
452,7	4315,63	
452,949	4301,6	
453,199	4405,07	
453,448	4287,57	
453,698	4459,43	
453,947	4629,55	
454,197	4380,52	
454,446	4789,13	
454,696	4436,64	
454,945	4561,15	
455,195	4799,66	
455,444	4657,6	
455,693	4754,06	
455,943	4797,9	
456,192	4762,83	
456,442	4647,08	
456,691	4655,85	
456,94	4533,09	
457,189	4866,3	
457,439	4648,84	
457,688	4478,72	
457,937	4498,02	
458,186	4604,99	
458,436	4901,37	
458,685	4498,02	
458,934	4604,99	
459,183	4405,07	
459,432	4612,01	
459,681	4175,33	
459,93	4541,86	
460,179	4285,81	
460,429	4336,67	
460,678	4152,53	
460,927	4110,44	
461,176	4250,74	
461,425	4291,08	
461,674	4261,26	
461,923	4143,76	
462,172	4063,09	
462,42	4122,72	
462,669	3793,02	
462,918	3868,43	
463,167	4091,15	
463,416	3914,02	
463,665	3778,99	
463,914	3757,94	
464,162	3629,92	
464,411	4008,73	
464,66	3803,54	
464,909	3670,26	
465,158	3586,08	
465,406	3914,02	
465,655	3696,56	
465,904	3524,7	
466,152	3528,21	
466,401	3657,98	
466,65	3442,27	
466,898	3368,62	
467,147	3437,01	
467,395	3677,27	
467,644	3500,15	
467,893	3484,36	
468,141	3307,24	
468,39	3452,79	
468,638	3212,53	
468,887	3277,42	
469,135	3280,93	
469,384	3394,92	
469,632	3387,91	
469,88	3266,9	
470,129	3303,73	
470,377	3214,29	
470,626	3123,09	
470,874	3147,65	
471,122	3091,53	
471,371	3116,08	
471,619	2991,56	
471,867	2974,03	
472,115	2902,12	
472,364	2916,15	
472,612	2931,94	
472,86	2910,89	
473,108	3154,66	
473,356	2947,72	
473,605	2870,56	
473,853	2944,21	
474,101	2667,13	
474,349	2989,81	
474,597	2896,86	
474,845	2809,18	
475,093	2677,65	
475,341	2753,06	
475,589	2963,51	
475,837	2803,92	
476,085	2840,74	
476,333	2702,2	
476,581	2637,31	
476,829	2788,13	
477,077	2817,95	
477,325	2702,2	
477,573	2749,55	
477,821	2796,9	
478,069	2591,72	
478,317	2793,39	
478,564	2528,58	
478,812	2789,89	
479,06	2537,35	
479,308	2535,6	
479,555	2563,66	
479,803	2774,1	
480,051	2442,65	
480,299	2618,02	
480,546	2511,04	
480,794	2791,64	
481,042	2612,76	
481,289	2661,86	
481,537	2595,22	
481,784	2589,96	
482,032	2695,19	
482,28	2756,57	
482,527	2447,91	
482,775	2523,32	
483,022	2588,21	
483,27	2767,09	
483,517	2625,04	
483,765	2684,66	
484,012	2761,83	
484,259	2544,36	
484,507	2518,06	
484,754	2753,06	
485,002	2565,41	
485,249	2663,62	
485,496	2632,05	
485,744	2849,51	
485,991	2609,25	
486,238	2516,31	
486,486	2772,35	
486,733	2861,79	
486,98	2696,94	
487,227	2947,72	
487,474	2723,24	
487,722	2521,57	
487,969	2586,45	
488,216	2812,68	
488,463	3033,65	
488,71	2777,61	
488,957	2742,54	
489,204	2933,69	
489,451	2719,74	
489,699	2861,79	
489,946	2828,47	
490,193	2972,27	
490,44	2963,51	
490,687	2933,69	
490,934	2926,68	
491,18	2868,8	
491,427	3088,02	
491,674	2882,83	
491,921	2928,43	
492,168	2886,34	
492,415	3112,57	
492,662	2879,33	
492,909	2951,23	
493,155	3026,64	
493,402	3016,12	
493,649	2860,04	
493,896	2886,34	
494,142	3038,92	
494,389	3033,65	
494,636	2982,8	
494,883	3073,99	
495,129	3272,16	
495,376	3180,97	
495,623	3089,77	
495,869	3114,33	
496,116	3180,97	
496,362	3142,39	
496,609	3240,59	
496,855	3237,09	
497,102	2930,18	
497,348	3261,64	
497,595	3466,82	
497,841	3235,33	
498,088	3370,37	
498,334	3294,96	
498,581	3294,96	
498,827	3331,79	
499,074	3370,37	
499,32	3370,37	
499,566	3421,23	
499,813	3449,29	
500,059	3403,69	
500,305	3447,53	
500,552	3665	
500,798	3312,5	
501,044	3501,9	
501,29	3437,01	
501,537	3672,01	
501,783	3451,04	
502,029	3496,64	
502,275	3489,62	
502,521	3529,96	
502,767	3714,1	
503,013	3768,47	
503,26	3801,79	
503,506	3710,59	
503,752	3528,21	
503,998	3633,43	
504,244	3654,47	
504,49	3582,57	
504,736	3877,2	
504,982	3494,88	
505,228	3624,66	
505,474	3649,21	
505,72	3912,27	
505,966	3624,66	
506,211	3679,03	
506,457	3810,56	
506,703	4040,29	
506,949	3607,12	
507,195	3582,57	
507,441	3843,88	
507,686	3805,29	
507,932	4003,46	
508,178	3840,37	
508,424	3901,75	
508,669	3645,7	
508,915	3921,04	
509,161	3954,36	
509,406	3826,34	
509,652	3847,38	
509,898	4013,99	
510,143	3719,36	
510,389	3764,96	
510,634	3735,14	
510,88	3885,97	
511,125	3528,21	
511,371	3910,52	
511,616	3838,61	
511,862	3984,17	
512,107	3698,32	
512,353	3831,6	
512,598	3710,59	
512,844	3910,52	
513,089	3887,72	
513,335	3910,52	
513,58	3970,14	
513,825	3838,61	
514,071	3861,41	
514,316	3703,58	
514,561	3900	
514,806	3814,06	
515,052	3829,85	
515,297	3864,92	
515,542	3775,48	
515,787	3617,65	
516,033	3859,66	
516,278	3764,96	
516,523	3558,02	
516,768	3601,86	
517,013	3849,14	
517,258	3707,09	
517,503	3824,58	
517,748	3475,59	
517,993	3657,98	
518,238	3726,38	
518,483	3665	
518,728	3626,41	
518,973	3661,49	
519,218	3686,04	
519,463	3791,26	
519,708	3728,13	
519,953	3582,57	
520,198	3407,2	
520,443	3594,85	
520,688	3503,65	
520,933	3724,62	
521,177	3663,24	
521,422	3554,51	
521,667	3373,88	
521,912	3493,13	
522,157	3621,15	
522,401	3580,82	
522,646	3480,85	
522,891	3508,91	
523,135	3316	
523,38	3426,49	
523,625	3433,5	
523,869	3405,44	
524,114	3577,31	
524,358	3568,54	
524,603	3412,46	
524,848	3437,01	
525,092	3247,61	
525,337	3428,24	
525,581	3337,05	
525,826	3054,7	
526,07	3470,33	
526,315	3186,23	
526,559	3228,32	
526,803	3372,12	
527,048	3419,47	
527,292	3189,74	
527,537	3338,8	
527,781	3177,46	
528,025	3217,8	
528,269	3237,09	
528,514	3147,65	
528,758	3165,18	
529,002	3242,35	
529,247	3344,06	
529,491	3247,61	
529,735	3259,88	
529,979	3187,98	
530,223	3110,82	
530,467	3066,98	
530,712	3231,83	
530,956	3200,26	
531,2	3226,56	
531,444	3110,82	
531,688	3093,28	
531,932	3438,77	
532,176	3103,8	
532,42	3017,87	
532,664	3100,3	
532,908	3354,59	
533,152	2938,95	
533,396	3279,18	
533,64	3310,74	
533,884	3130,11	
534,128	2945,97	
534,371	3081	
534,615	3258,13	
534,859	3133,62	
535,103	3205,52	
535,347	3077,5	
535,59	2988,06	
535,834	3093,28	
536,078	3140,63	
536,322	3214,29	
536,565	2993,32	
536,809	3098,54	
537,053	3056,45	
537,296	2986,3	
537,54	3075,74	
537,784	2979,29	
538,027	3070,48	
538,271	3389,66	
538,514	2958,24	
538,758	2995,07	
539,001	3217,8	
539,245	3084,51	
539,488	3128,36	
539,732	3140,63	
539,975	3263,39	
540,219	3242,35	
540,462	3308,99	
540,706	3189,74	
540,949	3151,15	
541,192	3251,12	
541,436	3258,13	
541,679	3175,71	
541,922	3095,03	
542,166	3286,19	
542,409	3479,1	
542,652	3152,91	
542,895	3308,99	
543,139	3159,92	
543,382	3349,33	
543,625	3347,57	
543,868	3349,33	
544,111	3249,36	
544,354	3415,97	
544,598	3433,5	
544,841	3349,33	
545,084	3707,09	
545,327	3703,58	
545,57	3393,17	
545,813	3377,38	
546,056	3324,77	
546,299	3447,53	
546,542	3442,27	
546,785	3484,36	
547,028	3668,5	
547,271	3536,97	
547,514	3517,68	
547,756	3536,97	
547,999	3417,72	
548,242	3421,23	
548,485	3549,25	
548,728	3559,77	
548,971	3394,92	
549,213	3608,88	
549,456	3684,29	
549,699	3533,47	
549,942	3615,89	
550,184	3663,24	
550,427	3773,73	
550,67	3626,41	
550,912	3645,7	
551,155	3672,01	
551,398	3629,92	
551,64	3729,88	
551,883	3821,08	
552,125	3726,38	
552,368	3780,74	
552,61	3654,47	
552,853	4031,52	
553,095	3757,94	
553,338	3728,13	
553,58	3680,78	
553,823	3582,57	
554,065	3705,33	
554,308	3915,78	
554,55	3710,59	
554,792	3838,61	
555,035	3866,67	
555,277	3882,46	
555,519	3917,53	
555,762	3698,32	
556,004	3752,68	
556,246	3577,31	
556,488	3843,88	
556,731	3787,76	
556,973	3861,41	
557,215	3778,99	
557,457	3733,39	
557,699	4021	
557,941	3824,58	
558,183	3780,74	
558,426	3824,58	
558,668	3928,05	
558,91	3665	
559,152	3938,58	
559,394	3789,51	
559,636	3801,79	
559,878	3628,17	
560,12	3861,41	
560,362	3882,46	
560,604	4019,25	
560,845	3929,81	
561,087	4022,76	
561,329	4005,22	
561,571	3928,05	
561,813	3919,29	
562,055	4198,13	
562,297	3949,1	
562,538	3992,94	
562,78	4017,49	
563,022	4070,11	
563,264	4194,62	
563,505	4059,58	
563,747	4001,71	
563,989	4206,9	
564,23	4061,34	
564,472	4105,18	
564,714	4164,81	
564,955	4257,76	
565,197	4105,18	
565,438	4273,54	
565,68	4026,26	
565,921	4241,97	
566,163	4280,55	
566,404	4576,93	
566,646	4247,23	
566,887	4410,33	
567,129	4389,28	
567,37	4412,08	
567,612	4506,78	
567,853	4454,17	
568,094	4578,69	
568,336	4796,15	
568,577	4697,94	
568,818	4520,81	
569,06	4624,28	
569,301	4890,85	
569,542	4750,55	
569,783	4708,46	
570,025	4682,16	
570,266	4948,72	
570,507	5229,32	
570,748	4938,2	
570,989	4864,54	
571,23	5134,62	
571,472	4871,56	
571,713	5043,42	
571,954	4992,57	
572,195	5176,71	
572,436	5217,04	
572,677	4980,29	
572,918	5146,89	
573,159	5227,57	
573,4	5571,3	
573,641	5406,45	
573,882	5578,31	
574,123	5483,61	
574,364	5576,56	
574,604	5730,89	
574,845	5725,62	
575,086	5544,99	
575,327	5543,24	
575,568	5823,83	
575,809	5571,3	
576,049	5997,45	
576,29	6014,99	
576,531	5990,44	
576,771	5913,27	
577,012	5892,23	
577,253	6041,29	
577,494	6137,75	
577,734	6160,55	
577,975	5922,04	
578,215	6385,03	
578,456	6306,11	
578,697	6409,58	
578,937	6463,94	
579,178	6653,35	
579,418	6614,76	
579,659	6560,4	
579,899	6718,23	
580,14	6944,46	
580,38	7042,67	
580,62	7181,22	
580,861	7228,57	
581,101	7296,96	
581,342	7405,69	
581,582	7409,2	
581,822	7496,89	
582,063	7453,04	
582,303	7716,1	
582,543	7721,36	
582,783	7565,28	
583,024	7959,87	
583,264	7958,12	
583,504	8219,42	
583,744	8338,68	
583,984	8242,22	
584,224	8594,72	
584,465	8733,26	
584,705	8791,14	
584,945	8952,48	
585,185	8668,38	
585,425	9017,37	
585,665	9243,6	
585,905	9333,04	
586,145	9329,53	
586,385	9692,55	
586,625	9746,92	
586,865	10025,76	
587,105	9652,22	
587,345	10288,82	
587,585	9966,13	
587,824	10343,19	
588,064	10427,36	
588,304	10530,83	
588,544	10737,77	
588,784	10800,91	
589,024	11072,74	
589,263	11055,2	
589,503	11188,48	
589,743	11576,06	
589,982	11390,16	
590,222	11893,48	
590,462	11821,58	
590,701	11905,76	
590,941	12079,37	
591,181	12238,96	
591,42	12535,34	
591,66	12882,58	
591,899	12447,66	
592,139	12863,29	
592,378	12845,75	
592,618	13361,35	
592,857	13805,04	
593,097	13622,65	
593,336	14076,87	
593,576	14036,53	
593,815	14336,42	
594,055	14329,41	
594,294	14627,54	
594,533	14957,24	
594,773	14880,08	
595,012	15665,75	
595,251	15862,16	
595,491	16028,77	
595,73	16088,39	
595,969	16049,81	
596,208	16295,33	
596,447	16667,12	
596,687	17044,17	
596,926	17151,15	
597,165	17359,84	
597,404	17447,53	
597,643	17875,44	
597,882	17942,08	
598,121	18282,3	
598,36	18650,59	
598,599	19020,62	
598,838	19062,71	
599,077	19699,32	
599,316	19736,14	
599,555	19751,93	
599,794	19837,86	
600,033	20763,83	
600,272	20325,4	
600,511	20774,35	
600,75	20558,64	
600,989	21347,82	
601,228	21070,73	
601,466	21567,03	
601,705	21780,99	
601,944	21677,52	
602,183	22401,81	
602,422	21979,16	
602,66	22419,35	
602,899	22831,47	
603,138	22829,72	
603,376	22913,9	
603,615	23324,27	
603,854	23210,28	
604,092	23143,63	
604,331	23303,22	
604,569	23776,73	
604,808	23673,26	
605,047	23694,3	
605,285	23513,67	
605,524	24185,35	
605,762	24109,94	
606	24202,89	
606,239	24097,66	
606,477	24900,87	
606,716	24802,66	
606,954	24823,7	
607,193	24488,74	
607,431	24541,35	
607,669	25062,21	
607,908	25062,21	
608,146	24683,41	
608,384	25248,11	
608,622	25197,25	
608,861	25430,49	
609,099	25623,4	
609,337	25093,78	
609,575	25937,32	
609,813	25518,18	
610,052	25688,29	
610,29	25388,4	
610,528	25533,96	
610,766	25698,81	
611,004	25591,84	
611,242	26093,4	
611,48	25919,78	
611,718	25963,63	
611,956	25849,63	
612,194	25877,69	
612,432	25928,55	
612,67	26051,31	
612,908	26323,14	
613,146	26082,88	
613,384	26205,64	
613,621	26123,22	
613,859	26146,01	
614,097	26186,35	
614,335	26445,9	
614,573	26107,43	
614,811	26714,22	
615,048	26568,66	
615,286	26345,94	
615,524	26440,64	
615,761	26616,01	
615,999	26810,68	
616,237	26302,1	
616,474	26756,31	
616,712	26789,63	
616,95	26701,95	
617,187	26868,55	
617,425	26919,41	
617,662	26435,38	
617,9	26735,27	
618,137	26789,63	
618,375	26863,29	
618,612	26877,32	
618,85	26908,88	
619,087	26631,8	
619,325	26917,65	
619,562	26765,08	
619,799	26719,48	
620,037	26780,86	
620,274	27217,54	
620,511	26814,18	
620,749	26926,42	
620,986	26517,8	
621,223	26896,61	
621,461	26433,62	
621,698	26821,2	
621,935	26835,23	
622,172	26758,06	
622,409	26884,33	
622,647	26803,66	
622,884	26526,57	
623,121	26603,74	
623,358	26389,78	
623,595	26638,81	
623,832	26580,94	
624,069	26701,95	
624,306	26386,27	
624,543	26573,92	
624,78	26200,38	
625,017	26593,21	
625,254	26789,63	
625,491	26684,41	
625,728	26312,62	
625,965	26493,25	
626,202	26535,34	
626,438	26377,51	
626,675	26461,68	
626,912	26089,89	
627,149	26040,79	
627,386	26349,45	
627,622	25937,32	
627,859	26032,02	
628,096	26084,63	
628,333	25916,28	
628,569	26133,74	
628,806	26147,77	
629,043	25921,54	
629,279	25716,35	
629,516	25797,02	
629,752	25726,87	
629,989	25779,49	
630,225	25730,38	
630,462	25462,06	
630,699	25572,55	
630,935	25740,9	
631,171	25879,45	
631,408	25409,45	
631,644	25265,64	
631,881	25028,89	
632,117	25085,01	
632,354	25256,87	
632,59	25474,34	
632,826	25016,61	
633,063	25104,3	
633,299	24918,41	
633,535	24927,17	
633,771	24741,28	
634,008	24730,76	
634,244	24925,42	
634,48	24776,35	
634,716	24611,5	
634,953	24574,68	
635,189	24057,33	
635,425	24523,82	
635,661	24437,88	
635,897	24425,61	
636,133	24565,91	
636,369	24341,43	
636,605	24195,87	
636,841	24094,15	
637,077	23687,29	
637,313	23806,54	
637,549	24157,29	
637,785	23808,3	
638,021	24080,12	
638,257	23385,65	
638,493	23445,28	
638,729	23052,44	
638,965	23655,72	
639,2	23613,63	
639,436	22806,92	
639,672	23348,82	
639,908	23026,13	
640,144	22920,91	
640,379	23233,07	
640,615	22994,57	
640,851	22777,11	
641,086	22538,6	
641,322	22766,58	
641,558	22343,94	
641,793	22347,44	
642,029	22554,38	
642,264	22119,46	
642,5	22580,69	
642,736	22135,24	
642,971	22259,76	
643,207	22212,41	
643,442	21973,9	
643,678	21702,07	
643,913	22321,14	
644,148	21605,62	
644,384	21602,11	
644,619	21728,38	
644,855	21305,73	
645,09	21509,16	
645,325	21172,45	
645,561	21142,63	
645,796	21058,45	
646,031	21037,41	
646,266	20795,39	
646,502	20988,3	
646,737	20734,01	
646,972	20723,49	
647,207	20379,76	
647,442	20353,46	
647,678	20513,04	
647,913	20534,09	
648,148	20072,86	
648,383	20630,54	
648,618	20164,05	
648,853	19922,04	
649,088	19900,99	
649,323	19886,96	
649,558	19857,15	
649,793	19767,71	
650,028	19744,91	
650,263	19671,26	
650,498	19215,29	
650,733	19604,61	
650,968	19288,94	
651,202	19141,63	
651,437	19276,67	
651,672	19034,65	
651,907	19032,9	
652,142	18738,27	
652,376	18664,62	
652,611	19176,71	
652,846	18403,31	
653,081	18220,92	
653,315	18473,46	
653,55	18250,74	
653,785	17854,4	
654,019	17880,7	
654,254	17736,9	
654,488	17621,15	
654,723	18106,93	
654,958	17512,42	
655,192	17377,38	
655,427	17529,96	
655,661	17451,04	
655,896	17428,24	
656,13	17459,81	
656,364	17242,35	
656,599	16893,35	
656,833	16693,43	
657,068	16744,29	
657,302	16567,16	
657,536	16896,86	
657,771	16253,24	
658,005	16472,46	
658,239	16497,01	
658,474	16195,37	
658,708	15998,95	
658,942	16247,98	
659,176	16232,2	
659,41	15851,64	
659,645	16307,61	
659,879	15676,27	
660,113	15548,25	
660,347	16223,43	
660,581	15683,28	
660,815	15360,6	
661,049	15265,9	
661,283	15344,81	
661,517	15258,88	
661,751	15160,67	
661,985	14971,27	
662,219	14552,13	
662,453	14885,34	
662,687	14503,02	
662,921	14369,74	
663,155	14443,4	
663,389	14580,19	
663,622	14143,51	
663,856	14211,91	
664,09	14050,56	
664,324	13855,9	
664,558	13836,61	
664,791	13903,25	
665,025	13638,44	
665,259	13845,38	
665,492	13752,43	
665,726	13675,27	
665,96	13277,17	
666,193	13412,21	
666,427	13024,63	
666,661	13412,21	
666,894	12798,4	
667,128	12796,65	
667,361	12873,81	
667,595	12744,04	
667,828	12761,57	
668,062	12630,04	
668,295	12328,4	
668,529	12510,79	
668,762	12291,58	
668,995	12370,49	
669,229	12079,37	
669,462	12195,12	
669,695	11805,79	
669,929	12026,76	
670,162	11774,23	
670,395	11691,8	
670,629	11889,97	
670,862	11814,56	
671,095	11563,78	
671,328	11412,96	
671,561	11256,88	
671,795	11162,18	
672,028	11412,96	
672,261	11167,44	
672,494	11151,65	
672,727	11067,47	
672,96	11121,84	
673,193	10958,74	
673,426	10821,95	
673,659	10650,09	
673,892	10586,95	
674,125	10616,77	
674,358	10655,35	
674,591	10187,1	
674,824	10402,81	
675,057	10325,65	
675,29	10336,17	
675,523	9920,54	
675,755	10066,1	
675,988	10102,93	
676,221	9713,6	
676,454	9957,37	
676,687	9617,14	
676,919	10053,82	
677,152	9564,53	
677,385	9639,94	
677,617	9427,74	
677,85	9429,49	
678,083	9161,17	
678,315	9154,16	
678,548	9087,52	
678,78	9106,81	
679,013	9171,7	
679,246	8963	
679,478	8878,82	
679,711	8905,13	
679,943	8585,95	
680,175	8912,15	
680,408	8763,08	
680,64	8450,91	
680,873	8379,01	
681,105	8559,65	
681,338	8424,61	
681,57	8473,71	
681,802	8394,8	
682,034	8312,37	
682,267	8049,31	
682,499	8226,44	
682,731	7917,78	
682,964	7949,35	
683,196	7777,48	
683,428	7880,95	
683,66	7738,9	
683,892	7931,81	
684,124	7512,67	
684,356	7840,62	
684,589	7484,61	
684,821	7726,63	
685,053	7332,04	
685,285	7342,56	
685,517	7170,69	
685,749	7310,99	
685,981	7368,87	
686,213	7172,45	
686,445	7016,37	
686,676	6895,36	
686,908	6979,54	
687,14	6940,96	
687,372	7182,97	
687,604	6842,75	
687,836	7023,38	
688,068	6876,07	
688,299	6674,39	
688,531	6549,88	
688,763	6695,43	
688,995	6555,14	
689,226	6439,39	
689,458	6453,42	
689,69	6574,43	
689,921	6320,14	
690,153	6242,97	
690,384	6034,28	
690,616	6188,61	
690,848	6183,35	
691,079	5939,58	
691,311	5950,1	
691,542	5937,83	
691,774	5850,14	
692,005	5864,17	
692,237	6055,32	
692,468	5713,35	
692,699	6018,5	
692,931	5564,28	
693,162	5616,89	
693,393	5488,87	
693,625	5443,27	
693,856	5522,19	
694,087	5411,71	
694,319	5416,97	
694,55	5380,14	
694,781	5171,45	
695,012	5320,51	
695,243	5194,25	
695,475	5285,44	
695,706	5420,48	
695,937	5050,44	
696,168	5120,59	
696,399	4871,56	
696,63	4836,48	
696,861	4897,87	
697,092	4824,21	
697,323	5059,21	
697,554	4854,02	
697,785	4801,41	
698,016	4801,41	
698,247	4683,91	
698,478	4664,62	
698,709	4543,61	
698,94	4601,49	
699,171	4604,99	
699,401	4747,04	
699,632	4319,14	
699,863	4231,45	
700,094	4469,96	
700,325	4264,77	
700,555	4455,93	
700,786	4452,42	
701,017	4377,01	
701,247	4334,92	
701,478	4326,15	
701,709	4236,71	
701,939	4206,9	
702,17	4241,97	
702,401	3978,91	
702,631	4333,17	
702,862	3919,29	
703,092	4077,12	
703,323	3866,67	
703,553	4026,26	
703,784	3821,08	
704,014	3908,76	
704,244	3794,77	
704,475	3917,53	
704,705	3642,2	
704,936	3831,6	
705,166	3773,73	
705,396	3600,11	
705,627	3707,09	
705,857	3570,29	
706,087	3545,74	
706,317	3372,12	
706,548	3447,53	
706,778	3468,58	
707,008	3586,08	
707,238	3286,19	
707,468	3358,09	
707,698	3300,22	
707,928	3384,4	
708,158	3279,18	
708,389	3275,67	
708,619	3270,41	
708,849	3226,56	
709,079	3152,91	
709,309	3328,28	
709,539	3245,86	
709,768	3089,77	
709,998	2965,26	
710,228	3107,31	
710,458	2991,56	
710,688	2975,78	
710,918	2928,43	
711,148	2835,48	
711,378	2923,17	
711,607	2840,74	
711,837	2858,28	
712,067	2875,82	
712,297	2767,09	
712,526	2733,77	
712,756	2730,26	
712,986	2633,8	
713,215	2817,95	
713,445	2833,73	
713,674	2603,99	
713,904	2637,31	
714,134	2546,12	
714,363	2512,8	
714,593	2526,83	
714,822	2591,72	
715,052	2586,45	
715,281	2533,84	
715,511	2542,61	
715,74	2475,97	
715,969	2532,09	
716,199	2547,87	
716,428	2307,61	
716,657	2405,82	
716,887	2428,62	
717,116	2379,51	
717,345	2321,64	
717,575	2474,22	
717,804	2361,98	
718,033	2233,96	
718,262	2205,9	
718,492	2088,4	
718,721	2386,53	
718,95	2035,78	
719,179	2191,87	
719,408	2065,6	
719,637	2109,44	
719,866	2188,36	
720,095	2104,18	
720,324	2290,07	
720,553	1967,39	
720,782	2084,89	
721,011	2032,28	
721,24	2007,72	
721,469	1876,19	
721,698	1827,09	
721,927	1960,37	
722,156	1997,2	
722,385	1862,17	
722,613	1802,54	
722,842	1984,93	
723,071	1718,36	
723,3	1835,86	
723,529	1939,33	
723,757	1811,31	
723,986	1579,82	
724,215	1660,49	
724,443	1720,11	
724,672	1760,45	
724,901	1718,36	
725,129	1669,26	
725,358	1681,53	
725,586	1697,31	
725,815	1758,7	
726,043	1863,92	
726,272	1720,11	
726,5	1734,14	
726,729	1772,73	
726,957	1628,92	
727,186	1632,43	
727,414	1539,48	
727,642	1521,94	
727,871	1741,16	
728,099	1725,37	
728,327	1593,84	
728,556	1564,03	
728,784	1723,62	
729,012	1269,41	
729,241	1471,08	
729,469	1427,24	
729,697	1281,68	
729,925	1376,38	
730,153	1436,01	
730,381	1194	
730,61	1293,96	
730,838	1257,13	
731,066	1371,12	
731,294	1372,88	
731,522	1332,54	
731,75	1251,87	
731,978	1469,33	
732,206	1346,57	
732,434	1323,77	
732,662	1436,01	
732,89	1388,66	
733,118	1094,03	
733,346	1316,76	
733,573	1232,58	
733,801	1411,46	
734,029	1197,5	
734,257	1074,74	
734,485	1141,38	
734,712	1236,08	
734,94	1150,15	
735,168	1071,23	
735,396	1192,24	
735,623	1060,71	
735,851	1157,17	
736,078	1123,85	
736,306	1001,09	
736,534	987,06	
736,761	943,21	
736,989	1127,35	
737,216	1069,48	
737,444	1344,82	
737,671	1036,16	
737,899	1336,05	
738,126	1130,86	
738,354	971,27	
738,581	1194	
738,809	1085,26	
739,036	1006,35	
739,263	1058,96	
739,491	960,75	
739,718	1101,05	
739,945	1050,19	
740,173	985,3	
740,4	839,74	
740,627	994,07	
740,854	829,22	
741,081	1113,32	
741,309	1150,15	
741,536	850,26	
741,763	808,18	
741,99	929,18	
742,217	839,74	
742,444	678,4	
742,671	760,82	
742,898	760,82	
743,125	813,44	
743,352	1120,34	
743,579	892,35	
743,806	736,27	
744,033	704,71	
744,26	797,65	
744,487	948,47	
744,714	694,18	
744,941	843,25	
745,167	785,38	
745,394	766,09	
745,621	1013,36	
745,848	752,06	
746,075	866,05	
746,301	794,15	
746,528	599,48	
746,755	722,24	
746,981	750,3	
747,208	708,21	
747,435	904,63	
747,661	823,96	
747,888	734,52	
748,114	829,22	
748,341	748,55	
748,567	850,26	
748,794	599,48	
749,02	713,47	
749,247	617,02	
749,473	636,31	
749,7	953,73	
749,926	890,6	
750,152	594,22	
750,379	895,86	
750,605	801,16	
750,831	699,44	
751,058	709,97	
751,284	773,1	
751,51	674,89	
751,737	785,38	
751,963	720,49	
752,189	448,66	
752,415	550,38	
752,641	497,77	
752,867	604,74	
753,094	671,38	
753,32	643,33	
753,546	673,14	
753,772	492,5	
753,998	606,5	
754,224	552,13	
754,45	671,38	
754,676	471,46	
754,902	641,57	
755,128	718,74	
755,354	611,76	
755,579	657,36	
755,805	396,05	
756,031	525,83	
756,257	571,42	
756,483	455,68	
756,709	580,19	
756,934	624,03	
757,16	545,12	
757,386	624,03	
757,612	604,74	
757,837	601,24	
758,063	510,04	
758,289	597,73	
758,514	489	
758,74	574,93	
758,965	580,19	
759,191	576,68	
759,416	287,32	
759,642	471,46	
759,868	341,68	
760,093	453,92	
760,318	487,24	
760,544	474,97	
760,769	382,02	
760,995	327,65	
761,22	278,55	
761,445	680,15	
761,671	611,76	
761,896	350,45	
762,121	401,31	
762,347	268,03	
762,572	587,21	
762,797	332,92	
763,022	541,61	
763,248	360,98	
763,473	494,26	
763,698	366,24	
763,923	476,72	
764,148	294,33	
764,373	438,14	
764,598	406,57	
764,823	469,71	
765,048	541,61	
765,273	555,64	
765,498	269,78	
765,723	404,82	
765,948	348,7	
766,173	382,02	
766,398	168,07	
766,623	560,9	
766,848	261,01	
767,073	306,61	
767,298	311,87	
767,522	239,97	
767,747	190,86	
767,972	318,89	
768,197	369,74	
768,421	255,75	
768,646	269,78	
768,871	175,08	
769,095	280,3	
769,32	134,74	
769,545	389,03	
769,769	220,68	
769,994	197,88	
770,218	306,61	
770,443	175,08	
770,667	273,29	
770,892	385,53	
771,116	353,96	
771,341	296,09	
771,565	310,12	
771,79	246,98	
772,014	169,82	
772,238	175,08	
772,463	213,66	
772,687	336,42	
772,911	143,51	
773,136	378,51	
773,36	275,04	
773,584	192,62	
773,808	268,03	
774,033	231,2	
774,257	268,03	
774,481	210,15	
774,705	287,32	
774,929	220,68	
775,153	243,48	
775,377	175,08	
775,602	82,13	
775,826	239,97	
776,05	224,18	
776,274	166,31	
776,498	159,3	
776,722	289,07	
776,945	185,6	
777,169	117,21	
777,393	162,8	
777,617	208,4	
777,841	196,13	
778,065	154,04	
778,289	313,62	
778,512	318,89	
778,736	306,61	
778,96	117,21	
779,184	296,09	
779,407	243,48	
779,631	255,75	
779,855	176,83	
780,078	85,64	
780,302	150,53	
780,526	145,27	
780,749	182,1	
780,973	178,59	
781,196	283,81	
781,42	125,98	
781,643	103,18	
781,867	103,18	
782,09	339,93	
782,314	150,53	
782,537	243,48	
782,76	113,7	
782,984	173,33	
783,207	-24,84	
783,431	147,02	
783,654	106,69	
783,877	52,32	
784,1	57,58	
784,324	185,6	
784,547	103,18	
784,77	31,27	
784,993	104,93	
785,216	227,69	
785,44	27,77	
785,663	201,39	
785,886	38,29	
786,109	152,28	
786,332	262,77	
786,555	131,24	
786,778	96,16	
787,001	104,93	
787,224	11,98	
787,447	31,27	
787,67	15,49	
787,893	110,19	
788,116	-72,2	
788,339	26,01	
788,561	-14,32	
788,784	143,51	
789,007	131,24	
789,23	254	
789,453	166,31	
789,675	127,73	
789,898	224,18	
790,121	152,28	
790,344	154,04	
790,566	218,92	
790,789	122,47	
791,012	106,69	
791,234	152,28	
791,457	152,28	
791,679	87,39	
791,902	41,8	
792,124	-31,86	
792,347	4,97	
792,569	26,01	
792,792	-45,89	
793,014	-16,08	
793,237	83,89	
793,459	-12,57	
793,681	117,21	
793,904	80,38	
794,126	4,97	
794,348	82,13	
794,571	168,07	
794,793	278,55	
795,015	17,24	
795,237	26,01	
795,46	4,97	
795,682	-58,17	
795,904	33,03	
796,126	6,72	
796,348	390,79	
796,57	211,91	
796,792	148,77	
797,014	61,09	
797,237	-9,06	
797,459	-19,58	
797,681	-10,81	
797,903	206,65	
798,124	36,54	
798,346	197,88	
798,568	73,36	
798,79	104,93	
799,012	-0,29	
799,234	192,62	
799,456	-0,29	
799,678	-116,04	
799,899	250,49	
800,121	134,74	
800,343	199,63	
800,565	138,25	
800,786	248,74	
801,008	64,6	
801,23	-24,84	
801,451	217,17	
801,673	1085,26	
801,895	59,33	
802,116	301,35	
802,338	87,39	
802,559	61,09	
802,781	103,18	
803,002	178,59	
803,224	-26,6	
803,445	-38,87	
803,667	89,15	
803,888	117,21	
804,109	108,44	
804,331	101,42	
804,552	27,77	
804,773	75,12	
804,995	-72,2	
805,216	94,41	
805,437	115,45	
805,658	92,66	
805,88	-5,55	
806,101	47,06	
806,322	97,92	
806,543	132,99	
806,764	-24,84	
806,985	185,6	
807,207	54,07	
807,428	131,24	
807,649	36,54	
807,87	17,24	
808,091	196,13	
808,312	-2,05	
808,533	-2,05	
808,754	-49,4	
808,975	101,42	
809,195	-23,09	
809,416	78,63	
809,637	47,06	
809,858	47,06	
810,079	-77,46	
810,3	75,12	
810,52	189,11	
810,741	29,52	
810,962	-212,49	
811,183	-51,15	
811,403	68,1	
811,624	173,33	
811,845	280,3	
812,065	162,8	
812,286	-2,05	
812,506	218,92	
812,727	11,98	
812,948	-40,63	
813,168	-28,35	
813,389	-16,08	
813,609	66,35	
813,83	194,37	
814,05	-102,01	
814,27	26,01	
814,491	26,01	
814,711	10,23	
814,931	19	
815,152	31,27	
815,372	162,8	
815,592	54,07	
815,813	87,39	
816,033	-68,69	
816,253	111,95	
816,473	129,48	
816,694	-61,67	
816,914	41,8	
817,134	80,38	
817,354	-9,06	
817,574	48,81	
817,794	140,01	
818,014	-51,15	
818,234	-172,16	
818,454	134,74	
818,674	99,67	
818,894	96,16	
819,114	-177,42	
819,334	101,42	
819,554	101,42	
819,774	-80,96	
819,994	103,18	
820,214	57,58	
820,433	108,44	
820,653	-52,9	
820,873	45,3	
821,093	36,54	
821,312	3,22	
821,532	-66,93	
821,752	-116,04	
821,972	-87,98	
822,191	-63,43	
822,411	185,6	
822,63	48,81	
822,85	136,5	
823,07	259,26	
823,289	-51,15	
823,509	-70,44	
823,728	-2,05	
823,948	-28,35	
824,167	169,82	
824,387	47,06	
824,606	-37,12	
824,825	110,19	
825,045	22,51	
825,264	-38,87	
825,483	103,18	
825,703	64,6	
825,922	-82,72	
826,141	45,3	
826,361	-94,99	
826,58	-68,69	
826,799	-3,8	
827,018	62,84	
827,237	-52,9	
827,456	-14,32	
827,676	27,77	
827,895	83,89	
828,114	-19,58	
828,333	-42,38	
828,552	-89,73	
828,771	43,55	
828,99	-2,05	
829,209	-66,93	
829,428	43,55	
829,647	-42,38	
829,866	-84,47	
830,084	-114,28	
830,303	17,24	
830,522	-3,8	
830,741	71,61	
830,96	117,21	
831,179	141,76	
831,397	31,27	
831,616	52,32	
831,835	-28,35	
832,053	120,71	
832,272	-35,37	
832,491	31,27	
832,709	111,95	
832,928	145,27	
833,147	52,32	
833,365	-37,12	
833,584	-52,9	
833,802	197,88	
834,021	36,54	
834,239	59,33	
834,458	-40,63	
834,676	-42,38	
834,894	-7,31	
835,113	13,74	
835,331	13,74	
835,55	76,87	
835,768	54,07	
835,986	-138,84	
836,204	36,54	
836,423	4,97	
836,641	103,18	
836,859	85,64	
837,077	175,08	
837,296	34,78	
837,514	82,13	
837,732	29,52	
837,95	-193,2	
838,168	15,49	
838,386	-30,11	
838,604	22,51	
838,822	-7,31	
839,04	38,29	
839,258	80,38	
839,476	4,97	
839,694	69,86	
839,912	-23,09	
840,13	-116,04	
840,348	-66,93	
840,566	29,52	
840,783	-37,12	
841,001	-79,21	
841,219	-73,95	
841,437	83,89	
841,655	-66,93	
841,872	92,66	
842,09	-61,67	
842,308	-77,46	
842,525	103,18	
842,743	-35,37	
842,961	76,87	
843,178	-133,58	
843,396	1,46	
843,613	201,39	
843,831	-16,08	
844,048	134,74	
844,266	-33,61	
844,483	175,08	
844,701	-93,24	
844,918	68,1	
845,136	-0,29	
845,353	-112,53	
845,57	138,25	
845,788	117,21	
846,005	197,88	
846,222	-96,75	
846,439	-9,06	
846,657	169,82	
846,874	-79,21	
847,091	-7,31	
847,308	34,78	
847,526	-23,09	
847,743	-80,96	
847,96	-159,88	
848,177	145,27	
848,394	-152,87	
848,611	-54,66	
848,828	73,36	
849,045	273,29	
849,262	-82,72	
849,479	-35,37	
849,696	97,92	
849,913	-17,83	
850,13	43,55	
850,347	122,47	
850,564	-5,55	
850,78	19	
850,997	-28,35	
851,214	17,24	
851,431	-80,96	
851,647	69,86	
851,864	-117,79	
852,081	-51,15	
852,298	-17,83	
852,514	-0,29	
852,731	96,16	
852,948	-158,13	
853,164	-194,96	
853,381	-221,26	
853,597	68,1	
853,814	75,12	
854,03	-52,9	
854,247	-161,64	
854,463	-31,86	
854,68	-54,66	
854,896	-37,12	
855,113	-91,49	
855,329	134,74	
855,545	-210,74	
855,762	34,78	
855,978	57,58	
856,194	11,98	
856,411	199,63	
856,627	-47,64	
856,843	-65,18	
857,059	-91,49	
857,275	-191,45	
857,492	150,53	
857,708	-73,95	
857,924	33,03	
858,14	-9,06	
858,356	33,03	
858,572	-0,29	
858,788	52,32	
859,004	-47,64	
859,22	-114,28	
859,436	-47,64	
859,652	127,73	
859,868	20,75	
860,084	-31,86	
860,3	317,13	
860,516	-116,04	
860,731	-73,95	
860,947	176,83	
861,163	6,72	
861,379	122,47	
861,595	-59,92	
861,81	-70,44	
862,026	-0,29	
862,242	-2,05	
862,457	-42,38	
862,673	24,26	
862,889	-44,14	
863,104	-65,18	
863,32	-61,67	
863,535	4,97	
863,751	-7,31	
863,966	-103,76	
864,182	-26,6	
864,397	108,44	
864,613	71,61	
864,828	57,58	
865,044	66,35	
865,259	-14,32	
865,474	-3,8	
865,69	-3,8	
865,905	-7,31	
866,12	45,3	
866,336	-19,58	
866,551	80,38	
866,766	-7,31	
866,981	-51,15	
867,196	143,51	
867,412	147,02	
867,627	-10,81	
867,842	-103,76	
868,057	-138,84	
868,272	-38,87	
868,487	57,58	
868,702	-38,87	
868,917	83,89	
869,132	-28,35	
869,347	-109,02	
869,562	-80,96	
869,777	143,51	
869,992	-65,18	
870,207	-96,75	
870,422	-66,93	
870,636	-144,1	
870,851	-80,96	
871,066	43,55	
871,281	41,8	
871,495	-42,38	
871,71	-35,37	
871,925	-80,96	
872,14	59,33	
872,354	110,19	
872,569	-5,55	
872,783	-156,37	
872,998	-24,84	
873,213	-31,86	
873,427	-124,81	
873,642	-98,5	
873,856	-51,15	
874,071	10,23	
874,285	-133,58	
874,5	-77,46	
874,714	-149,36	
874,928	211,91	
875,143	-94,99	
875,357	-93,24	
875,571	-12,57	
875,786	-124,81	
876	69,86	
876,214	-14,32	
876,429	-9,06	
876,643	175,08	
876,857	27,77	
877,071	-47,64	
877,285	-47,64	
877,499	-86,22	
877,714	-121,3	
877,928	-82,72	
878,142	-21,34	
878,356	-21,34	
878,57	-114,28	
878,784	-75,7	
878,998	136,5	
879,212	190,86	
879,426	33,03	
879,639	-149,36	
879,853	76,87	
880,067	52,32	
880,281	-24,84	
880,495	-159,88	
880,709	-201,97	
880,922	75,12	
881,136	90,9	
881,35	-270,37	
881,564	10,23	
881,777	-7,31	
881,991	-65,18	
882,205	-110,78	
882,418	76,87	
882,632	-31,86	
882,845	134,74	
883,059	-82,72	
883,273	20,75	
883,486	-51,15	
883,7	13,74	
883,913	104,93	
884,126	-56,41	
884,34	-23,09	
884,553	131,24	
884,767	-128,31	
884,98	-212,49	
885,193	-135,33	
885,407	155,79	
885,62	82,13	
885,833	-65,18	
886,046	-19,58	
886,26	-79,21	
886,473	-31,86	
886,686	-58,17	
886,899	183,85	
887,112	-24,84	
887,326	-51,15	
887,539	-158,13	
887,752	-58,17	
887,965	90,9	
888,178	-56,41	
888,391	-170,4	
888,604	-66,93	
888,817	50,57	
889,03	71,61	
889,243	36,54	
889,455	1,46	
889,668	-66,93	
889,881	59,33	
890,094	34,78	
890,307	-94,99	
890,52	-102,01	
890,732	17,24	
890,945	94,41	
891,158	-65,18	
891,37	111,95	
891,583	6,72	
891,796	10,23	
892,008	45,3	
892,221	211,91	
892,434	-121,3	
892,646	-152,87	
892,859	-21,34	
893,071	206,65	
893,284	-35,37	
893,496	-58,17	
893,709	-0,29	
893,921	29,52	
894,133	-123,05	
894,346	-40,63	
894,558	-54,66	
894,771	-44,14	
894,983	-59,92	
895,195	-165,14	
895,407	-84,47	
895,62	-214,25	
895,832	-93,24	
896,044	-119,55	
896,256	27,77	
896,468	68,1	
896,681	69,86	
896,893	4,97	
897,105	19	
897,317	57,58	
897,529	19	
897,741	-149,36	
897,953	-37,12	
898,165	99,67	
898,377	20,75	
898,589	4,97	
898,801	-142,34	
899,013	-30,11	
899,224	136,5	
899,436	-72,2	
899,648	1,46	
899,86	64,6	
900,072	15,49	
900,283	-3,8	
900,495	-9,06	
900,707	-3,8	
900,919	62,84	
901,13	38,29	
901,342	-52,9	
901,554	-124,81	
901,765	-24,84	
901,977	-37,12	
902,188	101,42	
902,4	136,5	
902,611	69,86	
902,823	20,75	
903,034	-33,61	
903,246	129,48	
903,457	90,9	
903,669	71,61	
903,88	82,13	
904,091	-186,19	
904,303	13,74	
904,514	-117,79	
904,725	-0,29	
904,936	29,52	
905,148	-133,58	
905,359	-40,63	
905,57	-133,58	
905,781	-72,2	
905,992	-214,25	
906,204	-128,31	
906,415	-137,08	
906,626	-100,25	
906,837	-166,9	
907,048	-102,01	
907,259	1,46	
907,47	104,93	
907,681	-82,72	
907,892	83,89	
908,103	-38,87	
908,314	38,29	
908,525	-2,05	
908,735	13,74	
908,946	-9,06	
909,157	-28,35	
909,368	20,75	
909,579	-121,3	
909,789	-2,05	
910	215,42	
910,211	-100,25	
910,421	-117,79	
910,632	-173,91	
910,843	-82,72	
911,053	152,28	
911,264	-135,33	
911,475	-77,46	
911,685	3,22	
911,896	-49,4	
912,106	-170,4	
912,317	-68,69	
912,527	96,16	
912,737	55,83	
912,948	-194,96	
913,158	-138,84	
913,369	83,89	
913,579	-170,4	
913,789	29,52	
914	-109,02	
914,21	157,54	
914,42	254	
914,63	-145,85	
914,841	-59,92	
915,051	62,84	
915,261	13,74	
915,471	-210,74	
915,681	125,98	
915,891	55,83	
916,101	61,09	
916,311	47,06	
916,521	-68,69	
916,731	162,8	
916,941	78,63	
917,151	85,64	
917,361	-19,58	
917,571	122,47	
917,781	-70,44	
917,991	-137,08	
918,201	154,04	
918,411	24,26	
918,621	132,99	
918,83	-65,18	
919,04	31,27	
919,25	-68,69	
919,46	-10,81	
919,669	-72,2	
919,879	124,22	
920,089	132,99	
920,298	-94,99	
920,508	122,47	
920,717	-96,75	
920,927	64,6	
921,136	-226,52	
921,346	-119,55	
921,555	-203,72	
921,765	-102,01	
921,974	-24,84	
922,184	-26,6	
922,393	145,27	
922,603	85,64	
922,812	-182,68	
923,021	41,8	
923,23	27,77	
923,44	-54,66	
923,649	66,35	
923,858	26,01	
924,067	-65,18	
924,277	-37,12	
924,486	-231,78	
924,695	-196,71	
924,904	54,07	
925,113	-79,21	
925,322	-254,58	
925,531	-75,7	
925,74	-114,28	
925,949	124,22	
926,158	-23,09	
926,367	-51,15	
926,576	-133,58	
926,785	40,04	
926,994	26,01	
927,203	-47,64	
927,412	-30,11	
927,621	-33,61	
927,83	-58,17	
928,038	-23,09	
928,247	-84,47	
928,456	141,76	
928,665	34,78	
928,873	33,03	
929,082	8,48	
929,291	50,57	
929,499	3,22	
929,708	36,54	
929,916	-89,73	
930,125	41,8	
930,333	108,44	
930,542	-73,95	
930,75	-49,4	
930,959	3,22	
931,167	-124,81	
931,376	-31,86	
931,584	45,3	
931,793	-163,39	
932,001	52,32	
932,209	13,74	
932,418	-28,35	
932,626	80,38	
932,834	-107,27	
933,042	-63,43	
933,251	-68,69	
933,459	-82,72	
933,667	101,42	
933,875	117,21	
934,083	-23,09	
934,291	-59,92	
934,499	-59,92	
934,707	90,9	
934,915	99,67	
935,123	-33,61	
935,331	-137,08	
935,539	-200,22	
935,747	-110,78	
935,955	-161,64	
936,163	-179,17	
936,371	-98,5	
936,579	-24,84	
936,787	-63,43	
936,995	-26,6	
937,202	-3,8	
937,41	85,64	
937,618	17,24	
937,826	-5,55	
938,033	-21,34	
938,241	13,74	
938,449	48,81	
938,656	-98,5	
938,864	-80,96	
939,071	4,97	
939,279	-82,72	
939,486	-61,67	
939,694	15,49	
939,901	-7,31	
940,109	-68,69	
940,316	10,23	
940,524	-28,35	
940,731	-73,95	
940,939	-30,11	
941,146	-210,74	
941,353	-63,43	
941,561	96,16	
941,768	-45,89	
941,975	-170,4	
942,182	-103,76	
942,39	141,76	
942,597	11,98	
942,804	-49,4	
943,011	-107,27	
943,218	59,33	
943,425	-42,38	
943,632	-12,57	
943,839	-86,22	
944,046	78,63	
944,253	-70,44	
944,46	-128,31	
944,667	45,3	
944,874	-54,66	
945,081	-52,9	
945,288	-54,66	
945,495	-79,21	
945,702	108,44	
945,909	-112,53	
946,115	-87,98	
946,322	76,87	
946,529	-33,61	
946,736	-63,43	
946,942	-103,76	
947,149	-137,08	
947,356	-23,09	
947,562	-175,66	
947,769	215,42	
947,976	45,3	
948,182	203,14	
948,389	54,07	
948,595	82,13	
948,802	75,12	
949,008	-94,99	
949,215	-12,57	
949,421	-198,46	
949,628	-65,18	
949,834	-33,61	
950,04	132,99	
950,247	-158,13	
950,453	-72,2	
950,659	-128,31	
950,865	-112,53	
951,072	-58,17	
951,278	69,86	
951,484	-37,12	
951,69	-82,72	
951,896	29,52	
952,103	-72,2	
952,309	4,97	
952,515	-149,36	
952,721	-130,07	
952,927	24,26	
953,133	-9,06	
953,339	106,69	
953,545	-30,11	
953,751	-63,43	
953,957	17,24	
954,163	-37,12	
954,369	234,71	
954,574	99,67	
954,78	-177,42	
954,986	-14,32	
955,192	22,51	
955,398	-49,4	
955,603	66,35	
955,809	15,49	
956,015	43,55	
956,22	-63,43	
956,426	-23,09	
956,632	-116,04	
956,837	-35,37	
957,043	97,92	
957,248	-191,45	
957,454	-65,18	
957,66	-130,07	
957,865	-33,61	
958,07	19	
958,276	127,73	
958,481	-124,81	
958,687	-151,11	
958,892	168,07	
959,097	-54,66	
959,303	45,3	
959,508	41,8	
959,713	-94,99	
959,919	-26,6	
960,124	-77,46	
960,329	59,33	
960,534	-100,25	
960,739	41,8	
960,945	-49,4	
961,15	-131,82	
961,355	-144,1	
961,56	-110,78	
961,765	-30,11	
961,97	-5,55	
962,175	-84,47	
962,38	-7,31	
962,585	-151,11	
962,79	-33,61	
962,995	-116,04	
963,2	-30,11	
963,404	54,07	
963,609	73,36	
963,814	-10,81	
964,019	80,38	
964,224	-47,64	
964,428	-54,66	
964,633	-137,08	
964,838	-186,19	
965,042	-77,46	
965,247	234,71	
965,452	-245,81	
965,656	20,75	
965,861	-63,43	
966,066	-142,34	
966,27	-105,52	
966,475	8,48	
966,679	-170,4	
966,884	-96,75	
967,088	-47,64	
967,292	-184,43	
967,497	48,81	
967,701	-16,08	
967,906	48,81	
968,11	-38,87	
968,314	-23,09	
968,518	26,01	
968,723	141,76	
968,927	-75,7	
969,131	-80,96	
969,335	1,46	
969,539	250,49	
969,744	-179,17	
969,948	34,78	
970,152	-144,1	
970,356	-14,32	
970,56	64,6	
970,764	-130,07	
970,968	33,03	
971,172	122,47	
971,376	236,46	
971,58	-31,86	
971,784	-38,87	
971,988	124,22	
972,192	-42,38	
972,395	15,49	
972,599	-91,49	
972,803	-17,83	
973,007	8,48	
973,21	1,46	
973,414	41,8	
973,618	-128,31	
973,822	3,22	
974,025	210,15	
974,229	17,24	
974,432	4,97	
974,636	11,98	
974,84	76,87	
975,043	-44,14	
975,247	136,5	
975,45	-103,76	
975,654	-145,85	
975,857	47,06	
976,06	-30,11	
976,264	59,33	
976,467	-165,14	
976,671	-42,38	
976,874	-12,57	
977,077	-61,67	
977,28	-63,43	
977,484	-172,16	
977,687	-37,12	
977,89	182,1	
978,093	-21,34	
978,297	1,46	
978,5	-59,92	
978,703	-30,11	
978,906	19	
979,109	-5,55	
979,312	-140,59	
979,515	17,24	
979,718	-58,17	
979,921	26,01	
980,124	-91,49	
980,327	54,07	
980,53	-154,62	
980,733	-89,73	
980,936	11,98	
981,138	15,49	
981,341	64,6	
981,544	-124,81	
981,747	-80,96	
981,949	-19,58	
982,152	-7,31	
982,355	129,48	
982,558	-21,34	
982,76	-119,55	
982,963	-42,38	
983,165	-124,81	
983,368	-91,49	
983,571	-26,6	
983,773	-12,57	
983,976	152,28	
984,178	41,8	
984,381	-5,55	
984,583	-35,37	
984,785	-116,04	
984,988	-26,6	
985,19	26,01	
985,392	-102,01	
985,595	117,21	
985,797	-66,93	
985,999	-91,49	
986,202	-12,57	
986,404	-38,87	
986,606	47,06	
986,808	164,56	
987,01	19	
987,212	122,47	
987,415	-35,37	
987,617	-93,24	
987,819	-87,98	
988,021	61,09	
988,223	52,32	
988,425	-54,66	
988,627	-184,43	
988,829	31,27	
989,031	71,61	
989,232	76,87	
989,434	-116,04	
989,636	113,7	
989,838	-102,01	
990,04	34,78	
990,242	54,07	
990,443	-84,47	
990,645	69,86	
990,847	-109,02	
991,048	22,51	
991,25	-152,87	
991,452	54,07	
991,653	-9,06	
991,855	-182,68	
992,057	-3,8	
992,258	-73,95	
992,46	36,54	
992,661	-30,11	
992,863	-26,6	
993,064	178,59	
993,265	38,29	
993,467	-59,92	
993,668	134,74	
993,87	108,44	
994,071	-38,87	
994,272	48,81	
994,473	13,74	
994,675	-63,43	
994,876	-154,62	
995,077	-10,81	
995,278	110,19	
995,48	11,98	
995,681	-9,06	
995,882	-51,15	
996,083	-7,31	
996,284	-44,14	
996,485	-51,15	
996,686	54,07	
996,887	19	
997,088	-86,22	
997,289	50,57	
997,49	-33,61	
997,691	47,06	
997,892	-68,69	
998,092	-117,79	
998,293	122,47	
998,494	-73,95	
998,695	-23,09	
998,896	34,78	
999,096	-49,4	
999,297	-123,05	
999,498	-119,55	
999,698	-12,57	
999,899	29,52	
1000,1	-254,58	
1000,3	-172,16	
1000,501	-54,66	
1000,701	-66,93	
1000,902	-10,81	
1001,102	211,91	
1001,303	-31,86	
1001,503	38,29	
1001,704	20,75	
1001,904	125,98	
1002,105	-24,84	
1002,305	-59,92	
1002,505	-137,08	
1002,706	-261,6	
1002,906	-117,79	
1003,106	-182,68	
1003,306	34,78	
1003,507	-28,35	
1003,707	-23,09	
1003,907	31,27	
1004,107	-51,15	
1004,307	43,55	
1004,507	-103,76	
1004,707	-26,6	
1004,907	-66,93	
1005,107	33,03	
1005,308	45,3	
1005,507	-200,22	
1005,707	-123,05	
1005,907	-87,98	
1006,107	-30,11	
1006,307	-42,38	
1006,507	31,27	
1006,707	-42,38	
1006,907	147,02	
1007,106	75,12	
1007,306	36,54	
1007,506	55,83	
1007,706	36,54	
1007,905	-107,27	
1008,105	29,52	
1008,305	-21,34	
1008,504	-61,67	
1008,704	41,8	
1008,903	-145,85	
1009,103	6,72	
1009,303	8,48	
1009,502	-21,34	
1009,702	8,48	
1009,901	-17,83	
1010,1	-128,31	
1010,3	-87,98	
1010,499	-16,08	
1010,699	-35,37	
1010,898	-172,16	
1011,097	-82,72	
1011,296	-116,04	
1011,496	26,01	
1011,695	145,27	
1011,894	-24,84	
1012,093	140,01	
1012,293	-42,38	
1012,492	-51,15	
1012,691	-86,22	
1012,89	-70,44	
1013,089	-51,15	
1013,288	103,18	
1013,487	-23,09	
1013,686	-65,18	
1013,885	-65,18	
1014,084	40,04	
1014,283	-26,6	
1014,482	-110,78	
1014,681	-201,97	
1014,88	-72,2	
1015,078	57,58	
1015,277	31,27	
1015,476	-28,35	
1015,675	-84,47	
1015,873	-2,05	
1016,072	-182,68	
1016,271	-24,84	
1016,47	-54,66	
1016,668	29,52	
1016,867	-149,36	
1017,065	-82,72	
1017,264	-73,95	
1017,463	-52,9	
1017,661	17,24	
1017,86	-19,58	
1018,058	3,22	
1018,256	-109,02	
1018,455	-165,14	
1018,653	-133,58	
1018,852	-63,43	
1019,05	-126,56	
1019,248	83,89	
1019,447	-151,11	
1019,645	-12,57	
1019,843	-40,63	
1020,041	-226,52	
1020,24	-114,28	
1020,438	-31,86	
1020,636	13,74	
1020,834	-98,5	
1021,032	47,06	
1021,23	-65,18	
1021,428	-38,87	
1021,626	85,64	
1021,824	26,01	
1022,022	-138,84	
1022,22	-237,05	
1022,418	-73,95	
1022,616	-123,05	
1022,814	-68,69	
1023,012	-63,43	
1023,21	-56,41	
1023,408	154,04	
1023,606	-102,01	
1023,803	-133,58	
1024,001	54,07	
1024,199	-65,18	
1024,397	47,06	
1024,594	161,05	
1024,792	-33,61	
1024,99	-96,75	
1025,187	43,55	
1025,385	89,15	
1025,582	-187,94	
1025,78	-56,41	
1025,977	-105,52	
1026,175	3,22	
1026,372	-89,73	
1026,57	-123,05	
1026,767	264,52	
1026,965	71,61	
1027,162	-172,16	
1027,359	-14,32	
1027,557	-91,49	
1027,754	-107,27	
1027,951	55,83	
1028,148	-52,9	
1028,346	106,69	
1028,543	-65,18	
1028,74	-82,72	
1028,937	-40,63	
1029,134	-0,29	
1029,331	-77,46	
1029,528	4,97	
1029,725	62,84	
1029,923	-130,07	
1030,12	131,24	
1030,317	-89,73	
1030,513	-33,61	
1030,71	-107,27	
1030,907	-14,32	
1031,104	61,09	
1031,301	-102,01	
1031,498	-130,07	
1031,695	-68,69	
1031,892	-142,34	
1032,088	-65,18	
1032,285	-116,04	
1032,482	-35,37	
1032,678	-140,59	
1032,875	15,49	
1033,072	190,86	
1033,268	-80,96	
1033,465	120,71	
1033,662	26,01	
1033,858	55,83	
1034,055	10,23	
1034,251	-133,58	
1034,448	80,38	
1034,644	-37,12	
1034,84	-33,61	
1035,037	-24,84	
1035,233	-219,51	
1035,43	-140,59	
1035,626	-177,42	
1035,822	-119,55	
1036,019	27,77	
1036,215	40,04	
1036,411	-30,11	
1036,607	-166,9	
1036,803	-96,75	
1037	8,48	
1037,196	204,89	
1037,392	-163,39	
1037,588	62,84	
1037,784	66,35	
1037,98	-21,34	
1038,176	-147,61	
1038,372	-19,58	
1038,568	-33,61	
1038,764	-0,29	
1038,96	-100,25	
1039,156	-51,15	
1039,352	-66,93	
1039,547	-24,84	
1039,743	-121,3	
1039,939	26,01	
1040,135	-187,94	
1040,331	-186,19	
1040,526	-109,02	
1040,722	-12,57	
1040,918	-156,37	
1041,113	6,72	
1041,309	-77,46	
1041,505	-38,87	
1041,7	-7,31	
1041,896	47,06	
1042,091	-152,87	
1042,287	50,57	
1042,482	101,42	
1042,678	1,46	
1042,873	68,1	
1043,069	-17,83	
1043,264	69,86	
1043,459	-14,32	
1043,655	-133,58	
1043,85	-79,21	
1044,045	-235,29	
1044,24	-114,28	
1044,436	-138,84	
1044,631	-44,14	
1044,826	-23,09	
1045,021	-23,09	
1045,216	-23,09	
