couleur : vert
angle source :0
angle capteur :30
source : 2700K
FLMT02171_1:101		
194,658	-571,28	
194,923	-571,28	
195,188	-571,28	
195,453	-553,74	
195,717	-3,07	
195,982	142,49	
196,247	-25,87	
196,512	-124,08	
196,777	-13,59	
197,042	-22,36	
197,307	107,42	
197,572	65,33	
197,837	-25,87	
198,101	-55,68	
198,366	-13,59	
198,631	19,73	
198,896	-53,93	
199,161	202,12	
199,425	-45,16	
199,69	116,18	
199,955	-20,61	
200,22	51,3	
200,484	-227,55	
200,749	-60,94	
201,014	9,21	
201,278	-115,31	
201,543	195,1	
201,807	-78,48	
202,072	191,59	
202,337	131,97	
202,601	51,3	
202,866	-108,29	
203,13	-97,77	
203,395	-25,87	
203,659	165,29	
203,924	-4,82	
204,189	2,19	
204,453	-17,1	
204,717	-67,96	
204,982	89,88	
205,246	51,3	
205,511	146	
205,775	5,7	
206,04	96,89	
206,304	-48,67	
206,568	9,21	
206,833	-118,81	
207,097	-55,68	
207,361	3,95	
207,626	-73,22	
207,89	5,7	
208,154	-62,7	
208,419	81,11	
208,683	-85,49	
208,947	131,97	
209,211	161,78	
209,476	98,65	
209,74	37,27	
210,004	302,08	
210,268	147,75	
210,532	238,95	
210,796	53,05	
211,061	-85,49	
211,325	39,02	
211,589	161,78	
211,853	207,38	
212,117	-57,43	
212,381	172,3	
212,645	-36,39	
212,909	84,62	
213,173	188,09	
213,437	-101,28	
213,701	160,03	
213,965	137,23	
214,229	105,66	
214,493	91,63	
214,757	47,79	
215,021	-31,13	
215,285	117,94	
215,549	-199,49	
215,813	7,45	
216,077	49,54	
216,34	128,46	
216,604	67,08	
216,868	-1,32	
217,132	-101,28	
217,396	81,11	
217,659	79,36	
217,923	219,65	
218,187	-66,2	
218,451	100,4	
218,714	33,76	
218,978	79,36	
219,242	261,74	
219,505	195,1	
219,769	-53,93	
220,033	123,2	
220,296	167,04	
220,56	58,31	
220,824	60,07	
221,087	89,88	
221,351	-4,82	
221,614	3,95	
221,878	-99,52	
222,142	19,73	
222,405	67,08	
222,669	-50,42	
222,932	5,7	
223,196	161,78	
223,459	137,23	
223,722	5,7	
223,986	-27,62	
224,249	154,77	
224,513	74,09	
224,776	-64,45	
225,04	56,56	
225,303	-76,73	
225,566	119,69	
225,83	188,09	
226,093	63,57	
226,356	-48,67	
226,62	252,98	
226,883	-76,73	
227,146	-83,74	
227,409	-27,62	
227,673	274,02	
227,936	-122,32	
228,199	133,72	
228,462	126,71	
228,725	49,54	
228,989	95,14	
229,252	51,3	
229,515	70,59	
229,778	126,71	
230,041	67,08	
230,304	-81,99	
230,567	-15,35	
230,83	42,53	
231,093	102,15	
231,356	19,73	
231,619	26,74	
231,882	-90,76	
232,145	77,6	
232,408	-78,48	
232,671	56,56	
232,934	-76,73	
233,197	91,63	
233,46	288,05	
233,723	3,95	
233,986	105,66	
234,249	-167,92	
234,512	81,11	
234,775	74,09	
235,037	86,37	
235,3	21,48	
235,563	480,96	
235,826	40,77	
236,089	58,31	
236,351	-8,33	
236,614	109,17	
236,877	89,88	
237,14	21,48	
237,402	-8,33	
237,665	88,12	
237,928	54,8	
238,19	-41,65	
238,453	77,6	
238,716	238,95	
238,978	19,73	
239,241	63,57	
239,503	17,98	
239,766	70,59	
240,029	63,57	
240,291	-20,61	
240,554	116,18	
240,816	100,4	
241,079	95,14	
241,341	14,47	
241,604	-136,35	
241,866	-4,82	
242,129	-46,91	
242,391	107,42	
242,653	53,05	
242,916	68,83	
243,178	37,27	
243,441	79,36	
243,703	33,76	
243,965	-22,36	
244,228	298,57	
244,49	-50,42	
244,752	26,74	
245,015	-6,58	
245,277	-17,1	
245,539	-92,51	
245,801	-83,74	
246,064	81,11	
246,326	158,27	
246,588	-46,91	
246,85	221,41	
247,112	-59,19	
247,374	131,97	
247,637	-29,37	
247,899	-110,05	
248,161	54,8	
248,423	12,71	
248,685	249,47	
248,947	56,56	
249,209	138,98	
249,471	0,44	
249,733	-94,26	
249,995	-29,37	
250,257	-48,67	
250,519	105,66	
250,781	179,32	
251,043	93,39	
251,305	84,62	
251,567	238,95	
251,829	-27,62	
252,091	100,4	
252,353	-103,03	
252,615	91,63	
252,876	42,53	
253,138	3,95	
253,4	30,25	
253,662	-43,4	
253,924	-210,01	
254,185	77,6	
254,447	19,73	
254,709	153,01	
254,971	49,54	
255,232	88,12	
255,494	207,38	
255,756	-27,62	
256,017	-76,73	
256,279	-164,41	
256,541	-4,82	
256,802	65,33	
257,064	7,45	
257,326	-73,22	
257,587	128,46	
257,849	163,53	
258,11	58,31	
258,372	56,56	
258,633	44,28	
258,895	230,18	
259,156	240,7	
259,418	54,8	
259,679	130,21	
259,941	72,34	
260,202	77,6	
260,464	-22,36	
260,725	112,68	
260,987	135,48	
261,248	-18,85	
261,509	63,57	
261,771	32,01	
262,032	35,51	
262,293	100,4	
262,555	93,39	
262,816	193,35	
263,077	-50,42	
263,338	-13,59	
263,6	-67,96	
263,861	-64,45	
264,122	114,43	
264,383	28,5	
264,645	-52,17	
264,906	93,39	
265,167	-59,19	
265,428	-11,84	
265,689	0,44	
265,95	195,1	
266,211	51,3	
266,473	-74,97	
266,734	30,25	
266,995	39,02	
267,256	0,44	
267,517	54,8	
267,778	23,24	
268,039	23,24	
268,3	153,01	
268,561	109,17	
268,822	-59,19	
269,083	107,42	
269,344	-43,4	
269,604	98,65	
269,865	-124,08	
270,126	93,39	
270,387	37,27	
270,648	-139,86	
270,909	-129,34	
271,17	124,95	
271,43	198,61	
271,691	58,31	
271,952	7,45	
272,213	-39,9	
272,473	-87,25	
272,734	146	
272,995	-110,05	
273,256	-108,29	
273,516	-8,33	
273,777	23,24	
274,038	7,45	
274,298	138,98	
274,559	47,79	
274,82	-45,16	
275,08	-39,9	
275,341	-150,38	
275,601	-160,9	
275,862	3,95	
276,122	121,45	
276,383	2,19	
276,643	124,95	
276,904	158,27	
277,164	135,48	
277,425	237,19	
277,685	-43,4	
277,946	84,62	
278,206	-92,51	
278,467	54,8	
278,727	267	
278,987	-6,58	
279,248	147,75	
279,508	35,51	
279,768	24,99	
280,029	-27,62	
280,289	-17,1	
280,549	-10,08	
280,81	88,12	
281,07	156,52	
281,33	-101,28	
281,59	195,1	
281,851	-8,33	
282,111	23,24	
282,371	163,53	
282,631	-8,33	
282,891	-20,61	
283,151	-62,7	
283,412	30,25	
283,672	37,27	
283,932	168,8	
284,192	-132,84	
284,452	-55,68	
284,712	26,74	
284,972	-22,36	
285,232	302,08	
285,492	-59,19	
285,752	175,81	
286,012	-24,11	
286,272	-139,86	
286,532	116,18	
286,792	75,85	
287,052	-48,67	
287,312	-18,85	
287,571	-3,07	
287,831	47,79	
288,091	109,17	
288,351	-118,81	
288,611	-145,12	
288,871	-67,96	
289,13	10,96	
289,39	128,46	
289,65	28,5	
289,91	430,1	
290,17	219,65	
290,429	-22,36	
290,689	68,83	
290,949	56,56	
291,208	-4,82	
291,468	-36,39	
291,728	10,96	
291,987	-94,26	
292,247	-31,13	
292,506	331,89	
292,766	49,54	
293,026	-22,36	
293,285	-4,82	
293,545	103,91	
293,804	-50,42	
294,064	186,33	
294,323	-3,07	
294,583	-57,43	
294,842	-136,35	
295,102	42,53	
295,361	219,65	
295,621	117,94	
295,88	133,72	
296,139	12,71	
296,399	46,04	
296,658	107,42	
296,917	-136,35	
297,177	63,57	
297,436	256,48	
297,695	103,91	
297,955	135,48	
298,214	-57,43	
298,473	32,01	
298,732	30,25	
298,992	126,71	
299,251	5,7	
299,51	42,53	
299,769	110,92	
300,028	-131,09	
300,287	35,51	
300,547	-111,8	
300,806	130,21	
301,065	-178,44	
301,324	37,27	
301,583	-27,62	
301,842	165,29	
302,101	72,34	
302,36	135,48	
302,619	79,36	
302,878	95,14	
303,137	61,82	
303,396	-166,17	
303,655	72,34	
303,914	128,46	
304,173	16,22	
304,432	63,57	
304,691	-113,55	
304,95	79,36	
305,208	86,37	
305,467	-29,37	
305,726	-143,37	
305,985	0,44	
306,244	47,79	
306,503	61,82	
306,761	102,15	
307,02	-96,02	
307,279	102,15	
307,537	105,66	
307,796	-174,93	
308,055	-103,03	
308,314	-8,33	
308,572	124,95	
308,831	-24,11	
309,09	189,84	
309,348	82,86	
309,607	-80,23	
309,865	112,68	
310,124	121,45	
310,382	165,29	
310,641	0,44	
310,9	-110,05	
311,158	112,68	
311,417	110,92	
311,675	-145,12	
311,933	21,48	
312,192	135,48	
312,45	-108,29	
312,709	46,04	
312,967	128,46	
313,226	228,42	
313,484	-67,96	
313,742	89,88	
314,001	26,74	
314,259	68,83	
314,517	146	
314,776	-8,33	
315,034	-20,61	
315,292	42,53	
315,55	196,86	
315,809	3,95	
316,067	42,53	
316,325	-83,74	
316,583	147,75	
316,841	-73,22	
317,1	89,88	
317,358	77,6	
317,616	-97,77	
317,874	74,09	
318,132	26,74	
318,39	186,33	
318,648	105,66	
318,906	35,51	
319,164	-1,32	
319,422	-66,2	
319,68	-96,02	
319,938	3,95	
320,196	28,5	
320,454	63,57	
320,712	-106,54	
320,97	-36,39	
321,228	-8,33	
321,486	-122,32	
321,744	14,47	
322,002	-41,65	
322,26	109,17	
322,517	116,18	
322,775	-57,43	
323,033	-20,61	
323,291	46,04	
323,549	-4,82	
323,806	12,71	
324,064	67,08	
324,322	67,08	
324,58	117,94	
324,837	-81,99	
325,095	-10,08	
325,353	205,62	
325,61	23,24	
325,868	193,35	
326,126	-39,9	
326,383	37,27	
326,641	-1,32	
326,898	-57,43	
327,156	107,42	
327,413	82,86	
327,671	54,8	
327,928	42,53	
328,186	102,15	
328,443	-85,49	
328,701	88,12	
328,958	-97,77	
329,216	81,11	
329,473	131,97	
329,731	-20,61	
329,988	202,12	
330,245	0,44	
330,503	-106,54	
330,76	42,53	
331,017	74,09	
331,275	35,51	
331,532	154,77	
331,789	112,68	
332,047	35,51	
332,304	16,22	
332,561	340,66	
332,818	-34,64	
333,076	-6,58	
333,333	-20,61	
333,59	51,3	
333,847	163,53	
334,104	189,84	
334,361	200,36	
334,618	-24,11	
334,876	170,55	
335,133	-131,09	
335,39	49,54	
335,647	-96,02	
335,904	-36,39	
336,161	-120,57	
336,418	-36,39	
336,675	-80,23	
336,932	47,79	
337,189	168,8	
337,446	81,11	
337,703	63,57	
337,96	30,25	
338,216	-101,28	
338,473	-34,64	
338,73	-60,94	
338,987	17,98	
339,244	-32,88	
339,501	93,39	
339,757	-111,8	
340,014	-64,45	
340,271	61,82	
340,528	30,25	
340,785	195,1	
341,041	3,95	
341,298	112,68	
341,555	24,99	
341,811	-99,52	
342,068	32,01	
342,325	-11,84	
342,581	35,51	
342,838	89,88	
343,094	126,71	
343,351	-92,51	
343,608	9,21	
343,864	56,56	
344,121	-83,74	
344,377	112,68	
344,634	295,06	
344,89	58,31	
345,147	-55,68	
345,403	81,11	
345,66	3,95	
345,916	-101,28	
346,172	44,28	
346,429	84,62	
346,685	9,21	
346,942	-4,82	
347,198	-96,02	
347,454	-39,9	
347,711	24,99	
347,967	12,71	
348,223	-50,42	
348,48	107,42	
348,736	9,21	
348,992	-43,4	
349,248	46,04	
349,504	-41,65	
349,761	5,7	
350,017	-25,87	
350,273	-62,7	
350,529	-74,97	
350,785	91,63	
351,041	-87,25	
351,297	12,71	
351,554	-31,13	
351,81	-127,58	
352,066	24,99	
352,322	-15,35	
352,578	477,45	
352,834	-4,82	
353,09	126,71	
353,346	-8,33	
353,602	53,05	
353,858	-38,14	
354,114	-29,37	
354,369	74,09	
354,625	-27,62	
354,881	12,71	
355,137	9,21	
355,393	-160,9	
355,649	-43,4	
355,905	-55,68	
356,16	-59,19	
356,416	2,19	
356,672	-3,07	
356,928	-17,1	
357,183	17,98	
357,439	-81,99	
357,695	-25,87	
357,951	-103,03	
358,206	26,74	
358,462	40,77	
358,718	-92,51	
358,973	33,76	
359,229	-1,32	
359,484	-3,07	
359,74	-69,71	
359,996	-6,58	
360,251	46,04	
360,507	-55,68	
360,762	47,79	
361,018	49,54	
361,273	-20,61	
361,529	-32,88	
361,784	277,53	
362,04	-87,25	
362,295	32,01	
362,55	-118,81	
362,806	33,76	
363,061	26,74	
363,316	-43,4	
363,572	117,94	
363,827	-59,19	
364,082	214,39	
364,338	-31,13	
364,593	-62,7	
364,848	203,87	
365,104	-145,12	
365,359	-1,32	
365,614	-78,48	
365,869	56,56	
366,124	-13,59	
366,38	82,86	
366,635	88,12	
366,89	112,68	
367,145	46,04	
367,4	24,99	
367,655	81,11	
367,91	-162,66	
368,165	-52,17	
368,42	16,22	
368,675	37,27	
368,93	19,73	
369,185	210,89	
369,44	30,25	
369,695	93,39	
369,95	16,22	
370,205	-66,2	
370,46	-45,16	
370,715	47,79	
370,97	-29,37	
371,225	195,1	
371,48	156,52	
371,734	-22,36	
371,989	119,69	
372,244	-136,35	
372,499	28,5	
372,754	177,56	
373,008	-224,04	
373,263	67,08	
373,518	191,59	
373,773	-76,73	
374,027	-78,48	
374,282	-31,13	
374,537	72,34	
374,791	198,61	
375,046	42,53	
375,301	193,35	
375,555	30,25	
375,81	-113,55	
376,064	-15,35	
376,319	123,2	
376,573	-89	
376,828	-124,08	
377,082	-80,23	
377,337	210,89	
377,591	-120,57	
377,846	-113,55	
378,1	117,94	
378,355	65,33	
378,609	249,47	
378,863	-17,1	
379,118	14,47	
379,372	49,54	
379,627	128,46	
379,881	138,98	
380,135	114,43	
380,389	-52,17	
380,644	-52,17	
380,898	89,88	
381,152	-97,77	
381,407	26,74	
381,661	65,33	
381,915	103,91	
382,169	74,09	
382,423	39,02	
382,677	-104,79	
382,932	142,49	
383,186	-3,07	
383,44	-96,02	
383,694	-106,54	
383,948	60,07	
384,202	58,31	
384,456	16,22	
384,71	37,27	
384,964	-38,14	
385,218	96,89	
385,472	54,8	
385,726	114,43	
385,98	138,98	
386,234	-60,94	
386,488	-52,17	
386,742	130,21	
386,996	114,43	
387,249	81,11	
387,503	286,3	
387,757	-11,84	
388,011	-36,39	
388,265	124,95	
388,518	-57,43	
388,772	7,45	
389,026	-4,82	
389,28	10,96	
389,533	14,47	
389,787	112,68	
390,041	24,99	
390,295	-155,64	
390,548	5,7	
390,802	-24,11	
391,055	109,17	
391,309	138,98	
391,563	-48,67	
391,816	88,12	
392,07	82,86	
392,323	100,4	
392,577	70,59	
392,83	42,53	
393,084	-25,87	
393,337	42,53	
393,591	142,49	
393,844	-34,64	
394,098	102,15	
394,351	-22,36	
394,604	193,35	
394,858	51,3	
395,111	-20,61	
395,364	2,19	
395,618	28,5	
395,871	-22,36	
396,124	117,94	
396,378	98,65	
396,631	23,24	
396,884	449,39	
397,137	249,47	
397,391	140,74	
397,644	119,69	
397,897	296,82	
398,15	284,54	
398,403	174,06	
398,657	112,68	
398,91	98,65	
399,163	-81,99	
399,416	156,52	
399,669	-59,19	
399,922	88,12	
400,175	67,08	
400,428	82,86	
400,681	-99,52	
400,934	-120,57	
401,187	149,51	
401,44	-29,37	
401,693	-17,1	
401,946	91,63	
402,199	214,39	
402,452	47,79	
402,704	-38,14	
402,957	93,39	
403,21	35,51	
403,463	-92,51	
403,716	-129,34	
403,969	75,85	
404,221	65,33	
404,474	95,14	
404,727	109,17	
404,98	184,58	
405,232	10,96	
405,485	75,85	
405,738	61,82	
405,99	-117,06	
406,243	65,33	
406,496	-152,14	
406,748	95,14	
407,001	147,75	
407,253	-32,88	
407,506	30,25	
407,759	128,46	
408,011	16,22	
408,264	207,38	
408,516	216,15	
408,769	124,95	
409,021	44,28	
409,274	96,89	
409,526	258,24	
409,778	46,04	
410,031	175,81	
410,283	205,62	
410,536	56,56	
410,788	49,54	
411,04	128,46	
411,293	-10,08	
411,545	19,73	
411,797	-94,26	
412,049	144,24	
412,302	174,06	
412,554	-25,87	
412,806	224,92	
413,058	138,98	
413,311	177,56	
413,563	-34,64	
413,815	153,01	
414,067	116,18	
414,319	270,51	
414,571	-134,6	
414,823	-6,58	
415,075	105,66	
415,328	33,76	
415,58	124,95	
415,832	-45,16	
416,084	228,42	
416,336	210,89	
416,588	28,5	
416,84	53,05	
417,091	209,13	
417,343	82,86	
417,595	189,84	
417,847	-27,62	
418,099	272,27	
418,351	88,12	
418,603	-111,8	
418,855	14,47	
419,106	119,69	
419,358	175,81	
419,61	-29,37	
419,862	88,12	
420,114	126,71	
420,365	249,47	
420,617	179,32	
420,869	288,05	
421,12	-99,52	
421,372	235,44	
421,624	142,49	
421,875	251,22	
422,127	368,72	
422,379	210,89	
422,63	202,12	
422,882	188,09	
423,133	102,15	
423,385	103,91	
423,636	105,66	
423,888	88,12	
424,139	259,99	
424,391	174,06	
424,642	10,96	
424,894	175,81	
425,145	223,16	
425,396	109,17	
425,648	189,84	
425,899	-11,84	
426,151	154,77	
426,402	147,75	
426,653	2,19	
426,905	168,8	
427,156	338,91	
427,407	175,81	
427,658	330,14	
427,91	254,73	
428,161	112,68	
428,412	-32,88	
428,663	116,18	
428,914	126,71	
429,166	131,97	
429,417	337,15	
429,668	103,91	
429,919	321,37	
430,17	140,74	
430,421	281,03	
430,672	133,72	
430,923	14,47	
431,174	140,74	
431,425	144,24	
431,676	88,12	
431,927	224,92	
432,178	316,11	
432,429	126,71	
432,68	310,85	
432,931	345,92	
433,182	210,89	
433,433	231,93	
433,683	35,51	
433,934	142,49	
434,185	265,25	
434,436	302,08	
434,687	172,3	
434,937	263,5	
435,188	223,16	
435,439	386,26	
435,69	147,75	
435,94	314,36	
436,191	279,28	
436,442	337,15	
436,692	421,33	
436,943	459,91	
437,194	312,6	
437,444	428,35	
437,695	333,65	
437,945	235,44	
438,196	261,74	
438,447	444,13	
438,697	323,12	
438,948	240,7	
439,198	282,79	
439,449	317,86	
439,699	377,49	
439,949	477,45	
440,2	293,31	
440,45	388,01	
440,701	356,44	
440,951	396,78	
441,201	579,17	
441,452	498,5	
441,702	538,83	
441,952	365,21	
442,203	391,52	
442,453	366,97	
442,703	544,09	
442,953	365,21	
443,204	337,15	
443,454	610,74	
443,704	577,41	
443,954	482,71	
444,204	656,33	
444,455	561,63	
444,705	610,74	
444,955	731,74	
445,205	628,27	
445,455	633,53	
445,705	642,3	
445,955	670,36	
446,205	587,94	
446,455	724,73	
446,705	707,19	
446,955	742,26	
447,205	661,59	
447,455	726,48	
447,705	707,19	
447,955	719,47	
448,205	859,76	
448,454	952,71	
448,704	879,06	
448,954	943,94	
449,204	745,77	
449,454	987,79	
449,704	929,91	
449,953	851	
450,203	994,8	
450,453	1078,98	
450,703	943,94	
450,952	949,2	
451,202	1184,2	
451,452	926,41	
451,701	1042,15	
451,951	1212,26	
452,201	1040,4	
452,45	1256,11	
452,7	1136,85	
452,949	1110,55	
453,199	1214,02	
453,448	1078,98	
453,698	1178,94	
453,947	1192,97	
454,197	1226,29	
454,446	1487,6	
454,696	1245,58	
454,945	1301,7	
455,195	1277,15	
455,444	1417,45	
455,693	1494,61	
455,943	1363,08	
456,192	1366,59	
456,442	1357,82	
456,691	1382,37	
456,94	1112,3	
457,189	1541,96	
457,439	1375,36	
457,688	1313,98	
457,937	1301,7	
458,186	1373,61	
458,436	1494,61	
458,685	1368,34	
458,934	1289,43	
459,183	1356,07	
459,432	1487,6	
459,681	1445,51	
459,93	1445,51	
460,179	1477,08	
460,429	1356,07	
460,678	1298,2	
460,927	1357,82	
461,176	1470,06	
461,425	1433,23	
461,674	1310,47	
461,923	1203,49	
462,172	1363,08	
462,42	1335,02	
462,669	1208,76	
462,918	1326,26	
463,167	1570,02	
463,416	1419,2	
463,665	1198,23	
463,914	1405,17	
464,162	1105,29	
464,411	1368,34	
464,66	1426,22	
464,909	1354,32	
465,158	1254,35	
465,406	1419,2	
465,655	1315,73	
465,904	1264,88	
466,152	1284,17	
466,401	1494,61	
466,65	1275,4	
466,898	1278,9	
467,147	1201,74	
467,395	1494,61	
467,644	1431,48	
467,893	1427,97	
468,141	1296,44	
468,39	1489,35	
468,638	1217,52	
468,887	1333,27	
469,135	1310,47	
469,384	1477,08	
469,632	1450,77	
469,88	1506,89	
470,129	1389,39	
470,377	1392,9	
470,626	1177,19	
470,874	1256,11	
471,122	1392,9	
471,371	1519,17	
471,619	1271,89	
471,867	1210,51	
472,115	1449,02	
472,364	1412,19	
472,612	1320,99	
472,86	1282,41	
473,108	1412,19	
473,356	1450,77	
473,605	1366,59	
473,853	1496,37	
474,101	1291,18	
474,349	1478,83	
474,597	1540,21	
474,845	1466,55	
475,093	1422,71	
475,341	1396,4	
475,589	1617,37	
475,837	1524,43	
476,085	1466,55	
476,333	1522,67	
476,581	1382,37	
476,829	1517,41	
477,077	1496,37	
477,325	1403,42	
477,573	1347,3	
477,821	1403,42	
478,069	1212,26	
478,317	1587,56	
478,564	1291,18	
478,812	1498,12	
479,06	1466,55	
479,308	1508,64	
479,555	1471,81	
479,803	1564,76	
480,051	1471,81	
480,299	1501,63	
480,546	1438,49	
480,794	1764,69	
481,042	1750,66	
481,289	1638,42	
481,537	1585,81	
481,784	1582,3	
482,032	1762,93	
482,28	1819,05	
482,527	1538,46	
482,775	1641,93	
483,022	1601,59	
483,27	1840,1	
483,517	1717,34	
483,765	1783,98	
484,012	1810,28	
484,259	1727,86	
484,507	1699,8	
484,754	1866,4	
485,002	1812,04	
485,249	1866,4	
485,496	1773,46	
485,744	2061,07	
485,991	1901,48	
486,238	1819,05	
486,486	2101,4	
486,733	2059,31	
486,98	2122,45	
487,227	2231,18	
487,474	1997,93	
487,722	1959,35	
487,969	2054,05	
488,216	2141,74	
488,463	2427,6	
488,71	2132,97	
488,957	2089,13	
489,204	2371,48	
489,451	2246,96	
489,699	2353,94	
489,946	2364,46	
490,193	2483,71	
490,44	2357,45	
490,687	2492,48	
490,934	2292,56	
491,18	2592,45	
491,427	2771,33	
491,674	2396,03	
491,921	2527,56	
492,168	2536,33	
492,415	2601,21	
492,662	2599,46	
492,909	2597,71	
493,155	2671,36	
493,402	2797,63	
493,649	2529,31	
493,896	2611,74	
494,142	2818,68	
494,389	2823,94	
494,636	2820,43	
494,883	2962,48	
495,129	3144,87	
495,376	3002,82	
495,623	3011,59	
495,869	3174,68	
496,116	3144,87	
496,362	3197,48	
496,609	3195,73	
496,855	3299,2	
497,102	3088,75	
497,348	3148,38	
497,595	3469,31	
497,841	3348,3	
498,088	3443	
498,334	3400,91	
498,581	3528,94	
498,827	3663,97	
499,074	3597,33	
499,32	3763,94	
499,566	3872,67	
499,813	3718,34	
500,059	3881,43	
500,305	3939,31	
500,552	4319,87	
500,798	3872,67	
501,044	4083,11	
501,29	4004,2	
501,537	4239,2	
501,783	3925,28	
502,029	4174,31	
502,275	4083,11	
502,521	4290,05	
502,767	4512,78	
503,013	4600,46	
503,26	4742,51	
503,506	4482,96	
503,752	4512,78	
503,998	4730,24	
504,244	4823,19	
504,49	4763,56	
504,736	4956,47	
504,982	4632,03	
505,228	4916,13	
505,474	5217,77	
505,72	5237,07	
505,966	4853	
506,211	4989,79	
506,457	5258,11	
506,703	5605,35	
506,949	5228,3	
507,195	5286,17	
507,441	5750,91	
507,686	5565,01	
507,932	5878,93	
508,178	5754,41	
508,424	5912,25	
508,669	5896,47	
508,915	6091,13	
509,161	6163,03	
509,406	6259,49	
509,652	6170,05	
509,898	6483,96	
510,143	6403,29	
510,389	6403,29	
510,634	6522,55	
510,88	6680,38	
511,125	6571,65	
511,371	7022,36	
511,616	6976,76	
511,862	7078,48	
512,107	6803,14	
512,353	7260,87	
512,598	7204,75	
512,844	7469,56	
513,089	7485,34	
513,335	7678,25	
513,58	7727,36	
513,825	7608,1	
514,071	7860,64	
514,316	7955,34	
514,561	8258,74	
514,806	8213,14	
515,052	8339,41	
515,297	8451,65	
515,542	8379,74	
515,787	8637,54	
516,033	8576,16	
516,278	8702,43	
516,523	8642,8	
516,768	8802,39	
517,013	9111,05	
517,258	8998,81	
517,503	9461,79	
517,748	9025,11	
517,993	9491,61	
518,238	9470,56	
518,483	9428,47	
518,728	9537,2	
518,973	9752,91	
519,218	9733,62	
519,463	10031,75	
519,708	10063,32	
519,953	10135,22	
520,198	10152,76	
520,443	10240,45	
520,688	10140,48	
520,933	10524,55	
521,177	10568,39	
521,422	10545,59	
521,667	10557,87	
521,912	10433,36	
522,157	10685,89	
522,401	10847,24	
522,646	10822,68	
522,891	11020,85	
523,135	10896,34	
523,38	11054,18	
523,625	11320,74	
523,869	11318,99	
524,114	11403,17	
524,358	11541,71	
524,603	11290,93	
524,848	11389,14	
525,092	11397,91	
525,337	11618,88	
525,581	11296,19	
525,826	11436,49	
526,07	11780,22	
526,315	11687,27	
526,559	11948,58	
526,803	12008,2	
527,048	12123,95	
527,292	11895,96	
527,537	11981,9	
527,781	11983,65	
528,025	11957,34	
528,269	12046,78	
528,514	12227,42	
528,758	12171,3	
529,002	11938,05	
529,247	12134,47	
529,491	12271,26	
529,735	12343,16	
529,979	12318,61	
530,223	12171,3	
530,467	12181,82	
530,712	12506,26	
530,956	12106,41	
531,2	12266	
531,444	12430,85	
531,688	12215,14	
531,932	12746,52	
532,176	12441,37	
532,42	12369,47	
532,664	12497,49	
532,908	12618,5	
533,152	12171,3	
533,396	12769,32	
533,64	12776,33	
533,884	12614,99	
534,128	12322,12	
534,371	12490,48	
534,615	12576,41	
534,859	12692,16	
535,103	12432,6	
535,347	12443,13	
535,59	12383,5	
535,834	12872,79	
536,078	12330,89	
536,322	12625,51	
536,565	12606,22	
536,809	12625,51	
537,053	12686,89	
537,296	12434,36	
537,54	12350,18	
537,784	12395,78	
538,027	12539,58	
538,271	12790,36	
538,514	12355,44	
538,758	12618,5	
539,001	12525,55	
539,245	12425,59	
539,488	12436,11	
539,732	12828,95	
539,975	12546,6	
540,219	12779,84	
540,462	12513,28	
540,706	12634,28	
540,949	12479,96	
541,192	12530,81	
541,436	12472,94	
541,679	12420,33	
541,922	12332,64	
542,166	12571,15	
542,409	12432,6	
542,652	12167,79	
542,895	12727,23	
543,139	12237,94	
543,382	12430,85	
543,625	12492,23	
543,868	12516,78	
544,111	12236,19	
544,354	12492,23	
544,598	12248,46	
544,841	12318,61	
545,084	12495,74	
545,327	12520,29	
545,57	12444,88	
545,813	12009,96	
546,056	12034,51	
546,299	12078,35	
546,542	12111,67	
546,785	12185,33	
547,028	12322,12	
547,271	12095,89	
547,514	12213,39	
547,756	12078,35	
547,999	12104,66	
548,242	11836,34	
548,485	11895,96	
548,728	12069,58	
548,971	11817,05	
549,213	12064,32	
549,456	11815,29	
549,699	11827,57	
549,942	11871,41	
550,184	11857,38	
550,427	11943,31	
550,67	12043,28	
550,912	11939,81	
551,155	11653,95	
551,398	11759,17	
551,64	11755,67	
551,883	11950,33	
552,125	11529,44	
552,368	11731,11	
552,61	11531,19	
552,853	11834,58	
553,095	11597,83	
553,338	11762,68	
553,58	11485,59	
553,823	11483,84	
554,065	11357,57	
554,308	11538,2	
554,55	11245,33	
554,792	11622,38	
555,035	11368,09	
555,277	11417,2	
555,519	11441,75	
555,762	11438,24	
556,004	11333,02	
556,246	11127,83	
556,488	11524,17	
556,731	11375,11	
556,973	11440	
557,215	11075,22	
557,457	11278,65	
557,699	11361,08	
557,941	11197,98	
558,183	11122,57	
558,426	10929,66	
558,668	11133,09	
558,91	10868,28	
559,152	11078,73	
559,394	10977,01	
559,636	11073,47	
559,878	10789,36	
560,12	11138,35	
560,362	11015,59	
560,604	11171,68	
560,845	10556,12	
561,087	11112,05	
561,329	10817,42	
561,571	10868,28	
561,813	10812,16	
562,055	11020,85	
562,297	10813,92	
562,538	11013,84	
562,78	10882,31	
563,022	10784,1	
563,264	10841,97	
563,505	10910,37	
563,747	10673,62	
563,989	10931,41	
564,23	10780,59	
564,472	10798,13	
564,714	10514,03	
564,955	10857,76	
565,197	10692,91	
565,438	10859,51	
565,68	10633,28	
565,921	10750,78	
566,163	10929,66	
566,404	10833,21	
566,646	10884,06	
566,887	10933,17	
567,129	10763,06	
567,37	10656,08	
567,612	10619,25	
567,853	11001,56	
568,094	10994,55	
568,336	11166,41	
568,577	11101,53	
568,818	10971,75	
569,06	10815,67	
569,301	11440	
569,542	10982,27	
569,783	10991,04	
570,025	10820,93	
570,266	11161,15	
570,507	11140,11	
570,748	11110,29	
570,989	11034,88	
571,23	10892,83	
571,472	11006,83	
571,713	10996,3	
571,954	10915,63	
572,195	10771,83	
572,436	10747,27	
572,677	10470,18	
572,918	10377,24	
573,159	10656,08	
573,4	10538,58	
573,641	10557,87	
573,882	10584,18	
574,123	10356,19	
574,364	10424,59	
574,604	10293,06	
574,845	10308,84	
575,086	10045,78	
575,327	10321,12	
575,568	10273,77	
575,809	10198,36	
576,049	10412,31	
576,29	10291,3	
576,531	10198,36	
576,771	10037,01	
577,012	9930,04	
577,253	9882,69	
577,494	9747,65	
577,734	9754,66	
577,975	9551,23	
578,215	9910,75	
578,456	9400,41	
578,697	9665,22	
578,937	9619,63	
579,178	9714,33	
579,418	9365,34	
579,659	9386,38	
579,899	9347,8	
580,14	9686,27	
580,38	9716,08	
580,62	9463,55	
580,861	9463,55	
581,101	9195,23	
581,342	9435,49	
581,582	9123,32	
581,822	9288,17	
582,063	9004,07	
582,303	9326,76	
582,543	9182,95	
582,783	8876,05	
583,024	8902,35	
583,264	8946,2	
583,504	8967,24	
583,744	8828,7	
583,984	8826,94	
584,224	8940,94	
584,465	9090	
584,705	8725,23	
584,945	8728,73	
585,185	8356,94	
585,425	8690,15	
585,665	8783,1	
585,905	8499	
586,145	8570,9	
586,385	8683,14	
586,625	8607,73	
586,865	8569,15	
587,105	8199,11	
587,345	8344,67	
587,585	8306,09	
587,824	8242,95	
588,064	8458,66	
588,304	8183,33	
588,544	8300,83	
588,784	8004,45	
589,024	8169,3	
589,263	7997,43	
589,503	7946,57	
589,743	7978,14	
589,982	7895,71	
590,222	8086,87	
590,462	7727,36	
590,701	7808,03	
590,941	7879,93	
591,181	7722,1	
591,42	7674,74	
591,66	7806,27	
591,899	7573,03	
592,139	7592,32	
592,378	7730,86	
592,618	7559	
592,857	7488,85	
593,097	7518,66	
593,336	7620,38	
593,576	7495,86	
593,815	7599,33	
594,055	7427,47	
594,294	7464,3	
594,533	7627,39	
594,773	7567,77	
595,012	7308,22	
595,251	7748,4	
595,491	7583,55	
595,73	7343,29	
595,969	7439,75	
596,208	7425,72	
596,447	7395,9	
596,687	7246,84	
596,926	7348,55	
597,165	7290,68	
597,404	7304,71	
597,643	7266,13	
597,882	7366,09	
598,121	7090,75	
598,36	7139,86	
598,599	7336,28	
598,838	7295,94	
599,077	7397,66	
599,316	7355,57	
599,555	7215,27	
599,794	7169,67	
600,033	7429,22	
600,272	7181,95	
600,511	7195,98	
600,75	7111,8	
600,989	7204,75	
601,228	6980,27	
601,466	7011,84	
601,705	7046,91	
601,944	7138,1	
602,183	7043,4	
602,422	7078,48	
602,66	6982,02	
602,899	7164,41	
603,138	6827,7	
603,376	7032,88	
603,615	6994,3	
603,854	7041,65	
604,092	6655,83	
604,331	6967,99	
604,569	6876,8	
604,808	6717,21	
605,047	6640,05	
605,285	6583,93	
605,524	6476,95	
605,762	6529,56	
606	6557,62	
606,239	6375,23	
606,477	6627,77	
606,716	6371,73	
606,954	6212,14	
607,193	6282,29	
607,431	6394,52	
607,669	6099,9	
607,908	6171,8	
608,146	5978,89	
608,384	6049,04	
608,622	6171,8	
608,861	6020,98	
609,099	6057,81	
609,337	5880,68	
609,575	6112,17	
609,813	5742,14	
610,052	5964,86	
610,29	5596,58	
610,528	5680,76	
610,766	5533,45	
611,004	5459,79	
611,242	5649,19	
611,48	5447,51	
611,718	5689,53	
611,956	5384,38	
612,194	5417,7	
612,432	5333,52	
612,67	5449,27	
612,908	5394,9	
613,146	5396,65	
613,384	5575,53	
613,621	5252,85	
613,859	4959,98	
614,097	5303,71	
614,335	5245,83	
614,573	5286,17	
614,811	5268,63	
615,048	5170,42	
615,286	4966,99	
615,524	5082,74	
615,761	5059,94	
615,999	4928,41	
616,237	4949,45	
616,474	4984,53	
616,712	4940,69	
616,95	5066,95	
617,187	4909,12	
617,425	5056,43	
617,662	4737,25	
617,9	4891,58	
618,137	4905,61	
618,375	4882,81	
618,612	4644,31	
618,85	4726,73	
619,087	4723,22	
619,325	4726,73	
619,562	4742,51	
619,799	4556,62	
620,037	4770,57	
620,274	4803,89	
620,511	4591,69	
620,749	4577,66	
620,986	4688,15	
621,223	4521,54	
621,461	4370,72	
621,698	4502,25	
621,935	4326,88	
622,172	4432,1	
622,409	4589,94	
622,647	4591,69	
622,884	4433,86	
623,121	4226,92	
623,358	4353,19	
623,595	4246,21	
623,832	4351,43	
624,069	4332,14	
624,306	4267,25	
624,543	4186,58	
624,78	4214,64	
625,017	4256,73	
625,254	4319,87	
625,491	4046,29	
625,728	4097,14	
625,965	4318,11	
626,202	4114,68	
626,438	4076,1	
626,675	4086,62	
626,912	4128,71	
627,149	4112,93	
627,386	4235,69	
627,622	3827,07	
627,859	4169,05	
628,096	4130,46	
628,333	4151,51	
628,569	3970,87	
628,806	4098,9	
629,043	3927,03	
629,279	3949,83	
629,516	3956,85	
629,752	3953,34	
629,989	3762,18	
630,225	3770,95	
630,462	3935,8	
630,699	3774,46	
630,935	3737,63	
631,171	3699,05	
631,408	3776,21	
631,644	3704,31	
631,881	3620,13	
632,117	3662,22	
632,354	3663,97	
632,59	3720,09	
632,826	3634,16	
633,063	3697,29	
633,299	3332,52	
633,535	3706,06	
633,771	3299,2	
634,008	3595,58	
634,244	3395,65	
634,48	3423,71	
634,716	3453,53	
634,953	3334,27	
635,189	3313,23	
635,425	3518,41	
635,661	3406,18	
635,897	3474,57	
636,133	3341,29	
636,369	3306,21	
636,605	3495,62	
636,841	3421,96	
637,077	3362,33	
637,313	3292,18	
637,549	3418,45	
637,785	3348,3	
638,021	3016,85	
638,257	3264,12	
638,493	3004,57	
638,729	3179,94	
638,965	3243,08	
639,2	3237,82	
639,436	3060,69	
639,672	3095,77	
639,908	3113,3	
640,144	2871,29	
640,379	3158,9	
640,615	3113,3	
640,851	2980,02	
641,086	2939,68	
641,322	3057,18	
641,558	2951,96	
641,793	2869,53	
642,029	2929,16	
642,264	2680,13	
642,5	3058,94	
642,736	3006,33	
642,971	2883,56	
643,207	2941,44	
643,442	2764,31	
643,678	3037,89	
643,913	2969,5	
644,148	2659,09	
644,384	3015,09	
644,619	2904,61	
644,855	2799,39	
645,09	2625,77	
645,325	2799,39	
645,561	2462,67	
645,796	2701,18	
646,031	2599,46	
646,266	2499,5	
646,502	2799,39	
646,737	2371,48	
646,972	2539,83	
647,207	2597,71	
647,442	2460,92	
647,678	2462,67	
647,913	2652,07	
648,148	2532,82	
648,383	2555,62	
648,618	2501,25	
648,853	2420,58	
649,088	2392,52	
649,323	2441,63	
649,558	2615,24	
649,793	2345,17	
650,028	2476,7	
650,263	2410,06	
650,498	2329,39	
650,733	2147	
650,968	2429,35	
651,202	2234,69	
651,437	2436,36	
651,672	2462,67	
651,907	2318,86	
652,142	2225,92	
652,376	2359,2	
652,611	2432,86	
652,846	2294,31	
653,081	2324,13	
653,315	2131,22	
653,55	2134,72	
653,785	2108,42	
654,019	2161,03	
654,254	2260,99	
654,488	2052,3	
654,723	2383,75	
654,958	1938,31	
655,192	2013,72	
655,427	2057,56	
655,661	2190,84	
655,896	2104,91	
656,13	2096,14	
656,364	2073,34	
656,599	1931,29	
656,833	2064,57	
657,068	1894,46	
657,302	1957,6	
657,536	2197,86	
657,771	1896,22	
658,005	2008,46	
658,239	1775,21	
658,474	1705,06	
658,708	1868,16	
658,942	1822,56	
659,176	1990,92	
659,41	2139,98	
659,645	2118,94	
659,879	1913,75	
660,113	1747,15	
660,347	1989,16	
660,581	2010,21	
660,815	1775,21	
661,049	1705,06	
661,283	1904,99	
661,517	1689,28	
661,751	1783,98	
661,985	1617,37	
662,219	1645,43	
662,453	1615,62	
662,687	1578,79	
662,921	1510,4	
663,155	1812,04	
663,389	1783,98	
663,622	1657,71	
663,856	1550,73	
664,09	1499,87	
664,324	1647,19	
664,558	1587,56	
664,791	1724,35	
665,025	1424,46	
665,259	1578,79	
665,492	1540,21	
665,726	1468,31	
665,96	1515,66	
666,193	1736,63	
666,427	1515,66	
666,661	1612,11	
666,894	1419,2	
667,128	1480,58	
667,361	1783,98	
667,595	1522,67	
667,828	1596,33	
668,062	1555,99	
668,295	1291,18	
668,529	1531,44	
668,762	1557,75	
668,995	1566,52	
669,229	1547,23	
669,462	1554,24	
669,695	1419,2	
669,929	1466,55	
670,162	1450,77	
670,395	1433,23	
670,629	1475,32	
670,862	1454,28	
671,095	1368,34	
671,328	1214,02	
671,561	1433,23	
671,795	1443,76	
672,028	1485,84	
672,261	1270,14	
672,494	1189,46	
672,727	1468,31	
672,96	1477,08	
673,193	1371,85	
673,426	1242,08	
673,659	1317,49	
673,892	1380,62	
674,125	1363,08	
674,358	1394,65	
674,591	1147,38	
674,824	1312,23	
675,057	1154,39	
675,29	1398,16	
675,523	1171,93	
675,755	1377,11	
675,988	1322,75	
676,221	1292,93	
676,454	1398,16	
676,687	1235,06	
676,919	1408,68	
677,152	1324,5	
677,385	1019,35	
677,617	1138,61	
677,85	1245,58	
678,083	1196,48	
678,315	1017,6	
678,548	1089,5	
678,78	1019,35	
679,013	1320,99	
679,246	1159,65	
679,478	1150,88	
679,711	1320,99	
679,943	1201,74	
680,175	1166,67	
680,408	1015,85	
680,64	1059,69	
680,873	1029,88	
681,105	1156,14	
681,338	1159,65	
681,57	1129,84	
681,802	1175,44	
682,034	1035,14	
682,267	957,97	
682,499	1047,41	
682,731	1091,26	
682,964	1103,53	
683,196	1050,92	
683,428	1047,41	
683,66	959,73	
683,892	1233,31	
684,124	956,22	
684,356	1122,82	
684,589	977,26	
684,821	1207	
685,053	919,39	
685,285	1026,37	
685,517	929,91	
685,749	1082,49	
685,981	1119,32	
686,213	877,3	
686,445	829,95	
686,676	756,29	
686,908	893,09	
687,14	882,56	
687,372	1266,63	
687,604	1043,91	
687,836	1101,78	
688,068	924,65	
688,299	880,81	
688,531	875,55	
688,763	993,05	
688,995	1031,63	
689,226	961,48	
689,458	924,65	
689,69	1000,06	
689,921	907,11	
690,153	884,32	
690,384	842,23	
690,616	810,66	
690,848	970,25	
691,079	728,23	
691,311	866,78	
691,542	905,36	
691,774	780,85	
692,005	794,88	
692,237	1014,09	
692,468	738,76	
692,699	936,93	
692,931	784,35	
693,162	668,61	
693,393	668,61	
693,625	721,22	
693,856	843,98	
694,087	747,53	
694,319	728,23	
694,55	724,73	
694,781	733,5	
695,012	815,92	
695,243	630,03	
695,475	887,82	
695,706	910,62	
695,937	612,49	
696,168	798,38	
696,399	765,06	
696,63	598,46	
696,861	712,45	
697,092	616	
697,323	789,62	
697,554	701,93	
697,785	756,29	
698,016	724,73	
698,247	666,85	
698,478	686,15	
698,709	547,6	
698,94	645,81	
699,171	707,19	
699,401	807,15	
699,632	617,75	
699,863	659,84	
700,094	544,09	
700,325	635,29	
700,555	814,17	
700,786	873,79	
701,017	670,36	
701,247	661,59	
701,478	644,06	
701,709	561,63	
701,939	514,28	
702,17	756,29	
702,401	630,03	
702,631	719,47	
702,862	561,63	
703,092	658,09	
703,323	351,18	
703,553	484,47	
703,784	563,38	
704,014	729,99	
704,244	589,69	
704,475	610,74	
704,705	505,51	
704,936	552,86	
705,166	600,21	
705,396	375,74	
705,627	673,87	
705,857	603,72	
706,087	449,39	
706,317	388,01	
706,548	514,28	
706,778	677,38	
707,008	526,56	
707,238	414,32	
707,468	447,64	
707,698	335,4	
707,928	538,83	
708,158	491,48	
708,389	480,96	
708,619	498,5	
708,849	551,11	
709,079	491,48	
709,309	491,48	
709,539	563,38	
709,768	505,51	
709,998	328,39	
710,228	410,81	
710,458	389,77	
710,688	503,76	
710,918	417,83	
711,148	431,86	
711,378	444,13	
711,607	381	
711,837	368,72	
712,067	366,97	
712,297	381	
712,526	366,97	
712,756	363,46	
712,986	286,3	
713,215	377,49	
713,445	423,09	
713,674	384,5	
713,904	417,83	
714,134	221,41	
714,363	288,05	
714,593	335,4	
714,822	358,2	
715,052	272,27	
715,281	419,58	
715,511	445,88	
715,74	393,27	
715,969	414,32	
716,199	456,41	
716,428	291,56	
716,657	363,46	
716,887	463,42	
717,116	274,02	
717,345	358,2	
717,575	503,76	
717,804	347,68	
718,033	207,38	
718,262	312,6	
718,492	256,48	
718,721	351,18	
718,95	156,52	
719,179	328,39	
719,408	216,15	
719,637	296,82	
719,866	298,57	
720,095	265,25	
720,324	561,63	
720,553	235,44	
720,782	356,44	
721,011	342,42	
721,24	284,54	
721,469	214,39	
721,698	188,09	
721,927	267	
722,156	326,63	
722,385	265,25	
722,613	110,92	
722,842	305,59	
723,071	158,27	
723,3	240,7	
723,529	274,02	
723,757	123,2	
723,986	26,74	
724,215	142,49	
724,443	265,25	
724,672	231,93	
724,901	163,53	
725,129	126,71	
725,358	163,53	
725,586	154,77	
725,815	175,81	
726,043	349,43	
726,272	259,99	
726,5	381	
726,729	238,95	
726,957	172,3	
727,186	175,81	
727,414	119,69	
727,642	110,92	
727,871	344,17	
728,099	303,83	
728,327	228,42	
728,556	242,45	
728,784	316,11	
729,012	-45,16	
729,241	282,79	
729,469	114,43	
729,697	82,86	
729,925	189,84	
730,153	61,82	
730,381	-89	
730,61	86,37	
730,838	252,98	
731,066	193,35	
731,294	161,78	
731,522	163,53	
731,75	117,94	
731,978	242,45	
732,206	184,58	
732,434	42,53	
732,662	219,65	
732,89	217,9	
733,118	156,52	
733,346	233,68	
733,573	165,29	
733,801	205,62	
734,029	105,66	
734,257	5,7	
734,485	142,49	
734,712	261,74	
734,94	121,45	
735,168	151,26	
735,396	88,12	
735,623	107,42	
735,851	146	
736,078	75,85	
736,306	100,4	
736,534	191,59	
736,761	-18,85	
736,989	193,35	
737,216	196,86	
737,444	447,64	
737,671	160,03	
737,899	373,98	
738,126	212,64	
738,354	-13,59	
738,581	326,63	
738,809	140,74	
739,036	37,27	
739,263	212,64	
739,491	133,72	
739,718	198,61	
739,945	130,21	
740,173	110,92	
740,4	-1,32	
740,627	91,63	
740,854	51,3	
741,081	142,49	
741,309	400,29	
741,536	32,01	
741,763	24,99	
741,99	103,91	
742,217	107,42	
742,444	24,99	
742,671	142,49	
742,898	-60,94	
743,125	95,14	
743,352	321,37	
743,579	146	
743,806	23,24	
744,033	72,34	
744,26	103,91	
744,487	182,83	
744,714	56,56	
744,941	68,83	
745,167	181,07	
745,394	179,32	
745,621	277,53	
745,848	151,26	
746,075	235,44	
746,301	91,63	
746,528	-36,39	
746,755	47,79	
746,981	103,91	
747,208	96,89	
747,435	210,89	
747,661	130,21	
747,888	35,51	
748,114	161,78	
748,341	270,51	
748,567	256,48	
748,794	19,73	
749,02	74,09	
749,247	119,69	
749,473	128,46	
749,7	268,76	
749,926	337,15	
750,152	-36,39	
750,379	207,38	
750,605	366,97	
750,831	156,52	
751,058	119,69	
751,284	172,3	
751,51	-11,84	
751,737	212,64	
751,963	138,98	
752,189	-132,84	
752,415	26,74	
752,641	100,4	
752,867	54,8	
753,094	133,72	
753,32	105,66	
753,546	242,45	
753,772	54,8	
753,998	189,84	
754,224	24,99	
754,45	81,11	
754,676	19,73	
754,902	217,9	
755,128	319,62	
755,354	103,91	
755,579	184,58	
755,805	-59,19	
756,031	10,96	
756,257	68,83	
756,483	14,47	
756,709	184,58	
756,934	226,67	
757,16	23,24	
757,386	186,33	
757,612	116,18	
757,837	82,86	
758,063	110,92	
758,289	93,39	
758,514	37,27	
758,74	174,06	
758,965	196,86	
759,191	105,66	
759,416	-53,93	
759,642	-64,45	
759,868	-59,19	
760,093	77,6	
760,318	147,75	
760,544	16,22	
760,769	7,45	
760,995	-39,9	
761,22	-101,28	
761,445	249,47	
761,671	230,18	
761,896	53,05	
762,121	-11,84	
762,347	-64,45	
762,572	258,24	
762,797	17,98	
763,022	156,52	
763,248	19,73	
763,473	81,11	
763,698	21,48	
763,923	86,37	
764,148	58,31	
764,373	116,18	
764,598	-1,32	
764,823	186,33	
765,048	198,61	
765,273	202,12	
765,498	110,92	
765,723	42,53	
765,948	44,28	
766,173	75,85	
766,398	-24,11	
766,623	284,54	
766,848	-6,58	
767,073	-15,35	
767,298	133,72	
767,522	-39,9	
767,747	-15,35	
767,972	102,15	
768,197	56,56	
768,421	-13,59	
768,646	-74,97	
768,871	-24,11	
769,095	-8,33	
769,32	53,05	
769,545	158,27	
769,769	-43,4	
769,994	-36,39	
770,218	14,47	
770,443	9,21	
770,667	79,36	
770,892	137,23	
771,116	84,62	
771,341	74,09	
771,565	117,94	
771,79	12,71	
772,014	-110,05	
772,238	24,99	
772,463	23,24	
772,687	168,8	
772,911	-24,11	
773,136	198,61	
773,36	54,8	
773,584	89,88	
773,808	81,11	
774,033	5,7	
774,257	146	
774,481	-6,58	
774,705	105,66	
774,929	9,21	
775,153	74,09	
775,377	-24,11	
775,602	-122,32	
775,826	81,11	
776,05	37,27	
776,274	-85,49	
776,498	-32,88	
776,722	138,98	
776,945	103,91	
777,169	-39,9	
777,393	46,04	
777,617	-4,82	
777,841	0,44	
778,065	0,44	
778,289	33,76	
778,512	170,55	
778,736	167,04	
778,96	-76,73	
779,184	70,59	
779,407	165,29	
779,631	33,76	
779,855	-66,2	
780,078	88,12	
780,302	-31,13	
780,526	40,77	
780,749	49,54	
780,973	68,83	
781,196	149,51	
781,42	33,76	
781,643	67,08	
781,867	-48,67	
782,09	77,6	
782,314	-32,88	
782,537	53,05	
782,76	23,24	
782,984	60,07	
783,207	-199,49	
783,431	135,48	
783,654	-113,55	
783,877	-218,78	
784,1	-39,9	
784,324	121,45	
784,547	103,91	
784,77	-24,11	
784,993	77,6	
785,216	156,52	
785,44	-81,99	
785,663	67,08	
785,886	-4,82	
786,109	-24,11	
786,332	286,3	
786,555	-96,02	
786,778	51,3	
787,001	-71,46	
787,224	-78,48	
787,447	-94,26	
787,67	-110,05	
787,893	-134,6	
788,116	-139,86	
788,339	-6,58	
788,561	-124,08	
788,784	-25,87	
789,007	-62,7	
789,23	81,11	
789,453	63,57	
789,675	54,8	
789,898	114,43	
790,121	144,24	
790,344	117,94	
790,566	144,24	
790,789	84,62	
791,012	19,73	
791,234	9,21	
791,457	140,74	
791,679	33,76	
791,902	-41,65	
792,124	-185,46	
792,347	-134,6	
792,569	-24,11	
792,792	-83,74	
793,014	-87,25	
793,237	30,25	
793,459	-122,32	
793,681	-39,9	
793,904	28,5	
794,126	-92,51	
794,348	51,3	
794,571	146	
794,793	195,1	
795,015	10,96	
795,237	-132,84	
795,46	12,71	
795,682	-101,28	
795,904	-13,59	
796,126	-141,61	
796,348	238,95	
796,57	70,59	
796,792	100,4	
797,014	-17,1	
797,237	-27,62	
797,459	-108,29	
797,681	24,99	
797,903	58,31	
798,124	-57,43	
798,346	179,32	
798,568	-57,43	
798,79	23,24	
799,012	-81,99	
799,234	91,63	
799,456	-120,57	
799,678	-62,7	
799,899	153,01	
800,121	61,82	
800,343	189,84	
800,565	161,78	
800,786	147,75	
801,008	-41,65	
801,23	-73,22	
801,451	84,62	
801,673	1035,14	
801,895	74,09	
802,116	133,72	
802,338	-50,42	
802,559	21,48	
802,781	30,25	
803,002	107,42	
803,224	21,48	
803,445	-66,2	
803,667	32,01	
803,888	19,73	
804,109	68,83	
804,331	24,99	
804,552	44,28	
804,773	89,88	
804,995	-90,76	
805,216	175,81	
805,437	110,92	
805,658	96,89	
805,88	-13,59	
806,101	-3,07	
806,322	133,72	
806,543	67,08	
806,764	-27,62	
806,985	210,89	
807,207	93,39	
807,428	74,09	
807,649	107,42	
807,87	-24,11	
808,091	84,62	
808,312	-85,49	
808,533	-71,46	
808,754	-92,51	
808,975	2,19	
809,195	-118,81	
809,416	17,98	
809,637	77,6	
809,858	39,02	
810,079	-103,03	
810,3	98,65	
810,52	89,88	
810,741	77,6	
810,962	-187,21	
811,183	-15,35	
811,403	-17,1	
811,624	158,27	
811,845	189,84	
812,065	124,95	
812,286	-31,13	
812,506	254,73	
812,727	40,77	
812,948	-115,31	
813,168	-115,31	
813,389	2,19	
813,609	124,95	
813,83	53,05	
814,05	-78,48	
814,27	-32,88	
814,491	16,22	
814,711	-3,07	
814,931	-64,45	
815,152	28,5	
815,372	156,52	
815,592	-81,99	
815,813	65,33	
816,033	-20,61	
816,253	53,05	
816,473	117,94	
816,694	-57,43	
816,914	37,27	
817,134	7,45	
817,354	-67,96	
817,574	35,51	
817,794	175,81	
818,014	-85,49	
818,234	-269,64	
818,454	30,25	
818,674	77,6	
818,894	95,14	
819,114	-108,29	
819,334	54,8	
819,554	135,48	
819,774	-122,32	
819,994	37,27	
820,214	5,7	
820,433	102,15	
820,653	-53,93	
820,873	30,25	
821,093	-15,35	
821,312	-10,08	
821,532	12,71	
821,752	-99,52	
821,972	-120,57	
822,191	-136,35	
822,411	219,65	
822,63	35,51	
822,85	158,27	
823,07	193,35	
823,289	-131,09	
823,509	-162,66	
823,728	21,48	
823,948	5,7	
824,167	75,85	
824,387	82,86	
824,606	35,51	
824,825	24,99	
825,045	-24,11	
825,264	-41,65	
825,483	217,9	
825,703	3,95	
825,922	-81,99	
826,141	146	
826,361	-115,31	
826,58	-62,7	
826,799	-89	
827,018	121,45	
827,237	-24,11	
827,456	-92,51	
827,676	0,44	
827,895	54,8	
828,114	-110,05	
828,333	-25,87	
828,552	-80,23	
828,771	74,09	
828,99	14,47	
829,209	-92,51	
829,428	-15,35	
829,647	-4,82	
829,866	-60,94	
830,084	-132,84	
830,303	46,04	
830,522	35,51	
830,741	100,4	
830,96	117,94	
831,179	77,6	
831,397	23,24	
831,616	10,96	
831,835	12,71	
832,053	46,04	
832,272	-38,14	
832,491	30,25	
832,709	121,45	
832,928	10,96	
833,147	9,21	
833,365	-11,84	
833,584	-85,49	
833,802	65,33	
834,021	37,27	
834,239	-81,99	
834,458	-60,94	
834,676	3,95	
834,894	-127,58	
835,113	-57,43	
835,331	-81,99	
835,55	2,19	
835,768	107,42	
835,986	-34,64	
836,204	-48,67	
836,423	23,24	
836,641	68,83	
836,859	89,88	
837,077	84,62	
837,296	17,98	
837,514	96,89	
837,732	14,47	
837,95	-181,95	
838,168	42,53	
838,386	-117,06	
838,604	-76,73	
838,822	42,53	
839,04	17,98	
839,258	77,6	
839,476	-50,42	
839,694	74,09	
839,912	-108,29	
840,13	-141,61	
840,348	-94,26	
840,566	67,08	
840,783	-110,05	
841,001	-46,91	
841,219	-55,68	
841,437	160,03	
841,655	-106,54	
841,872	149,51	
842,09	44,28	
842,308	-48,67	
842,525	119,69	
842,743	46,04	
842,961	-8,33	
843,178	-96,02	
843,396	14,47	
843,613	267	
843,831	-43,4	
844,048	126,71	
844,266	19,73	
844,483	154,77	
844,701	-80,23	
844,918	70,59	
845,136	-41,65	
845,353	7,45	
845,57	81,11	
845,788	89,88	
846,005	130,21	
846,222	-157,4	
846,439	17,98	
846,657	170,55	
846,874	-59,19	
847,091	19,73	
847,308	121,45	
847,526	-36,39	
847,743	-106,54	
847,96	-180,2	
848,177	123,2	
848,394	-127,58	
848,611	39,02	
848,828	84,62	
849,045	272,27	
849,262	-57,43	
849,479	-108,29	
849,696	89,88	
849,913	-27,62	
850,13	137,23	
850,347	10,96	
850,564	47,79	
850,78	-17,1	
850,997	0,44	
851,214	37,27	
851,431	-43,4	
851,647	35,51	
851,864	-18,85	
852,081	-174,93	
852,298	79,36	
852,514	98,65	
852,731	161,78	
852,948	-110,05	
853,164	-125,83	
853,381	-113,55	
853,597	81,11	
853,814	7,45	
854,03	-89	
854,247	-129,34	
854,463	-62,7	
854,68	-29,37	
854,896	-139,86	
855,113	-60,94	
855,329	75,85	
855,545	-259,11	
855,762	-3,07	
855,978	53,05	
856,194	107,42	
856,411	147,75	
856,627	-27,62	
856,843	-57,43	
857,059	-81,99	
857,275	-138,11	
857,492	119,69	
857,708	0,44	
857,924	35,51	
858,14	12,71	
858,356	12,71	
858,572	-27,62	
858,788	88,12	
859,004	-48,67	
859,22	-160,9	
859,436	-10,08	
859,652	109,17	
859,868	58,31	
860,084	-104,79	
860,3	210,89	
860,516	-106,54	
860,731	-18,85	
860,947	114,43	
861,163	39,02	
861,379	123,2	
861,595	-59,19	
861,81	-53,93	
862,026	-60,94	
862,242	-85,49	
862,457	-81,99	
862,673	9,21	
862,889	26,74	
863,104	-43,4	
863,32	-20,61	
863,535	-25,87	
863,751	40,77	
863,966	-97,77	
864,182	-34,64	
864,397	109,17	
864,613	9,21	
864,828	53,05	
865,044	144,24	
865,259	-52,17	
865,474	149,51	
865,69	9,21	
865,905	44,28	
866,12	-1,32	
866,336	47,79	
866,551	-8,33	
866,766	-29,37	
866,981	-96,02	
867,196	84,62	
867,412	70,59	
867,627	-55,68	
867,842	-73,22	
868,057	-89	
868,272	10,96	
868,487	84,62	
868,702	-132,84	
868,917	9,21	
869,132	-25,87	
869,347	-39,9	
869,562	-59,19	
869,777	140,74	
869,992	-134,6	
870,207	-127,58	
870,422	-113,55	
870,636	-43,4	
870,851	39,02	
871,066	-73,22	
871,281	3,95	
871,495	49,54	
871,71	46,04	
871,925	-85,49	
872,14	-8,33	
872,354	23,24	
872,569	-38,14	
872,783	-96,02	
872,998	17,98	
873,213	24,99	
873,427	-152,14	
873,642	-127,58	
873,856	2,19	
874,071	23,24	
874,285	-176,69	
874,5	-89	
874,714	-108,29	
874,928	177,56	
875,143	-120,57	
875,357	-146,87	
875,571	-74,97	
875,786	-11,84	
876	100,4	
876,214	-45,16	
876,429	42,53	
876,643	121,45	
876,857	-36,39	
877,071	-57,43	
877,285	-117,06	
877,499	-129,34	
877,714	-78,48	
877,928	-132,84	
878,142	14,47	
878,356	-46,91	
878,57	-78,48	
878,784	-132,84	
878,998	126,71	
879,212	112,68	
879,426	19,73	
879,639	-178,44	
879,853	53,05	
880,067	67,08	
880,281	35,51	
880,495	-129,34	
880,709	-166,17	
880,922	68,83	
881,136	72,34	
881,35	-224,04	
881,564	37,27	
881,777	-92,51	
881,991	7,45	
882,205	-131,09	
882,418	147,75	
882,632	9,21	
882,845	102,15	
883,059	-17,1	
883,273	5,7	
883,486	-48,67	
883,7	30,25	
883,913	47,79	
884,126	33,76	
884,34	60,07	
884,553	10,96	
884,767	-67,96	
884,98	-164,41	
885,193	-97,77	
885,407	117,94	
885,62	47,79	
885,833	-1,32	
886,046	-46,91	
886,26	-17,1	
886,473	-10,08	
886,686	-62,7	
886,899	84,62	
887,112	-148,63	
887,326	-110,05	
887,539	-162,66	
887,752	-73,22	
887,965	123,2	
888,178	-3,07	
888,391	-106,54	
888,604	-27,62	
888,817	-29,37	
889,03	19,73	
889,243	16,22	
889,455	32,01	
889,668	-27,62	
889,881	3,95	
890,094	53,05	
890,307	-4,82	
890,52	-127,58	
890,732	88,12	
890,945	156,52	
891,158	-46,91	
891,37	93,39	
891,583	-129,34	
891,796	-67,96	
892,008	-39,9	
892,221	96,89	
892,434	-25,87	
892,646	-197,73	
892,859	-4,82	
893,071	142,49	
893,284	-24,11	
893,496	-89	
893,709	56,56	
893,921	-53,93	
894,133	-138,11	
894,346	-36,39	
894,558	-127,58	
894,771	126,71	
894,983	51,3	
895,195	-110,05	
895,407	-34,64	
895,62	-125,83	
895,832	39,02	
896,044	-113,55	
896,256	96,89	
896,468	147,75	
896,681	-69,71	
896,893	-53,93	
897,105	84,62	
897,317	81,11	
897,529	39,02	
897,741	-146,87	
897,953	30,25	
898,165	91,63	
898,377	51,3	
898,589	40,77	
898,801	-125,83	
899,013	19,73	
899,224	60,07	
899,436	-103,03	
899,648	74,09	
899,86	24,99	
900,072	77,6	
900,283	-25,87	
900,495	-50,42	
900,707	-85,49	
900,919	-15,35	
901,13	67,08	
901,342	-71,46	
901,554	-220,53	
901,765	-34,64	
901,977	-101,28	
902,188	68,83	
902,4	119,69	
902,611	138,98	
902,823	-24,11	
903,034	65,33	
903,246	151,26	
903,457	133,72	
903,669	102,15	
903,88	79,36	
904,091	-138,11	
904,303	-25,87	
904,514	-167,92	
904,725	30,25	
904,936	54,8	
905,148	-229,3	
905,359	-71,46	
905,57	-80,23	
905,781	-138,11	
905,992	-153,89	
906,204	-117,06	
906,415	-66,2	
906,626	-67,96	
906,837	-117,06	
907,048	-20,61	
907,259	9,21	
907,47	51,3	
907,681	23,24	
907,892	58,31	
908,103	-31,13	
908,314	61,82	
908,525	68,83	
908,735	58,31	
908,946	33,76	
909,157	2,19	
909,368	28,5	
909,579	-17,1	
909,789	30,25	
910	200,36	
910,211	-53,93	
910,421	-34,64	
910,632	-211,76	
910,843	-71,46	
911,053	124,95	
911,264	-96,02	
911,475	-111,8	
911,685	39,02	
911,896	-13,59	
912,106	-160,9	
912,317	-39,9	
912,527	63,57	
912,737	40,77	
912,948	-171,43	
913,158	-101,28	
913,369	75,85	
913,579	-132,84	
913,789	39,02	
914	-89	
914,21	107,42	
914,42	267	
914,63	-80,23	
914,841	-22,36	
915,051	65,33	
915,261	-32,88	
915,471	-108,29	
915,681	167,04	
915,891	-10,08	
916,101	47,79	
916,311	9,21	
916,521	51,3	
916,731	112,68	
916,941	19,73	
917,151	154,77	
917,361	-22,36	
917,571	26,74	
917,781	-171,43	
917,991	-34,64	
918,201	123,2	
918,411	-34,64	
918,621	88,12	
918,83	-39,9	
919,04	-10,08	
919,25	-113,55	
919,46	-73,22	
919,669	-4,82	
919,879	26,74	
920,089	30,25	
920,298	-143,37	
920,508	33,76	
920,717	-39,9	
920,927	102,15	
921,136	-197,73	
921,346	-36,39	
921,555	-38,14	
921,765	-46,91	
921,974	12,71	
922,184	14,47	
922,393	200,36	
922,603	138,98	
922,812	-131,09	
923,021	-45,16	
923,23	67,08	
923,44	-43,4	
923,649	74,09	
923,858	16,22	
924,067	-64,45	
924,277	12,71	
924,486	-111,8	
924,695	-120,57	
924,904	-85,49	
925,113	-104,79	
925,322	-195,98	
925,531	-62,7	
925,74	-111,8	
925,949	3,95	
926,158	-139,86	
926,367	-52,17	
926,576	-125,83	
926,785	-10,08	
926,994	40,77	
927,203	-125,83	
927,412	-18,85	
927,621	-13,59	
927,83	-53,93	
928,038	53,05	
928,247	7,45	
928,456	117,94	
928,665	105,66	
928,873	-103,03	
929,082	9,21	
929,291	-69,71	
929,499	14,47	
929,708	98,65	
929,916	-85,49	
930,125	-29,37	
930,333	119,69	
930,542	-108,29	
930,75	-34,64	
930,959	-24,11	
931,167	-129,34	
931,376	-17,1	
931,584	-53,93	
931,793	-55,68	
932,001	124,95	
932,209	-8,33	
932,418	44,28	
932,626	-36,39	
932,834	-62,7	
933,042	-38,14	
933,251	-87,25	
933,459	-60,94	
933,667	102,15	
933,875	133,72	
934,083	-18,85	
934,291	30,25	
934,499	-85,49	
934,707	82,86	
934,915	119,69	
935,123	-18,85	
935,331	-120,57	
935,539	-115,31	
935,747	-111,8	
935,955	-150,38	
936,163	-218,78	
936,371	-45,16	
936,579	-4,82	
936,787	3,95	
936,995	-18,85	
937,202	-6,58	
937,41	47,79	
937,618	47,79	
937,826	30,25	
938,033	-96,02	
938,241	28,5	
938,449	39,02	
938,656	-97,77	
938,864	-50,42	
939,071	-71,46	
939,279	-52,17	
939,486	-25,87	
939,694	-3,07	
939,901	-48,67	
940,109	-101,28	
940,316	-46,91	
940,524	23,24	
940,731	-74,97	
940,939	-45,16	
941,146	-218,78	
941,353	-110,05	
941,561	209,13	
941,768	72,34	
941,975	-131,09	
942,182	-52,17	
942,39	135,48	
942,597	32,01	
942,804	-127,58	
943,011	-78,48	
943,218	100,4	
943,425	-50,42	
943,632	-18,85	
943,839	-52,17	
944,046	81,11	
944,253	9,21	
944,46	-66,2	
944,667	47,79	
944,874	-127,58	
945,081	-39,9	
945,288	-113,55	
945,495	-64,45	
945,702	200,36	
945,909	-83,74	
946,115	-32,88	
946,322	24,99	
946,529	-76,73	
946,736	114,43	
946,942	-146,87	
947,149	-155,64	
947,356	58,31	
947,562	-108,29	
947,769	138,98	
947,976	56,56	
948,182	88,12	
948,389	-15,35	
948,595	93,39	
948,802	84,62	
949,008	-104,79	
949,215	37,27	
949,421	-206,5	
949,628	-113,55	
949,834	-27,62	
950,04	28,5	
950,247	-43,4	
950,453	-106,54	
950,659	-87,25	
950,865	-125,83	
951,072	-97,77	
951,278	21,48	
951,484	-115,31	
951,69	5,7	
951,896	28,5	
952,103	46,04	
952,309	63,57	
952,515	-145,12	
952,721	-97,77	
952,927	-34,64	
953,133	-11,84	
953,339	200,36	
953,545	-57,43	
953,751	-139,86	
953,957	-115,31	
954,163	-113,55	
954,369	240,7	
954,574	-24,11	
954,78	-224,04	
954,986	82,86	
955,192	17,98	
955,398	110,92	
955,603	-8,33	
955,809	-3,07	
956,015	74,09	
956,22	-120,57	
956,426	-76,73	
956,632	-97,77	
956,837	-22,36	
957,043	65,33	
957,248	-108,29	
957,454	21,48	
957,66	-160,9	
957,865	-38,14	
958,07	12,71	
958,276	121,45	
958,481	-76,73	
958,687	-167,92	
958,892	30,25	
959,097	-76,73	
959,303	19,73	
959,508	60,07	
959,713	-97,77	
959,919	-43,4	
960,124	-90,76	
960,329	-6,58	
960,534	-39,9	
960,739	14,47	
960,945	-17,1	
961,15	-24,11	
961,355	-69,71	
961,56	-67,96	
961,765	-129,34	
961,97	-15,35	
962,175	-46,91	
962,38	63,57	
962,585	-162,66	
962,79	-25,87	
962,995	-136,35	
963,2	-106,54	
963,404	126,71	
963,609	21,48	
963,814	33,76	
964,019	68,83	
964,224	-13,59	
964,428	-48,67	
964,633	-178,44	
964,838	-181,95	
965,042	-115,31	
965,247	154,77	
965,452	-206,5	
965,656	138,98	
965,861	-62,7	
966,066	-64,45	
966,27	-174,93	
966,475	-43,4	
966,679	-146,87	
966,884	-185,46	
967,088	-125,83	
967,292	-125,83	
967,497	116,18	
967,701	-13,59	
967,906	107,42	
968,11	-52,17	
968,314	-111,8	
968,518	-64,45	
968,723	189,84	
968,927	-99,52	
969,131	-81,99	
969,335	63,57	
969,539	270,51	
969,744	-276,65	
969,948	130,21	
970,152	-60,94	
970,356	21,48	
970,56	51,3	
970,764	-134,6	
970,968	-36,39	
971,172	110,92	
971,376	10,96	
971,58	47,79	
971,784	-69,71	
971,988	70,59	
972,192	35,51	
972,395	86,37	
972,599	-118,81	
972,803	91,63	
973,007	102,15	
973,21	3,95	
973,414	61,82	
973,618	-136,35	
973,822	-41,65	
974,025	163,53	
974,229	89,88	
974,432	-10,08	
974,636	-15,35	
974,84	-17,1	
975,043	-22,36	
975,247	123,2	
975,45	-57,43	
975,654	-80,23	
975,857	65,33	
976,06	-48,67	
976,264	68,83	
976,467	-122,32	
976,671	-15,35	
976,874	-25,87	
977,077	-97,77	
977,28	-76,73	
977,484	-169,67	
977,687	46,04	
977,89	153,01	
978,093	-48,67	
978,297	-66,2	
978,5	-10,08	
978,703	107,42	
978,906	46,04	
979,109	-31,13	
979,312	-60,94	
979,515	128,46	
979,718	-39,9	
979,921	30,25	
980,124	-138,11	
980,327	26,74	
980,53	-141,61	
980,733	-11,84	
980,936	47,79	
981,138	-8,33	
981,341	81,11	
981,544	-87,25	
981,747	-92,51	
981,949	-122,32	
982,152	74,09	
982,355	40,77	
982,558	-57,43	
982,76	-76,73	
982,963	-53,93	
983,165	-173,18	
983,368	-188,96	
983,571	-41,65	
983,773	-20,61	
983,976	68,83	
984,178	-50,42	
984,381	-6,58	
984,583	91,63	
984,785	-66,2	
984,988	-24,11	
985,19	-20,61	
985,392	-41,65	
985,595	91,63	
985,797	-78,48	
985,999	-39,9	
986,202	63,57	
986,404	-83,74	
986,606	21,48	
986,808	112,68	
987,01	-96,02	
987,212	88,12	
987,415	39,02	
987,617	-101,28	
987,819	7,45	
988,021	128,46	
988,223	-25,87	
988,425	-22,36	
988,627	-162,66	
988,829	-6,58	
989,031	89,88	
989,232	79,36	
989,434	-143,37	
989,636	91,63	
989,838	-115,31	
990,04	67,08	
990,242	68,83	
990,443	-180,2	
990,645	70,59	
990,847	-78,48	
991,048	-11,84	
991,25	-69,71	
991,452	-39,9	
991,653	-66,2	
991,855	-157,4	
992,057	68,83	
992,258	-45,16	
992,46	138,98	
992,661	-1,32	
992,863	-36,39	
993,064	158,27	
993,265	-67,96	
993,467	-6,58	
993,668	193,35	
993,87	172,3	
994,071	-15,35	
994,272	-50,42	
994,473	-76,73	
994,675	-134,6	
994,876	-148,63	
995,077	-24,11	
995,278	63,57	
995,48	28,5	
995,681	-48,67	
995,882	39,02	
996,083	5,7	
996,284	-31,13	
996,485	-136,35	
996,686	70,59	
996,887	-11,84	
997,088	-104,79	
997,289	-25,87	
997,49	30,25	
997,691	-66,2	
997,892	-36,39	
998,092	-210,01	
998,293	82,86	
998,494	-85,49	
998,695	-39,9	
998,896	-24,11	
999,096	14,47	
999,297	-69,71	
999,498	-94,26	
999,698	-92,51	
999,899	-22,36	
1000,1	-157,4	
1000,3	-129,34	
1000,501	-106,54	
1000,701	-3,07	
1000,902	-90,76	
1001,102	202,12	
1001,303	33,76	
1001,503	-45,16	
1001,704	-11,84	
1001,904	28,5	
1002,105	-52,17	
1002,305	-87,25	
1002,505	-110,05	
1002,706	-229,3	
1002,906	-139,86	
1003,106	-53,93	
1003,306	16,22	
1003,507	12,71	
1003,707	-60,94	
1003,907	7,45	
1004,107	-64,45	
1004,307	54,8	
1004,507	-125,83	
1004,707	51,3	
1004,907	-90,76	
1005,107	-27,62	
1005,308	32,01	
1005,507	-132,84	
1005,707	-117,06	
1005,907	-73,22	
1006,107	-38,14	
1006,307	-8,33	
1006,507	-13,59	
1006,707	-29,37	
1006,907	142,49	
1007,106	61,82	
1007,306	32,01	
1007,506	42,53	
1007,706	-27,62	
1007,905	-50,42	
1008,105	35,51	
1008,305	79,36	
1008,504	-174,93	
1008,704	88,12	
1008,903	-174,93	
1009,103	88,12	
1009,303	19,73	
1009,502	-62,7	
1009,702	33,76	
1009,901	-20,61	
1010,1	-39,9	
1010,3	-90,76	
1010,499	-17,1	
1010,699	-122,32	
1010,898	-129,34	
1011,097	2,19	
1011,296	-52,17	
1011,496	54,8	
1011,695	121,45	
1011,894	-53,93	
1012,093	68,83	
1012,293	-110,05	
1012,492	-6,58	
1012,691	-39,9	
1012,89	-85,49	
1013,089	-108,29	
1013,288	86,37	
1013,487	-31,13	
1013,686	-74,97	
1013,885	-34,64	
1014,084	-138,11	
1014,283	-71,46	
1014,482	-138,11	
1014,681	-127,58	
1014,88	-136,35	
1015,078	174,06	
1015,277	24,99	
1015,476	-71,46	
1015,675	-62,7	
1015,873	-25,87	
1016,072	-125,83	
1016,271	-22,36	
1016,47	35,51	
1016,668	0,44	
1016,867	-194,23	
1017,065	-24,11	
1017,264	-157,4	
1017,463	-31,13	
1017,661	28,5	
1017,86	-81,99	
1018,058	-29,37	
1018,256	-74,97	
1018,455	-148,63	
1018,653	67,08	
1018,852	9,21	
1019,05	-129,34	
1019,248	142,49	
1019,447	-108,29	
1019,645	135,48	
1019,843	-145,12	
1020,041	-225,79	
1020,24	-120,57	
1020,438	47,79	
1020,636	-92,51	
1020,834	-124,08	
1021,032	7,45	
1021,23	-52,17	
1021,428	-115,31	
1021,626	-31,13	
1021,824	82,86	
1022,022	-129,34	
1022,22	-260,87	
1022,418	-74,97	
1022,616	-39,9	
1022,814	-80,23	
1023,012	-25,87	
1023,21	-125,83	
1023,408	128,46	
1023,606	-127,58	
1023,803	-162,66	
1024,001	167,04	
1024,199	-104,79	
1024,397	51,3	
1024,594	102,15	
1024,792	-45,16	
1024,99	-62,7	
1025,187	10,96	
1025,385	89,88	
1025,582	-159,15	
1025,78	-1,32	
1025,977	-45,16	
1026,175	2,19	
1026,372	-132,84	
1026,57	-81,99	
1026,767	256,48	
1026,965	-50,42	
1027,162	-124,08	
1027,359	-90,76	
1027,557	-39,9	
1027,754	-85,49	
1027,951	-17,1	
1028,148	-106,54	
1028,346	116,18	
1028,543	-29,37	
1028,74	-101,28	
1028,937	30,25	
1029,134	-38,14	
1029,331	-89	
1029,528	-27,62	
1029,725	37,27	
1029,923	-67,96	
1030,12	128,46	
1030,317	-103,03	
1030,513	56,56	
1030,71	-113,55	
1030,907	-71,46	
1031,104	19,73	
1031,301	-176,69	
1031,498	-6,58	
1031,695	-178,44	
1031,892	-213,52	
1032,088	-108,29	
1032,285	-87,25	
1032,482	-108,29	
1032,678	-60,94	
1032,875	-4,82	
1033,072	177,56	
1033,268	-92,51	
1033,465	100,4	
1033,662	-1,32	
1033,858	44,28	
1034,055	-15,35	
1034,251	-111,8	
1034,448	72,34	
1034,644	-83,74	
1034,84	-18,85	
1035,037	-52,17	
1035,233	-108,29	
1035,43	-197,73	
1035,626	-195,98	
1035,822	-99,52	
1036,019	-25,87	
1036,215	44,28	
1036,411	-80,23	
1036,607	-69,71	
1036,803	-83,74	
1037	-148,63	
1037,196	244,21	
1037,392	-190,72	
1037,588	81,11	
1037,784	14,47	
1037,98	-31,13	
1038,176	-80,23	
1038,372	67,08	
1038,568	-127,58	
1038,764	-90,76	
1038,96	-8,33	
1039,156	-159,15	
1039,352	-120,57	
1039,547	10,96	
1039,743	-150,38	
1039,939	-73,22	
1040,135	-173,18	
1040,331	-157,4	
1040,526	-131,09	
1040,722	23,24	
1040,918	-89	
1041,113	-67,96	
1041,309	-173,18	
1041,505	12,71	
1041,7	-22,36	
1041,896	100,4	
1042,091	-57,43	
1042,287	-32,88	
1042,482	42,53	
1042,678	-59,19	
1042,873	-32,88	
1043,069	-73,22	
1043,264	37,27	
1043,459	74,09	
1043,655	-99,52	
1043,85	-46,91	
1044,045	-190,72	
1044,24	-138,11	
1044,436	-155,64	
1044,631	-90,76	
1044,826	-85,49	
1045,021	-85,49	
1045,216	-85,49	
