couleur : bleu marine
angle source :0
angle capteur :30
source : 2700K
FLMT02171_1:101		
194,658	-593,49	
194,923	-593,49	
195,188	-593,49	
195,453	-554,91	
195,717	8,04	
195,982	202,7	
196,247	20,31	
196,512	-83,16	
196,777	-67,37	
197,042	-63,86	
197,307	23,82	
197,572	6,28	
197,837	48,37	
198,101	-153,3	
198,366	23,82	
198,631	78,19	
198,896	-35,81	
199,161	195,69	
199,425	-88,42	
199,69	141,32	
199,955	83,45	
200,22	-21,78	
200,484	-228,72	
200,749	25,58	
201,014	-25,28	
201,278	-88,42	
201,543	192,18	
201,807	-90,17	
202,072	39,6	
202,337	88,71	
202,601	43,11	
202,866	-170,84	
203,13	-77,89	
203,395	-118,23	
203,659	179,9	
203,924	-14,76	
204,189	-34,05	
204,453	16,81	
204,717	-165,58	
204,982	50,13	
205,246	-56,85	
205,511	220,24	
205,775	32,59	
206,04	155,35	
206,304	-183,12	
206,568	-42,82	
206,833	-20,02	
207,097	25,58	
207,361	-18,27	
207,626	-141,03	
207,89	65,91	
208,154	16,81	
208,419	32,59	
208,683	-37,56	
208,947	104,49	
209,211	158,86	
209,476	18,56	
209,74	46,62	
210,004	334,23	
210,268	65,91	
210,532	288,63	
210,796	18,56	
211,061	-62,11	
211,325	39,6	
211,589	288,63	
211,853	72,93	
212,117	-34,05	
212,381	139,57	
212,645	32,59	
212,909	20,31	
213,173	-34,05	
213,437	-32,3	
213,701	115,02	
213,965	-51,59	
214,229	146,58	
214,493	65,91	
214,757	50,13	
215,021	-44,57	
215,285	-2,48	
215,549	-119,98	
215,813	18,56	
216,077	79,94	
216,34	1,02	
216,604	25,58	
216,868	-0,73	
217,132	-104,2	
217,396	71,17	
217,659	62,4	
217,923	127,29	
218,187	-81,4	
218,451	23,82	
218,714	23,82	
218,978	86,96	
219,242	248,3	
219,505	218,49	
219,769	1,02	
220,033	169,38	
220,296	207,96	
220,56	162,37	
220,824	55,39	
221,087	164,12	
221,351	-46,33	
221,614	4,53	
221,878	-88,42	
222,142	-32,3	
222,405	67,66	
222,669	-55,1	
222,932	-23,53	
223,196	183,41	
223,459	60,65	
223,722	-16,51	
223,986	62,4	
224,249	155,35	
224,513	118,52	
224,776	-16,51	
225,04	60,65	
225,303	-155,06	
225,566	55,39	
225,83	83,45	
226,093	1,02	
226,356	-79,65	
226,62	227,25	
226,883	-144,54	
227,146	-84,91	
227,409	-21,78	
227,673	236,02	
227,936	-93,68	
228,199	25,58	
228,462	69,42	
228,725	72,93	
228,989	15,05	
229,252	-55,1	
229,515	-37,56	
229,778	51,88	
230,041	148,34	
230,304	-141,03	
230,567	-28,79	
230,83	57,14	
231,093	-2,48	
231,356	20,31	
231,619	-28,79	
231,882	-95,43	
232,145	6,28	
232,408	-69,13	
232,671	-70,88	
232,934	-91,92	
233,197	71,17	
233,46	276,36	
233,723	-35,81	
233,986	55,39	
234,249	-105,95	
234,512	-25,28	
234,775	85,2	
235,037	-4,24	
235,3	-81,4	
235,563	385,09	
235,826	74,68	
236,089	125,54	
236,351	-41,07	
236,614	137,81	
236,877	104,49	
237,14	-121,74	
237,402	-32,3	
237,665	72,93	
237,928	53,63	
238,19	-32,3	
238,453	29,08	
238,716	158,86	
238,978	-16,51	
239,241	43,11	
239,503	18,56	
239,766	37,85	
240,029	78,19	
240,291	-125,25	
240,554	129,05	
240,816	71,17	
241,079	151,84	
241,341	16,81	
241,604	-200,66	
241,866	-139,28	
242,129	-53,34	
242,391	88,71	
242,653	-93,68	
242,916	29,08	
243,178	-46,33	
243,441	120,28	
243,703	39,6	
243,965	-16,51	
244,228	244,79	
244,49	-44,57	
244,752	58,9	
245,015	11,55	
245,277	-72,63	
245,539	-88,42	
245,801	-163,83	
246,064	36,1	
246,326	165,87	
246,588	-121,74	
246,85	169,38	
247,112	-37,56	
247,374	111,51	
247,637	-34,05	
247,899	-100,69	
248,161	164,12	
248,423	-20,02	
248,685	244,79	
248,947	129,05	
249,209	232,51	
249,471	-20,02	
249,733	-102,45	
249,995	-102,45	
250,257	-128,75	
250,519	129,05	
250,781	48,37	
251,043	74,68	
251,305	172,89	
251,567	179,9	
251,829	-27,04	
252,091	37,85	
252,353	-51,59	
252,615	109,75	
252,876	-9,5	
253,138	90,46	
253,4	4,53	
253,662	-58,6	
253,924	-237,48	
254,185	-30,54	
254,447	-49,84	
254,709	186,92	
254,971	-9,5	
255,232	72,93	
255,494	130,8	
255,756	13,3	
256,017	-188,38	
256,279	-58,6	
256,541	-41,07	
256,802	95,72	
257,064	-60,36	
257,326	-63,86	
257,587	-5,99	
257,849	115,02	
258,11	-2,48	
258,372	-97,19	
258,633	129,05	
258,895	216,73	
259,156	243,04	
259,418	46,62	
259,679	44,87	
259,941	11,55	
260,202	69,42	
260,464	-41,07	
260,725	-30,54	
260,987	64,16	
261,248	-44,57	
261,509	104,49	
261,771	13,3	
262,032	32,59	
262,293	65,91	
262,555	78,19	
262,816	51,88	
263,077	-67,37	
263,338	-90,17	
263,6	-100,69	
263,861	-162,07	
264,122	39,6	
264,383	39,6	
264,645	-105,95	
264,906	29,08	
265,167	-81,4	
265,428	-13,01	
265,689	-51,59	
265,95	209,72	
266,211	125,54	
266,473	-44,57	
266,734	-67,37	
266,995	106,25	
267,256	-0,73	
267,517	-60,36	
267,778	53,63	
268,039	-55,1	
268,3	276,36	
268,561	-18,27	
268,822	53,63	
269,083	151,84	
269,344	-39,31	
269,604	78,19	
269,865	-125,25	
270,126	130,8	
270,387	25,58	
270,648	-160,32	
270,909	-172,6	
271,17	37,85	
271,43	106,25	
271,691	113,26	
271,952	-60,36	
272,213	-93,68	
272,473	-111,22	
272,734	178,15	
272,995	-141,03	
273,256	-170,84	
273,516	-97,19	
273,777	-95,43	
274,038	-128,75	
274,298	136,06	
274,559	36,1	
274,82	9,79	
275,08	-2,48	
275,341	-202,41	
275,601	-146,29	
275,862	-32,3	
276,122	134,31	
276,383	-16,51	
276,643	136,06	
276,904	93,97	
277,164	116,77	
277,425	153,6	
277,685	39,6	
277,946	50,13	
278,206	-100,69	
278,467	-16,51	
278,727	146,58	
278,987	120,28	
279,248	97,48	
279,508	1,02	
279,768	-30,54	
280,029	6,28	
280,289	-63,86	
280,549	-46,33	
280,81	-25,28	
281,07	123,78	
281,33	-91,92	
281,59	213,22	
281,851	18,56	
282,111	-48,08	
282,371	165,87	
282,631	-35,81	
282,891	-16,51	
283,151	-62,11	
283,412	-18,27	
283,672	1,02	
283,932	167,63	
284,192	-58,6	
284,452	23,82	
284,712	78,19	
284,972	13,3	
285,232	262,33	
285,492	71,17	
285,752	116,77	
286,012	30,84	
286,272	-186,63	
286,532	190,43	
286,792	90,46	
287,052	-34,05	
287,312	-23,53	
287,571	32,59	
287,831	-18,27	
288,091	9,79	
288,351	-134,01	
288,611	-139,28	
288,871	-27,04	
289,13	-20,02	
289,39	22,07	
289,65	9,79	
289,91	521,88	
290,17	202,7	
290,429	-39,31	
290,689	-63,86	
290,949	88,71	
291,208	-51,59	
291,468	-162,07	
291,728	-2,48	
291,987	-105,95	
292,247	29,08	
292,506	323,71	
292,766	69,42	
293,026	-5,99	
293,285	-35,81	
293,545	76,43	
293,804	-67,37	
294,064	90,46	
294,323	48,37	
294,583	-63,86	
294,842	-151,55	
295,102	116,77	
295,361	244,79	
295,621	97,48	
295,88	192,18	
296,139	-9,5	
296,399	36,1	
296,658	-70,88	
296,917	-123,49	
297,177	39,6	
297,436	207,96	
297,695	20,31	
297,955	185,16	
298,214	-20,02	
298,473	4,53	
298,732	60,65	
298,992	86,96	
299,251	-16,51	
299,51	-84,91	
299,769	32,59	
300,028	-107,71	
300,287	64,16	
300,547	-76,14	
300,806	-7,75	
301,065	-177,86	
301,324	43,11	
301,583	-25,28	
301,842	132,55	
302,101	16,81	
302,36	120,28	
302,619	143,07	
302,878	85,2	
303,137	-21,78	
303,396	-76,14	
303,655	192,18	
303,914	64,16	
304,173	55,39	
304,432	-39,31	
304,691	-42,82	
304,95	137,81	
305,208	118,52	
305,467	-88,42	
305,726	-177,86	
305,985	-81,4	
306,244	8,04	
306,503	20,31	
306,761	106,25	
307,02	-72,63	
307,279	134,31	
307,537	90,46	
307,796	-134,01	
308,055	-42,82	
308,314	-27,04	
308,572	104,49	
308,831	-95,43	
309,09	153,6	
309,348	76,43	
309,607	-88,42	
309,865	164,12	
310,124	179,9	
310,382	122,03	
310,641	13,3	
310,9	-118,23	
311,158	71,17	
311,417	25,58	
311,675	-153,3	
311,933	-141,03	
312,192	153,6	
312,45	-21,78	
312,709	-48,08	
312,967	157,1	
313,226	150,09	
313,484	-155,06	
313,742	65,91	
314,001	-53,34	
314,259	193,93	
314,517	127,29	
314,776	-46,33	
315,034	-51,59	
315,292	102,74	
315,55	120,28	
315,809	-77,89	
316,067	11,55	
316,325	-27,04	
316,583	50,13	
316,841	-84,91	
317,1	62,4	
317,358	53,63	
317,616	-88,42	
317,874	-77,89	
318,132	-53,34	
318,39	164,12	
318,648	162,37	
318,906	22,07	
319,164	-102,45	
319,422	-142,78	
319,68	-51,59	
319,938	-21,78	
320,196	-35,81	
320,454	25,58	
320,712	-44,57	
320,97	-34,05	
321,228	-77,89	
321,486	-119,98	
321,744	-44,57	
322,002	-16,51	
322,26	37,85	
322,517	27,33	
322,775	-46,33	
323,033	-20,02	
323,291	-13,01	
323,549	-2,48	
323,806	-95,43	
324,064	-9,5	
324,322	115,02	
324,58	55,39	
324,837	-86,66	
325,095	-20,02	
325,353	120,28	
325,61	1,02	
325,868	90,46	
326,126	-114,72	
326,383	118,52	
326,641	-74,39	
326,898	-77,89	
327,156	48,37	
327,413	106,25	
327,671	104,49	
327,928	-55,1	
328,186	69,42	
328,443	-46,33	
328,701	48,37	
328,958	-207,67	
329,216	58,9	
329,473	48,37	
329,731	-83,16	
329,988	171,13	
330,245	-48,08	
330,503	11,55	
330,76	41,36	
331,017	-18,27	
331,275	120,28	
331,532	72,93	
331,789	99,23	
332,047	93,97	
332,304	-41,07	
332,561	350,01	
332,818	32,59	
333,076	-7,75	
333,333	-44,57	
333,59	93,97	
333,847	115,02	
334,104	64,16	
334,361	115,02	
334,618	22,07	
334,876	137,81	
335,133	-72,63	
335,39	-0,73	
335,647	-170,84	
335,904	23,82	
336,161	-55,1	
336,418	-27,04	
336,675	-70,88	
336,932	92,22	
337,189	92,22	
337,446	34,34	
337,703	41,36	
337,96	20,31	
338,216	-74,39	
338,473	-144,54	
338,73	-25,28	
338,987	-42,82	
339,244	-95,43	
339,501	141,32	
339,757	-160,32	
340,014	-86,66	
340,271	20,31	
340,528	-20,02	
340,785	115,02	
341,041	-39,31	
341,298	53,63	
341,555	-46,33	
341,811	-130,51	
342,068	99,23	
342,325	-27,04	
342,581	53,63	
342,838	46,62	
343,094	172,89	
343,351	-172,6	
343,608	-25,28	
343,864	57,14	
344,121	-83,16	
344,377	-55,1	
344,634	295,65	
344,89	-30,54	
345,147	-119,98	
345,403	37,85	
345,66	-67,37	
345,916	-137,52	
346,172	-37,56	
346,429	171,13	
346,685	1,02	
346,942	29,08	
347,198	-65,62	
347,454	-23,53	
347,711	57,14	
347,967	-28,79	
348,223	-25,28	
348,48	36,1	
348,736	-41,07	
348,992	-39,31	
349,248	-88,42	
349,504	8,04	
349,761	48,37	
350,017	-35,81	
350,273	-184,87	
350,529	-55,1	
350,785	58,9	
351,041	-148,04	
351,297	2,78	
351,554	-76,14	
351,81	-172,6	
352,066	39,6	
352,322	-77,89	
352,578	464,01	
352,834	-18,27	
353,09	120,28	
353,346	11,55	
353,602	20,31	
353,858	-18,27	
354,114	-58,6	
354,369	16,81	
354,625	88,71	
354,881	-155,06	
355,137	4,53	
355,393	-160,32	
355,649	-55,1	
355,905	-118,23	
356,16	-60,36	
356,416	99,23	
356,672	-21,78	
356,928	-14,76	
357,183	62,4	
357,439	-139,28	
357,695	-53,34	
357,951	-102,45	
358,206	20,31	
358,462	72,93	
358,718	-32,3	
358,973	50,13	
359,229	-69,13	
359,484	-70,88	
359,74	-44,57	
359,996	64,16	
360,251	-46,33	
360,507	-105,95	
360,762	9,79	
361,018	36,1	
361,273	-4,24	
361,529	-83,16	
361,784	307,93	
362,04	-58,6	
362,295	58,9	
362,55	-139,28	
362,806	51,88	
363,061	2,78	
363,316	-34,05	
363,572	120,28	
363,827	-53,34	
364,082	179,9	
364,338	53,63	
364,593	-32,3	
364,848	125,54	
365,104	-160,32	
365,359	15,05	
365,614	-79,65	
365,869	22,07	
366,124	-70,88	
366,38	83,45	
366,635	188,67	
366,89	57,14	
367,145	55,39	
367,4	100,99	
367,655	-11,25	
367,91	-183,12	
368,165	-11,25	
368,42	-60,36	
368,675	-2,48	
368,93	-58,6	
369,185	153,6	
369,44	-30,54	
369,695	64,16	
369,95	-20,02	
370,205	-72,63	
370,46	48,37	
370,715	134,31	
370,97	13,3	
371,225	167,63	
371,48	102,74	
371,734	-60,36	
371,989	27,33	
372,244	-228,72	
372,499	30,84	
372,754	165,87	
373,008	-216,44	
373,263	13,3	
373,518	130,8	
373,773	-58,6	
374,027	-79,65	
374,282	-14,76	
374,537	72,93	
374,791	134,31	
375,046	88,71	
375,301	134,31	
375,555	-11,25	
375,81	-149,8	
376,064	58,9	
376,319	25,58	
376,573	-28,79	
376,828	-212,93	
377,082	-69,13	
377,337	176,4	
377,591	-93,68	
377,846	-74,39	
378,1	53,63	
378,355	76,43	
378,609	181,66	
378,863	-62,11	
379,118	4,53	
379,372	-27,04	
379,627	69,42	
379,881	97,48	
380,135	58,9	
380,389	-83,16	
380,644	-197,15	
380,898	153,6	
381,152	-190,13	
381,407	-51,59	
381,661	48,37	
381,915	157,1	
382,169	-42,82	
382,423	51,88	
382,677	-139,28	
382,932	100,99	
383,186	-16,51	
383,44	-148,04	
383,694	-202,41	
383,948	-63,86	
384,202	15,05	
384,456	-34,05	
384,71	-98,94	
384,964	-11,25	
385,218	65,91	
385,472	118,52	
385,726	34,34	
385,98	100,99	
386,234	-16,51	
386,488	-34,05	
386,742	-39,31	
386,996	104,49	
387,249	102,74	
387,503	190,43	
387,757	-42,82	
388,011	-34,05	
388,265	97,48	
388,518	-5,99	
388,772	44,87	
389,026	93,97	
389,28	-14,76	
389,533	-98,94	
389,787	108	
390,041	18,56	
390,295	-128,75	
390,548	34,34	
390,802	27,33	
391,055	74,68	
391,309	148,34	
391,563	-100,69	
391,816	90,46	
392,07	115,02	
392,323	67,66	
392,577	104,49	
392,83	92,22	
393,084	-14,76	
393,337	-51,59	
393,591	225,5	
393,844	-81,4	
394,098	9,79	
394,351	-77,89	
394,604	225,5	
394,858	30,84	
395,111	-27,04	
395,364	-23,53	
395,618	-14,76	
395,871	-70,88	
396,124	78,19	
396,378	48,37	
396,631	116,77	
396,884	402,63	
397,137	223,75	
397,391	48,37	
397,644	132,55	
397,897	285,13	
398,15	95,72	
398,403	125,54	
398,657	146,58	
398,91	146,58	
399,163	-128,75	
399,416	141,32	
399,669	-130,51	
399,922	9,79	
400,175	34,34	
400,428	88,71	
400,681	-130,51	
400,934	-111,22	
401,187	92,22	
401,44	-32,3	
401,693	1,02	
401,946	60,65	
402,199	174,64	
402,452	55,39	
402,704	-9,5	
402,957	-0,73	
403,21	8,04	
403,463	-77,89	
403,716	-84,91	
403,969	32,59	
404,221	69,42	
404,474	90,46	
404,727	20,31	
404,98	206,21	
405,232	22,07	
405,485	16,81	
405,738	65,91	
405,99	-130,51	
406,243	74,68	
406,496	-158,57	
406,748	36,1	
407,001	102,74	
407,253	-16,51	
407,506	99,23	
407,759	57,14	
408,011	23,82	
408,264	116,77	
408,516	144,83	
408,769	93,97	
409,021	118,52	
409,274	123,78	
409,526	99,23	
409,778	74,68	
410,031	165,87	
410,283	258,82	
410,536	22,07	
410,788	9,79	
411,04	106,25	
411,293	-79,65	
411,545	34,34	
411,797	-46,33	
412,049	95,72	
412,302	188,67	
412,554	88,71	
412,806	297,4	
413,058	25,58	
413,311	204,46	
413,563	65,91	
413,815	134,31	
414,067	176,4	
414,319	348,26	
414,571	34,34	
414,823	88,71	
415,075	146,58	
415,328	125,54	
415,58	179,9	
415,832	2,78	
416,084	295,65	
416,336	255,31	
416,588	86,96	
416,84	113,26	
417,091	267,59	
417,343	146,58	
417,595	172,89	
417,847	95,72	
418,099	290,39	
418,351	227,25	
418,603	20,31	
418,855	71,17	
419,106	179,9	
419,358	330,72	
419,61	123,78	
419,862	241,28	
420,114	136,06	
420,365	379,83	
420,617	244,79	
420,869	530,65	
421,12	207,96	
421,372	351,77	
421,624	444,72	
421,875	304,42	
422,127	390,35	
422,379	397,37	
422,63	364,04	
422,882	414,9	
423,133	267,59	
423,385	351,77	
423,636	246,54	
423,888	276,36	
424,139	497,33	
424,391	371,06	
424,642	122,03	
424,894	346,51	
425,145	464,01	
425,396	423,67	
425,648	364,04	
425,899	330,72	
426,151	471,02	
426,402	514,86	
426,653	274,6	
426,905	444,72	
427,156	570,98	
427,407	486,81	
427,658	660,42	
427,91	578	
428,161	442,96	
428,412	442,96	
428,663	541,17	
428,914	437,7	
429,166	495,57	
429,417	728,82	
429,668	500,84	
429,919	767,4	
430,17	656,92	
430,421	793,71	
430,672	606,06	
430,923	432,44	
431,174	737,59	
431,425	649,9	
431,676	721,8	
431,927	779,68	
432,178	916,47	
432,429	791,95	
432,68	951,54	
432,931	876,13	
433,182	925,24	
433,433	797,21	
433,683	651,66	
433,934	853,33	
434,185	981,36	
434,436	995,39	
434,687	877,89	
434,937	914,71	
435,188	993,63	
435,439	1019,94	
435,69	918,22	
435,94	1156,73	
436,191	1000,65	
436,442	1070,8	
436,692	1211,09	
436,943	1188,3	
437,194	1170,76	
437,444	1330,35	
437,695	1267,21	
437,945	1077,81	
438,196	1221,62	
438,447	1381,21	
438,697	1316,32	
438,948	1288,26	
439,198	1386,47	
439,449	1472,4	
439,699	1486,43	
439,949	1681,09	
440,2	1488,18	
440,45	1677,59	
440,701	1668,82	
440,951	1479,41	
441,201	1810,87	
441,452	1696,88	
441,702	1882,77	
441,952	1689,86	
442,203	1816,13	
442,453	1959,94	
442,703	1956,43	
442,953	1751,24	
443,204	1868,74	
443,454	2117,77	
443,704	2140,57	
443,954	2103,74	
444,204	2305,42	
444,455	2238,78	
444,705	2222,99	
444,955	2447,47	
445,205	2447,47	
445,455	2501,84	
445,705	2486,05	
445,955	2556,2	
446,205	2566,72	
446,455	2745,6	
446,705	2803,48	
446,955	2859,6	
447,205	2814	
447,455	2970,08	
447,705	3006,91	
447,955	3119,15	
448,205	3175,27	
448,454	3366,42	
448,704	3273,48	
448,954	3210,34	
449,204	3255,94	
449,454	3613,7	
449,704	3401,5	
449,953	3547,06	
450,203	3722,43	
450,453	3766,27	
450,703	3776,8	
450,952	3997,77	
451,202	4097,73	
451,452	3697,88	
451,701	4004,78	
451,951	4269,59	
452,201	4316,94	
452,45	4313,44	
452,7	4194,18	
452,949	4225,75	
453,199	4473,03	
453,448	4350,26	
453,698	4513,36	
453,947	4565,97	
454,197	4353,77	
454,446	4676,46	
454,696	4464,26	
454,945	4651,91	
455,195	4776,42	
455,444	4623,85	
455,693	4778,17	
455,943	4837,8	
456,192	4751,87	
456,442	4629,11	
456,691	4765,9	
456,94	4551,94	
457,189	4760,64	
457,439	4651,91	
457,688	4706,27	
457,937	4501,08	
458,186	4516,87	
458,436	4767,65	
458,685	4544,93	
458,934	4464,26	
459,183	4543,17	
459,432	4734,33	
459,681	4238,03	
459,93	4506,35	
460,179	4343,25	
460,429	4385,34	
460,678	4145,08	
460,927	4187,17	
461,176	4297,65	
461,425	4201,2	
461,674	4187,17	
461,923	4078,44	
462,172	4169,63	
462,42	4090,71	
462,669	4053,88	
462,918	3843,44	
463,167	4241,53	
463,416	3953,92	
463,665	3818,89	
463,914	4004,78	
464,162	3703,14	
464,411	4174,89	
464,66	3876,76	
464,909	3883,77	
465,158	3773,29	
465,406	3945,15	
465,655	3903,06	
465,904	3610,19	
466,152	3641,76	
466,401	3713,66	
466,65	3326,09	
466,898	3582,13	
467,147	3504,97	
467,395	3622,47	
467,644	3501,46	
467,893	3566,35	
468,141	3445,34	
468,39	3529,52	
468,638	3305,04	
468,887	3604,93	
469,135	3396,24	
469,384	3464,63	
469,632	3499,71	
469,88	3338,36	
470,129	3310,3	
470,377	3387,47	
470,626	3096,35	
470,874	3166,5	
471,122	3313,81	
471,371	3310,3	
471,619	3015,68	
471,867	3077,06	
472,115	3073,55	
472,364	2982,36	
472,612	3005,16	
472,86	2952,54	
473,108	3171,76	
473,356	2920,98	
473,605	2847,32	
473,853	3049	
474,101	2756,13	
474,349	3068,29	
474,597	2971,84	
474,845	3040,23	
475,093	2698,25	
475,341	2794,71	
475,589	3063,03	
475,837	2922,73	
476,085	2638,63	
476,333	2856,09	
476,581	2708,78	
476,829	2933,25	
477,077	2891,16	
477,325	2668,44	
477,573	2619,34	
477,821	2738,59	
478,069	2500,08	
478,317	2808,74	
478,564	2607,06	
478,812	2740,34	
479,06	2614,08	
479,308	2589,52	
479,555	2575,49	
479,803	2701,76	
480,051	2417,66	
480,299	2610,57	
480,546	2577,25	
480,794	2787,69	
481,042	2542,17	
481,289	2649,15	
481,537	2545,68	
481,784	2533,4	
482,032	2799,97	
482,28	2733,33	
482,527	2536,91	
482,775	2496,58	
483,022	2496,58	
483,27	2678,96	
483,517	2487,81	
483,765	2677,21	
484,012	2626,35	
484,259	2542,17	
484,507	2549,19	
484,754	2680,72	
485,002	2547,43	
485,249	2554,45	
485,496	2512,36	
485,744	2628,11	
485,991	2426,43	
486,238	2436,95	
486,486	2657,92	
486,733	2654,41	
486,98	2680,72	
487,227	2657,92	
487,474	2673,7	
487,722	2531,65	
487,969	2491,31	
488,216	2661,43	
488,463	2896,43	
488,71	2419,41	
488,957	2538,67	
489,204	2770,16	
489,451	2631,61	
489,699	2843,81	
489,946	2717,55	
490,193	2812,25	
490,44	2707,02	
490,687	2910,46	
490,934	2543,93	
491,18	2687,73	
491,427	2913,96	
491,674	2601,8	
491,921	2798,22	
492,168	2526,39	
492,415	2742,1	
492,662	2677,21	
492,909	2657,92	
493,155	2563,22	
493,402	2787,69	
493,649	2475,53	
493,896	2593,03	
494,142	2780,68	
494,389	2828,03	
494,636	2719,3	
494,883	2612,32	
495,129	2778,93	
495,376	2799,97	
495,623	2689,49	
495,869	2687,73	
496,116	2891,16	
496,362	2770,16	
496,609	2836,8	
496,855	2814	
497,102	2503,59	
497,348	2633,37	
497,595	2826,28	
497,841	2642,13	
498,088	2714,04	
498,334	2626,35	
498,581	2589,52	
498,827	2668,44	
499,074	2831,54	
499,32	2794,71	
499,566	2971,84	
499,813	2857,84	
500,059	2922,73	
500,305	2852,58	
500,552	3056,01	
500,798	2736,84	
501,044	2817,51	
501,29	2663,18	
501,537	2922,73	
501,783	2778,93	
502,029	2777,17	
502,275	2600,05	
502,521	2712,28	
502,767	3049	
503,013	2843,81	
503,26	2980,6	
503,506	2905,19	
503,752	2673,7	
503,998	2743,85	
504,244	2863,1	
504,49	2871,87	
504,736	2763,14	
504,982	2535,16	
505,228	2703,52	
505,474	2801,72	
505,72	2880,64	
505,966	2654,41	
506,211	2589,52	
506,457	2775,42	
506,703	2922,73	
506,949	2603,55	
507,195	2603,55	
507,441	2678,96	
507,686	2621,09	
507,932	2722,81	
508,178	2798,22	
508,424	2738,59	
508,669	2707,02	
508,915	2561,46	
509,161	2763,14	
509,406	2738,59	
509,652	2684,22	
509,898	2692,99	
510,143	2675,46	
510,389	2566,72	
510,634	2642,13	
510,88	2757,88	
511,125	2408,89	
511,371	2705,27	
511,616	2503,59	
511,862	2621,09	
512,107	2401,87	
512,353	2571,99	
512,598	2589,52	
512,844	2657,92	
513,089	2617,58	
513,335	2677,21	
513,58	2515,87	
513,825	2472,02	
514,071	2542,17	
514,316	2472,02	
514,561	2561,46	
514,806	2512,36	
515,052	2680,72	
515,297	2466,76	
515,542	2438,7	
515,787	2384,34	
516,033	2580,75	
516,278	2314,19	
516,523	2449,22	
516,768	2466,76	
517,013	2436,95	
517,258	2352,77	
517,503	2443,96	
517,748	2286,13	
517,993	2294,9	
518,238	2414,15	
518,483	2294,9	
518,728	2308,93	
518,973	2321,2	
519,218	2489,56	
519,463	2570,23	
519,708	2387,84	
519,953	2496,58	
520,198	2152,85	
520,443	2328,22	
520,688	2280,87	
520,933	2231,76	
521,177	2247,55	
521,422	2349,26	
521,667	2215,98	
521,912	2191,43	
522,157	2145,83	
522,401	2203,7	
522,646	2258,07	
522,891	2310,68	
523,135	2147,58	
523,38	2117,77	
523,625	2222,99	
523,869	2149,34	
524,114	2284,37	
524,358	2338,74	
524,603	2177,4	
524,848	2180,9	
525,092	2091,46	
525,337	2186,17	
525,581	2119,52	
525,826	1979,23	
526,07	2366,8	
526,315	2191,43	
526,559	2105,49	
526,803	2156,35	
527,048	2135,31	
527,292	2052,88	
527,537	2165,12	
527,781	2065,16	
528,025	2091,46	
528,269	1979,23	
528,514	2038,85	
528,758	1996,76	
529,002	2133,55	
529,247	2110,76	
529,491	2208,96	
529,735	2126,54	
529,979	2052,88	
530,223	1970,46	
530,467	1900,31	
530,712	2282,62	
530,956	2079,19	
531,2	1982,73	
531,444	1980,98	
531,688	1816,13	
531,932	2158,11	
532,176	2080,94	
532,42	1968,7	
532,664	2049,38	
532,908	2282,62	
533,152	1821,39	
533,396	2175,64	
533,64	2105,49	
533,884	2058,14	
534,128	1874	
534,371	1954,67	
534,615	2005,53	
534,859	1998,52	
535,103	1926,61	
535,347	2054,64	
535,59	1961,69	
535,834	1980,98	
536,078	1952,92	
536,322	2147,58	
536,565	1893,29	
536,809	1905,57	
537,053	1888,03	
537,296	1905,57	
537,54	1826,65	
537,784	1886,28	
538,027	2042,36	
538,271	2282,62	
538,514	1884,53	
538,758	1870,5	
539,001	1963,44	
539,245	1973,97	
539,488	1772,29	
539,732	2084,45	
539,975	1965,2	
540,219	1995,01	
540,462	2109	
540,706	1898,55	
540,949	1977,47	
541,192	2044,11	
541,436	1824,9	
541,679	1888,03	
541,922	1775,79	
542,166	1875,76	
542,409	1870,5	
542,652	1675,83	
542,895	1966,95	
543,139	1917,85	
543,382	2014,3	
543,625	1954,67	
543,868	2124,79	
544,111	1838,93	
544,354	2000,27	
544,598	1889,79	
544,841	1884,53	
545,084	2128,29	
545,327	2138,82	
545,57	1819,64	
545,813	1677,59	
546,056	1768,78	
546,299	1810,87	
546,542	1945,91	
546,785	1937,14	
547,028	2163,37	
547,271	1935,38	
547,514	1872,25	
547,756	1979,23	
547,999	1833,67	
548,242	1807,36	
548,485	1931,88	
548,728	1868,74	
548,971	1763,52	
549,213	1972,21	
549,456	1814,38	
549,699	1845,94	
549,942	1916,09	
550,184	1923,11	
550,427	2096,73	
550,67	1993,26	
550,912	1931,88	
551,155	1970,46	
551,398	1924,86	
551,64	1844,19	
551,883	2026,58	
552,125	1807,36	
552,368	1991,5	
552,61	1838,93	
552,853	2142,32	
553,095	1851,2	
553,338	1888,03	
553,58	1809,11	
553,823	1809,11	
554,065	1807,36	
554,308	1868,74	
554,55	1837,17	
554,792	2051,13	
555,035	1921,35	
555,277	1898,55	
555,519	1937,14	
555,762	1896,8	
556,004	1989,75	
556,246	1696,88	
556,488	1856,47	
556,731	1900,31	
556,973	1909,08	
557,215	1975,72	
557,457	1707,4	
557,699	2038,85	
557,941	1791,58	
558,183	1847,7	
558,426	1807,36	
558,668	1919,6	
558,91	1824,9	
559,152	1968,7	
559,394	1852,96	
559,636	1909,08	
559,878	1702,14	
560,12	2051,13	
560,362	1979,23	
560,604	1963,44	
560,845	1809,11	
561,087	1944,15	
561,329	2052,88	
561,571	1721,43	
561,813	1903,82	
562,055	1991,5	
562,297	1798,59	
562,538	1954,67	
562,78	2021,32	
563,022	2028,33	
563,264	2100,23	
563,505	2059,9	
563,747	1821,39	
563,989	2156,35	
564,23	2103,74	
564,472	2066,91	
564,714	1909,08	
564,955	2151,09	
565,197	1982,73	
565,438	2061,65	
565,68	1863,48	
565,921	2033,59	
566,163	1979,23	
566,404	2137,06	
566,646	1851,2	
566,887	2042,36	
567,129	2131,8	
567,37	1963,44	
567,612	2003,78	
567,853	2051,13	
568,094	2016,05	
568,336	2180,9	
568,577	2198,44	
568,818	1916,09	
569,06	2091,46	
569,301	2361,54	
569,542	2187,92	
569,783	2193,18	
570,025	2103,74	
570,266	2349,26	
570,507	2305,42	
570,748	2275,61	
570,989	2179,15	
571,23	2215,98	
571,472	2233,52	
571,713	2312,43	
571,954	2179,15	
572,195	2284,37	
572,436	2300,16	
572,677	2038,85	
572,918	2119,52	
573,159	2042,36	
573,4	2259,82	
573,641	2215,98	
573,882	2361,54	
574,123	2159,86	
574,364	2191,43	
574,604	2324,71	
574,845	2324,71	
575,086	2154,6	
575,327	2180,9	
575,568	2158,11	
575,809	2235,27	
576,049	2386,09	
576,29	2272,1	
576,531	2377,32	
576,771	2284,37	
577,012	2137,06	
577,253	2180,9	
577,494	2135,31	
577,734	2194,93	
577,975	2101,99	
578,215	2358,03	
578,456	2128,29	
578,697	2238,78	
578,937	2107,25	
579,178	2287,88	
579,418	2170,38	
579,659	2168,63	
579,899	2233,52	
580,14	2470,27	
580,38	2279,11	
580,62	2336,99	
580,861	2345,76	
581,101	2175,64	
581,342	2268,59	
581,582	2307,17	
581,822	2356,28	
582,063	2098,48	
582,303	2356,28	
582,543	2361,54	
582,783	2093,22	
583,024	2208,96	
583,264	2096,73	
583,504	2145,83	
583,744	2273,85	
583,984	2308,93	
584,224	2328,22	
584,465	2349,26	
584,705	2258,07	
584,945	2222,99	
585,185	1991,5	
585,425	2349,26	
585,665	2303,67	
585,905	2251,05	
586,145	2293,14	
586,385	2472,02	
586,625	2573,74	
586,865	2484,3	
587,105	2226,5	
587,345	2454,49	
587,585	2312,43	
587,824	2405,38	
588,064	2258,07	
588,304	2382,58	
588,544	2412,4	
588,784	2435,2	
589,024	2465,01	
589,263	2415,9	
589,503	2312,43	
589,743	2380,83	
589,982	2268,59	
590,222	2529,9	
590,462	2340,49	
590,701	2305,42	
590,941	2470,27	
591,181	2347,51	
591,42	2375,57	
591,66	2354,52	
591,899	2326,46	
592,139	2457,99	
592,378	2312,43	
592,618	2256,32	
592,857	2393,11	
593,097	2442,21	
593,336	2494,82	
593,576	2452,73	
593,815	2508,85	
594,055	2324,71	
594,294	2450,98	
594,533	2505,34	
594,773	2484,3	
595,012	2347,51	
595,251	2698,25	
595,491	2726,31	
595,73	2668,44	
595,969	2556,2	
596,208	2393,11	
596,447	2628,11	
596,687	2642,13	
596,926	2547,43	
597,165	2557,96	
597,404	2493,07	
597,643	2543,93	
597,882	2543,93	
598,121	2510,61	
598,36	2568,48	
598,599	2663,18	
598,838	2575,49	
599,077	2799,97	
599,316	2801,72	
599,555	2668,44	
599,794	2540,42	
600,033	2882,4	
600,272	2703,52	
600,511	2561,46	
600,75	2533,4	
600,989	2766,65	
601,228	2563,22	
601,466	2568,48	
601,705	2661,43	
601,944	2942,02	
602,183	2754,37	
602,422	2698,25	
602,66	2689,49	
602,899	2849,07	
603,138	2579	
603,376	2792,96	
603,615	2757,88	
603,854	2803,48	
604,092	2633,37	
604,331	2726,31	
604,569	2752,62	
604,808	2657,92	
605,047	2677,21	
605,285	2610,57	
605,524	2663,18	
605,762	2733,33	
606	2598,29	
606,239	2529,9	
606,477	2692,99	
606,716	2698,25	
606,954	2579	
607,193	2550,94	
607,431	2589,52	
607,669	2486,05	
607,908	2663,18	
608,146	2533,4	
608,384	2600,05	
608,622	2650,9	
608,861	2536,91	
609,099	2522,88	
609,337	2321,2	
609,575	2708,78	
609,813	2450,98	
610,052	2498,33	
610,29	2284,37	
610,528	2300,16	
610,766	2335,23	
611,004	2186,17	
611,242	2391,35	
611,48	2228,26	
611,718	2580,75	
611,956	2373,81	
612,194	2438,7	
612,432	2405,38	
612,67	2301,91	
612,908	2282,62	
613,146	2242,29	
613,384	2445,72	
613,621	2254,56	
613,859	2152,85	
614,097	2386,09	
614,335	2319,45	
614,573	2214,23	
614,811	2280,87	
615,048	2212,47	
615,286	2212,47	
615,524	2161,61	
615,761	2168,63	
615,999	2198,44	
616,237	2193,18	
616,474	2410,64	
616,712	2054,64	
616,95	2237,02	
617,187	2112,51	
617,425	2319,45	
617,662	2109	
617,9	2166,88	
618,137	2240,53	
618,375	2328,22	
618,612	2175,64	
618,85	2017,81	
619,087	2230,01	
619,325	2028,33	
619,562	2044,11	
619,799	2124,79	
620,037	2312,43	
620,274	2282,62	
620,511	2051,13	
620,749	2242,29	
620,986	2286,13	
621,223	2024,82	
621,461	2182,66	
621,698	2007,29	
621,935	1951,17	
622,172	1970,46	
622,409	2168,63	
622,647	2230,01	
622,884	2012,55	
623,121	2016,05	
623,358	1973,97	
623,595	2005,53	
623,832	2016,05	
624,069	2037,1	
624,306	2066,91	
624,543	1926,61	
624,78	1903,82	
625,017	1898,55	
625,254	2084,45	
625,491	2087,96	
625,728	1909,08	
625,965	2109	
626,202	2014,3	
626,438	1938,89	
626,675	2035,35	
626,912	1854,71	
627,149	2021,32	
627,386	2128,29	
627,622	1884,53	
627,859	2051,13	
628,096	2024,82	
628,333	2047,62	
628,569	1972,21	
628,806	2066,91	
629,043	1968,7	
629,279	1947,66	
629,516	1844,19	
629,752	1903,82	
629,989	1786,32	
630,225	1968,7	
630,462	2007,29	
630,699	1805,61	
630,935	1761,76	
631,171	1902,06	
631,408	1845,94	
631,644	1837,17	
631,881	1698,63	
632,117	1844,19	
632,354	1977,47	
632,59	1900,31	
632,826	1931,88	
633,063	1914,34	
633,299	1728,44	
633,535	1767,03	
633,771	1661,8	
634,008	1821,39	
634,244	1675,83	
634,48	1691,62	
634,716	1710,91	
634,953	1714,41	
635,189	1716,17	
635,425	1731,95	
635,661	1710,91	
635,897	1812,62	
636,133	1747,73	
636,369	1842,44	
636,605	1675,83	
636,841	1707,4	
637,077	1596,91	
637,313	1693,37	
637,549	1835,42	
637,785	1805,61	
638,021	1684,6	
638,257	1695,12	
638,493	1579,38	
638,729	1656,54	
638,965	1821,39	
639,2	1882,77	
639,436	1674,08	
639,672	1756,5	
639,908	1717,92	
640,144	1516,24	
640,379	1740,72	
640,615	1702,14	
640,851	1607,44	
641,086	1546,06	
641,322	1630,23	
641,558	1633,74	
641,793	1593,41	
642,029	1710,91	
642,264	1491,69	
642,5	1670,57	
642,736	1644,26	
642,971	1518	
643,207	1521,5	
643,442	1463,63	
643,678	1816,13	
643,913	1856,47	
644,148	1379,45	
644,384	1619,71	
644,619	1656,54	
644,855	1560,09	
645,09	1586,39	
645,325	1502,21	
645,561	1374,19	
645,796	1332,1	
646,031	1547,81	
646,266	1423,3	
646,502	1700,38	
646,737	1405,76	
646,972	1465,38	
647,207	1530,27	
647,442	1423,3	
647,678	1526,76	
647,913	1635,5	
648,148	1489,94	
648,383	1440,83	
648,618	1574,12	
648,853	1425,05	
649,088	1472,4	
649,323	1351,39	
649,558	1498,71	
649,793	1460,12	
650,028	1447,85	
650,263	1496,95	
650,498	1533,78	
650,733	1389,97	
650,968	1553,07	
651,202	1340,87	
651,437	1505,72	
651,672	1565,35	
651,907	1391,73	
652,142	1393,48	
652,376	1437,32	
652,611	1593,41	
652,846	1556,58	
653,081	1449,6	
653,315	1460,12	
653,55	1328,59	
653,785	1198,82	
654,019	1339,12	
654,254	1396,99	
654,488	1321,58	
654,723	1425,05	
654,958	1251,43	
655,192	1321,58	
655,427	1230,39	
655,661	1396,99	
655,896	1360,16	
656,13	1386,47	
656,364	1361,91	
656,599	1319,83	
656,833	1360,16	
657,068	1283	
657,302	1183,03	
657,536	1454,86	
657,771	1226,88	
658,005	1290,01	
658,239	1226,88	
658,474	1091,84	
658,708	1263,71	
658,942	1219,86	
659,176	1398,74	
659,41	1374,19	
659,645	1516,24	
659,879	1097,1	
660,113	1156,73	
660,347	1400,5	
660,581	1437,32	
660,815	1177,77	
661,049	1137,44	
661,283	1328,59	
661,517	1183,03	
661,751	1230,39	
661,985	1177,77	
662,219	1174,27	
662,453	1179,53	
662,687	1081,32	
662,921	1084,83	
663,155	1233,89	
663,389	1326,84	
663,622	1072,55	
663,856	1237,4	
664,09	1084,83	
664,324	1153,22	
664,558	1153,22	
664,791	1230,39	
665,025	972,59	
665,259	1112,89	
665,492	1060,27	
665,726	1165,5	
665,96	1021,69	
666,193	1200,57	
666,427	1074,3	
666,661	1290,01	
666,894	967,33	
667,128	1011,17	
667,361	1272,47	
667,595	1142,7	
667,828	1328,59	
668,062	1160,24	
668,295	928,74	
668,529	1239,15	
668,762	1219,86	
668,995	990,12	
669,229	1200,57	
669,462	1214,6	
669,695	930,5	
669,929	1062,03	
670,162	872,63	
670,395	970,83	
670,629	1044,49	
670,862	1137,44	
671,095	979,6	
671,328	958,56	
671,561	1070,8	
671,795	1030,46	
672,028	1167,25	
672,261	965,57	
672,494	1060,27	
672,727	1246,17	
672,96	1072,55	
673,193	1056,77	
673,426	1004,15	
673,659	1104,12	
673,892	1088,33	
674,125	988,37	
674,358	1158,48	
674,591	893,67	
674,824	1032,21	
675,057	1044,49	
675,29	1163,74	
675,523	949,79	
675,755	1151,47	
675,988	1198,82	
676,221	921,73	
676,454	1128,67	
676,687	969,08	
676,919	1283	
677,152	1139,19	
677,385	986,62	
677,617	928,74	
677,85	949,79	
678,083	1023,45	
678,315	919,98	
678,548	870,87	
678,78	877,89	
679,013	1116,39	
679,246	963,82	
679,478	932,25	
679,711	1142,7	
679,943	1040,98	
680,175	1167,25	
680,408	934,01	
680,64	932,25	
680,873	1026,95	
681,105	1028,71	
681,338	986,62	
681,57	907,7	
681,802	1005,91	
682,034	877,89	
682,267	821,77	
682,499	969,08	
682,731	962,07	
682,964	1140,95	
683,196	904,19	
683,428	1002,4	
683,66	995,39	
683,892	1111,13	
684,124	881,39	
684,356	1023,45	
684,589	816,51	
684,821	1153,22	
685,053	881,39	
685,285	1046,24	
685,517	893,67	
685,749	1067,29	
685,981	1000,65	
686,213	934,01	
686,445	869,12	
686,676	825,27	
686,908	970,83	
687,14	891,92	
687,372	1212,85	
687,604	1037,48	
687,836	1133,93	
688,068	934,01	
688,299	970,83	
688,531	977,85	
688,763	1037,48	
688,995	1074,3	
689,226	1009,42	
689,458	923,48	
689,69	1049,75	
689,921	914,71	
690,153	904,19	
690,384	953,3	
690,616	867,36	
690,848	926,99	
691,079	905,95	
691,311	939,27	
691,542	914,71	
691,774	811,24	
692,005	1009,42	
692,237	1167,25	
692,468	862,1	
692,699	997,14	
692,931	807,74	
693,162	795,46	
693,393	821,77	
693,625	851,58	
693,856	914,71	
694,087	883,15	
694,319	835,8	
694,55	855,09	
694,781	772,66	
695,012	863,86	
695,243	791,95	
695,475	1009,42	
695,706	1048	
695,937	704,27	
696,168	879,64	
696,399	911,21	
696,63	742,85	
696,861	870,87	
697,092	839,3	
697,323	944,53	
697,554	939,27	
697,785	949,79	
698,016	925,24	
698,247	821,77	
698,478	783,18	
698,709	834,04	
698,94	769,16	
699,171	837,55	
699,401	988,37	
699,632	821,77	
699,863	858,6	
700,094	790,2	
700,325	797,21	
700,555	991,88	
700,786	981,36	
701,017	870,87	
701,247	772,66	
701,478	905,95	
701,709	842,81	
701,939	805,98	
702,17	995,39	
702,401	869,12	
702,631	907,7	
702,862	690,24	
703,092	813	
703,323	606,06	
703,553	830,54	
703,784	902,44	
704,014	877,89	
704,244	753,37	
704,475	853,33	
704,705	751,62	
704,936	881,39	
705,166	749,86	
705,396	695,5	
705,627	965,57	
705,857	890,16	
706,087	807,74	
706,317	777,92	
706,548	676,21	
706,778	923,48	
707,008	872,63	
707,238	683,22	
707,468	697,25	
707,698	688,48	
707,928	835,8	
708,158	846,32	
708,389	755,13	
708,619	755,13	
708,849	820,01	
709,079	749,86	
709,309	846,32	
709,539	713,04	
709,768	691,99	
709,998	570,98	
710,228	693,74	
710,458	642,89	
710,688	720,05	
710,918	706,02	
711,148	699,01	
711,378	735,83	
711,607	751,62	
711,837	709,53	
712,067	660,42	
712,297	684,98	
712,526	599,04	
712,756	665,69	
712,986	595,54	
713,215	669,19	
713,445	842,81	
713,674	667,44	
713,904	651,66	
714,134	560,46	
714,363	691,99	
714,593	560,46	
714,822	546,43	
715,052	704,27	
715,281	721,8	
715,511	762,14	
715,74	599,04	
715,969	749,86	
716,199	727,07	
716,428	630,61	
716,657	583,26	
716,887	646,39	
717,116	627,1	
717,345	667,44	
717,575	637,63	
717,804	718,3	
718,033	490,31	
718,262	621,84	
718,492	578	
718,721	711,28	
718,95	513,11	
719,179	563,97	
719,408	513,11	
719,637	642,89	
719,866	642,89	
720,095	620,09	
720,324	762,14	
720,553	546,43	
720,782	572,74	
721,011	607,81	
721,24	558,71	
721,469	407,89	
721,698	535,91	
721,927	618,33	
722,156	639,38	
722,385	565,72	
722,613	402,63	
722,842	713,04	
723,071	423,67	
723,3	518,37	
723,529	628,86	
723,757	449,98	
723,986	330,72	
724,215	460,5	
724,443	525,39	
724,672	435,95	
724,901	451,73	
725,129	371,06	
725,358	516,62	
725,586	378,07	
725,815	606,06	
726,043	649,9	
726,272	532,4	
726,5	646,39	
726,729	606,06	
726,957	520,13	
727,186	509,6	
727,414	388,6	
727,642	399,12	
727,871	674,45	
728,099	697,25	
728,327	513,11	
728,556	502,59	
728,784	637,63	
729,012	255,31	
729,241	446,47	
729,469	444,72	
729,697	271,1	
729,925	500,84	
730,153	425,42	
730,381	239,53	
730,61	442,96	
730,838	428,93	
731,066	453,48	
731,294	516,62	
731,522	413,15	
731,75	388,6	
731,978	493,82	
732,206	386,84	
732,434	327,22	
732,662	472,78	
732,89	449,98	
733,118	341,25	
733,346	528,89	
733,573	527,14	
733,801	442,96	
734,029	406,13	
734,257	264,08	
734,485	365,8	
734,712	290,39	
734,94	339,49	
735,168	374,57	
735,396	393,86	
735,623	300,91	
735,851	379,83	
736,078	379,83	
736,306	316,69	
736,534	297,4	
736,761	248,3	
736,989	507,85	
737,216	332,48	
737,444	704,27	
737,671	362,29	
737,899	670,95	
738,126	439,45	
738,354	207,96	
738,581	425,42	
738,809	344,75	
739,036	183,41	
739,263	442,96	
739,491	313,19	
739,718	344,75	
739,945	381,58	
740,173	328,97	
740,4	251,81	
740,627	316,69	
740,854	209,72	
741,081	446,47	
741,309	514,86	
741,536	216,73	
741,763	272,85	
741,99	258,82	
742,217	264,08	
742,444	130,8	
742,671	241,28	
742,898	192,18	
743,125	248,3	
743,352	544,68	
743,579	362,29	
743,806	155,35	
744,033	281,62	
744,26	288,63	
744,487	428,93	
744,714	243,04	
744,941	230,76	
745,167	307,93	
745,394	304,42	
745,621	441,21	
745,848	271,1	
746,075	364,04	
746,301	251,81	
746,528	130,8	
746,755	153,6	
746,981	253,56	
747,208	307,93	
747,435	441,21	
747,661	267,59	
747,888	164,12	
748,114	255,31	
748,341	381,58	
748,567	409,64	
748,794	174,64	
749,02	190,43	
749,247	274,6	
749,473	236,02	
749,7	456,99	
749,926	402,63	
750,152	100,99	
750,379	332,48	
750,605	397,37	
750,831	357,03	
751,058	225,5	
751,284	369,31	
751,51	214,98	
751,737	243,04	
751,963	262,33	
752,189	20,31	
752,415	151,84	
752,641	250,05	
752,867	232,51	
753,094	309,68	
753,32	251,81	
753,546	418,41	
753,772	190,43	
753,998	357,03	
754,224	167,63	
754,45	216,73	
754,676	179,9	
754,902	279,87	
755,128	346,51	
755,354	279,87	
755,579	311,43	
755,805	78,19	
756,031	104,49	
756,257	165,87	
756,483	13,3	
756,709	267,59	
756,934	332,48	
757,16	237,78	
757,386	271,1	
757,612	297,4	
757,837	269,34	
758,063	71,17	
758,289	146,58	
758,514	134,31	
758,74	236,02	
758,965	271,1	
759,191	202,7	
759,416	72,93	
759,642	83,45	
759,868	18,56	
760,093	127,29	
760,318	153,6	
760,544	176,4	
760,769	160,61	
760,995	-58,6	
761,22	93,97	
761,445	346,51	
761,671	318,45	
761,896	58,9	
762,121	60,65	
762,347	-55,1	
762,572	334,23	
762,797	120,28	
763,022	162,37	
763,248	120,28	
763,473	195,69	
763,698	92,22	
763,923	209,72	
764,148	136,06	
764,373	276,36	
764,598	202,7	
764,823	272,85	
765,048	258,82	
765,273	257,07	
765,498	106,25	
765,723	136,06	
765,948	139,57	
766,173	83,45	
766,398	-13,01	
766,623	381,58	
766,848	81,69	
767,073	51,88	
767,298	139,57	
767,522	37,85	
767,747	1,02	
767,972	95,72	
768,197	92,22	
768,421	44,87	
768,646	67,66	
768,871	-25,28	
769,095	127,29	
769,32	6,28	
769,545	271,1	
769,769	120,28	
769,994	-13,01	
770,218	62,4	
770,443	-11,25	
770,667	64,16	
770,892	174,64	
771,116	164,12	
771,341	139,57	
771,565	162,37	
771,79	41,36	
772,014	13,3	
772,238	36,1	
772,463	65,91	
772,687	153,6	
772,911	41,36	
773,136	167,63	
773,36	34,34	
773,584	109,75	
773,808	104,49	
774,033	34,34	
774,257	118,52	
774,481	-39,31	
774,705	172,89	
774,929	122,03	
775,153	62,4	
775,377	48,37	
775,602	-128,75	
775,826	123,78	
776,05	88,71	
776,274	9,79	
776,498	-32,3	
776,722	99,23	
776,945	25,58	
777,169	-51,59	
777,393	-48,08	
777,617	60,65	
777,841	16,81	
778,065	15,05	
778,289	88,71	
778,512	146,58	
778,736	109,75	
778,96	-44,57	
779,184	160,61	
779,407	176,4	
779,631	111,51	
779,855	36,1	
780,078	78,19	
780,302	76,43	
780,526	23,82	
780,749	-21,78	
780,973	6,28	
781,196	150,09	
781,42	58,9	
781,643	36,1	
781,867	-74,39	
782,09	-4,24	
782,314	-65,62	
782,537	214,98	
782,76	-4,24	
782,984	81,69	
783,207	-163,83	
783,431	85,2	
783,654	-83,16	
783,877	-79,65	
784,1	-37,56	
784,324	155,35	
784,547	-0,73	
784,77	-158,57	
784,993	130,8	
785,216	214,98	
785,44	6,28	
785,663	143,07	
785,886	-128,75	
786,109	81,69	
786,332	218,49	
786,555	-25,28	
786,778	95,72	
787,001	-79,65	
787,224	-167,33	
787,447	-116,48	
787,67	-79,65	
787,893	-72,63	
788,116	-219,95	
788,339	-56,85	
788,561	-90,17	
788,784	67,66	
789,007	-153,3	
789,23	88,71	
789,453	-42,82	
789,675	51,88	
789,898	113,26	
790,121	20,31	
790,344	106,25	
790,566	51,88	
790,789	18,56	
791,012	-14,76	
791,234	69,42	
791,457	72,93	
791,679	25,58	
791,902	-55,1	
792,124	-56,85	
792,347	-95,43	
792,569	-30,54	
792,792	-20,02	
793,014	-53,34	
793,237	34,34	
793,459	-118,23	
793,681	67,66	
793,904	-11,25	
794,126	-13,01	
794,348	-0,73	
794,571	111,51	
794,793	127,29	
795,015	-121,74	
795,237	-70,88	
795,46	-35,81	
795,682	-70,88	
795,904	-60,36	
796,126	-27,04	
796,348	213,22	
796,57	139,57	
796,792	93,97	
797,014	57,14	
797,237	-74,39	
797,459	-76,14	
797,681	-60,36	
797,903	81,69	
798,124	-35,81	
798,346	109,75	
798,568	-39,31	
798,79	-20,02	
799,012	-2,48	
799,234	202,7	
799,456	-153,3	
799,678	-121,74	
799,899	188,67	
800,121	11,55	
800,343	199,19	
800,565	111,51	
800,786	148,34	
801,008	16,81	
801,23	-118,23	
801,451	92,22	
801,673	939,27	
801,895	6,28	
802,116	288,63	
802,338	48,37	
802,559	90,46	
802,781	9,79	
803,002	72,93	
803,224	-39,31	
803,445	-67,37	
803,667	51,88	
803,888	18,56	
804,109	43,11	
804,331	67,66	
804,552	-51,59	
804,773	151,84	
804,995	-90,17	
805,216	-46,33	
805,437	88,71	
805,658	78,19	
805,88	-72,63	
806,101	-32,3	
806,322	53,63	
806,543	78,19	
806,764	51,88	
806,985	144,83	
807,207	-30,54	
807,428	165,87	
807,649	-7,75	
807,87	-41,07	
808,091	22,07	
808,312	-58,6	
808,533	-23,53	
808,754	-53,34	
808,975	-70,88	
809,195	-151,55	
809,416	60,65	
809,637	36,1	
809,858	-34,05	
810,079	-242,74	
810,3	158,86	
810,52	46,62	
810,741	23,82	
810,962	-116,48	
811,183	-90,17	
811,403	36,1	
811,624	130,8	
811,845	200,95	
812,065	169,38	
812,286	-81,4	
812,506	41,36	
812,727	-62,11	
812,948	-160,32	
813,168	-112,97	
813,389	-69,13	
813,609	69,42	
813,83	139,57	
814,05	-32,3	
814,27	-25,28	
814,491	2,78	
814,711	20,31	
814,931	65,91	
815,152	92,22	
815,372	71,17	
815,592	-23,53	
815,813	-46,33	
816,033	-97,19	
816,253	118,52	
816,473	115,02	
816,694	-146,29	
816,914	4,53	
817,134	-11,25	
817,354	-49,84	
817,574	39,6	
817,794	125,54	
818,014	-114,72	
818,234	-191,89	
818,454	136,06	
818,674	60,65	
818,894	104,49	
819,114	-258,53	
819,334	57,14	
819,554	8,04	
819,774	-219,95	
819,994	55,39	
820,214	23,82	
820,433	93,97	
820,653	6,28	
820,873	46,62	
821,093	-28,79	
821,312	-72,63	
821,532	32,59	
821,752	-134,01	
821,972	-93,68	
822,191	-109,46	
822,411	74,68	
822,63	15,05	
822,85	69,42	
823,07	250,05	
823,289	22,07	
823,509	-142,78	
823,728	76,43	
823,948	-70,88	
824,167	127,29	
824,387	9,79	
824,606	-27,04	
824,825	-18,27	
825,045	-28,79	
825,264	2,78	
825,483	221,99	
825,703	-11,25	
825,922	-27,04	
826,141	41,36	
826,361	-205,92	
826,58	-121,74	
826,799	-100,69	
827,018	30,84	
827,237	20,31	
827,456	-146,29	
827,676	-20,02	
827,895	109,75	
828,114	-142,78	
828,333	-49,84	
828,552	-77,89	
828,771	9,79	
828,99	8,04	
829,209	-27,04	
829,428	-32,3	
829,647	-35,81	
829,866	-62,11	
830,084	-105,95	
830,303	16,81	
830,522	1,02	
830,741	41,36	
830,96	132,55	
831,179	51,88	
831,397	43,11	
831,616	-28,79	
831,835	2,78	
832,053	41,36	
832,272	-48,08	
832,491	13,3	
832,709	97,48	
832,928	36,1	
833,147	9,79	
833,365	-49,84	
833,584	-60,36	
833,802	79,94	
834,021	30,84	
834,239	11,55	
834,458	-39,31	
834,676	-93,68	
834,894	-48,08	
835,113	-27,04	
835,331	25,58	
835,55	67,66	
835,768	99,23	
835,986	-176,1	
836,204	37,85	
836,423	39,6	
836,641	67,66	
836,859	51,88	
837,077	143,07	
837,296	50,13	
837,514	95,72	
837,732	-16,51	
837,95	-258,53	
838,168	-51,59	
838,386	-49,84	
838,604	-23,53	
838,822	-27,04	
839,04	9,79	
839,258	109,75	
839,476	-46,33	
839,694	71,17	
839,912	-21,78	
840,13	-177,86	
840,348	-13,01	
840,566	32,59	
840,783	-162,07	
841,001	-144,54	
841,219	-104,2	
841,437	202,7	
841,655	-135,77	
841,872	86,96	
842,09	29,08	
842,308	-88,42	
842,525	16,81	
842,743	4,53	
842,961	-16,51	
843,178	-112,97	
843,396	15,05	
843,613	169,38	
843,831	-97,19	
844,048	81,69	
844,266	-70,88	
844,483	111,51	
844,701	-49,84	
844,918	2,78	
845,136	-16,51	
845,353	-119,98	
845,57	27,33	
845,788	62,4	
846,005	141,32	
846,222	-163,83	
846,439	-74,39	
846,657	146,58	
846,874	44,87	
847,091	30,84	
847,308	32,59	
847,526	-48,08	
847,743	-137,52	
847,96	-97,19	
848,177	99,23	
848,394	-97,19	
848,611	-39,31	
848,828	-13,01	
849,045	199,19	
849,262	-102,45	
849,479	-77,89	
849,696	99,23	
849,913	-112,97	
850,13	39,6	
850,347	50,13	
850,564	27,33	
850,78	16,81	
850,997	-35,81	
851,214	29,08	
851,431	-46,33	
851,647	-4,24	
851,864	-86,66	
852,081	-70,88	
852,298	6,28	
852,514	53,63	
852,731	57,14	
852,948	-142,78	
853,164	-204,16	
853,381	-169,09	
853,597	109,75	
853,814	20,31	
854,03	-170,84	
854,247	-130,51	
854,463	-42,82	
854,68	-111,22	
854,896	-84,91	
855,113	-107,71	
855,329	60,65	
855,545	-277,82	
855,762	-18,27	
855,978	44,87	
856,194	46,62	
856,411	162,37	
856,627	-69,13	
856,843	8,04	
857,059	-111,22	
857,275	-198,9	
857,492	93,97	
857,708	-77,89	
857,924	-7,75	
858,14	-74,39	
858,356	18,56	
858,572	25,58	
858,788	76,43	
859,004	-46,33	
859,22	-262,04	
859,436	-55,1	
859,652	106,25	
859,868	20,31	
860,084	-69,13	
860,3	239,53	
860,516	-165,58	
860,731	-95,43	
860,947	143,07	
861,163	-7,75	
861,379	34,34	
861,595	-118,23	
861,81	-65,62	
862,026	-48,08	
862,242	-56,85	
862,457	-116,48	
862,673	-0,73	
862,889	-44,57	
863,104	-7,75	
863,32	-35,81	
863,535	-5,99	
863,751	-46,33	
863,966	-65,62	
864,182	-60,36	
864,397	48,37	
864,613	-14,76	
864,828	46,62	
865,044	67,66	
865,259	-48,08	
865,474	62,4	
865,69	-70,88	
865,905	-13,01	
866,12	22,07	
866,336	6,28	
866,551	34,34	
866,766	-67,37	
866,981	-137,52	
867,196	86,96	
867,412	86,96	
867,627	-119,98	
867,842	-146,29	
868,057	11,55	
868,272	-55,1	
868,487	22,07	
868,702	-112,97	
868,917	62,4	
869,132	50,13	
869,347	-84,91	
869,562	-81,4	
869,777	69,42	
869,992	-81,4	
870,207	-70,88	
870,422	-98,94	
870,636	-170,84	
870,851	44,87	
871,066	39,6	
871,281	44,87	
871,495	-112,97	
871,71	-90,17	
871,925	-167,33	
872,14	-100,69	
872,354	50,13	
872,569	62,4	
872,783	-123,49	
872,998	-67,37	
873,213	-65,62	
873,427	-28,79	
873,642	-32,3	
873,856	-65,62	
874,071	-51,59	
874,285	-160,32	
874,5	-46,33	
874,714	-139,28	
874,928	204,46	
875,143	-177,86	
875,357	-60,36	
875,571	-125,25	
875,786	-105,95	
876	23,82	
876,214	-41,07	
876,429	43,11	
876,643	97,48	
876,857	48,37	
877,071	-30,54	
877,285	-144,54	
877,499	-67,37	
877,714	-162,07	
877,928	-119,98	
878,142	-97,19	
878,356	-65,62	
878,57	-128,75	
878,784	-204,16	
878,998	41,36	
879,212	206,21	
879,426	-13,01	
879,639	-170,84	
879,853	9,79	
880,067	34,34	
880,281	46,62	
880,495	-91,92	
880,709	-233,98	
880,922	130,8	
881,136	58,9	
881,35	-230,47	
881,564	-46,33	
881,777	-69,13	
881,991	-13,01	
882,205	-132,26	
882,418	146,58	
882,632	-48,08	
882,845	111,51	
883,059	-21,78	
883,273	-21,78	
883,486	-102,45	
883,7	62,4	
883,913	79,94	
884,126	-18,27	
884,34	20,31	
884,553	95,72	
884,767	-109,46	
884,98	-163,83	
885,193	-27,04	
885,407	146,58	
885,62	123,78	
885,833	-27,04	
886,046	-62,11	
886,26	-81,4	
886,473	13,3	
886,686	-51,59	
886,899	188,67	
887,112	-144,54	
887,326	-135,77	
887,539	-151,55	
887,752	-100,69	
887,965	37,85	
888,178	-55,1	
888,391	-149,8	
888,604	-83,16	
888,817	-2,48	
889,03	109,75	
889,243	23,82	
889,455	-79,65	
889,668	-98,94	
889,881	-34,05	
890,094	57,14	
890,307	-16,51	
890,52	-149,8	
890,732	-11,25	
890,945	93,97	
891,158	-137,52	
891,37	-20,02	
891,583	-125,25	
891,796	-34,05	
892,008	-23,53	
892,221	148,34	
892,434	-67,37	
892,646	-172,6	
892,859	-42,82	
893,071	144,83	
893,284	-98,94	
893,496	15,05	
893,709	-16,51	
893,921	-49,84	
894,133	-79,65	
894,346	-63,86	
894,558	-119,98	
894,771	57,14	
894,983	-56,85	
895,195	-153,3	
895,407	-0,73	
895,62	-179,61	
895,832	-88,42	
896,044	-105,95	
896,256	69,42	
896,468	118,52	
896,681	-125,25	
896,893	-86,66	
897,105	-49,84	
897,317	9,79	
897,529	65,91	
897,741	-25,28	
897,953	29,08	
898,165	44,87	
898,377	-16,51	
898,589	18,56	
898,801	-118,23	
899,013	-70,88	
899,224	39,6	
899,436	-90,17	
899,648	46,62	
899,86	37,85	
900,072	-88,42	
900,283	-20,02	
900,495	-63,86	
900,707	-30,54	
900,919	-5,99	
901,13	78,19	
901,342	-39,31	
901,554	-141,03	
901,765	-44,57	
901,977	-155,06	
902,188	2,78	
902,4	99,23	
902,611	34,34	
902,823	-93,68	
903,034	-67,37	
903,246	162,37	
903,457	-0,73	
903,669	83,45	
903,88	32,59	
904,091	-149,8	
904,303	62,4	
904,514	-165,58	
904,725	27,33	
904,936	43,11	
905,148	-195,39	
905,359	16,81	
905,57	-163,83	
905,781	9,79	
905,992	-235,73	
906,204	-81,4	
906,415	-97,19	
906,626	-41,07	
906,837	-111,22	
907,048	-174,35	
907,259	-23,53	
907,47	122,03	
907,681	-84,91	
907,892	44,87	
908,103	-56,85	
908,314	-34,05	
908,525	92,22	
908,735	20,31	
908,946	-30,54	
909,157	-18,27	
909,368	27,33	
909,579	30,84	
909,789	-42,82	
910	211,47	
910,211	-104,2	
910,421	6,28	
910,632	-248,01	
910,843	-53,34	
911,053	132,55	
911,264	-70,88	
911,475	-141,03	
911,685	53,63	
911,896	-41,07	
912,106	-204,16	
912,317	-151,55	
912,527	2,78	
912,737	-27,04	
912,948	-179,61	
913,158	-112,97	
913,369	32,59	
913,579	-118,23	
913,789	6,28	
914	-135,77	
914,21	171,13	
914,42	246,54	
914,63	-130,51	
914,841	27,33	
915,051	-2,48	
915,261	-20,02	
915,471	-148,04	
915,681	165,87	
915,891	13,3	
916,101	15,05	
916,311	-7,75	
916,521	-46,33	
916,731	116,77	
916,941	-11,25	
917,151	62,4	
917,361	-53,34	
917,571	4,53	
917,781	-153,3	
917,991	-20,02	
918,201	118,52	
918,411	67,66	
918,621	11,55	
918,83	-7,75	
919,04	30,84	
919,25	-60,36	
919,46	-181,36	
919,669	-62,11	
919,879	111,51	
920,089	88,71	
920,298	-79,65	
920,508	9,79	
920,717	-130,51	
920,927	76,43	
921,136	-307,63	
921,346	-55,1	
921,555	-69,13	
921,765	1,02	
921,974	-74,39	
922,184	-74,39	
922,393	192,18	
922,603	125,54	
922,812	-162,07	
923,021	1,02	
923,23	1,02	
923,44	-121,74	
923,649	79,94	
923,858	86,96	
924,067	-102,45	
924,277	-35,81	
924,486	-125,25	
924,695	-83,16	
924,904	15,05	
925,113	-48,08	
925,322	-200,66	
925,531	-105,95	
925,74	-162,07	
925,949	-63,86	
926,158	-179,61	
926,367	-51,59	
926,576	-141,03	
926,785	-49,84	
926,994	-21,78	
927,203	-118,23	
927,412	-69,13	
927,621	-91,92	
927,83	-102,45	
928,038	-0,73	
928,247	-7,75	
928,456	48,37	
928,665	-53,34	
928,873	-55,1	
929,082	-7,75	
929,291	-70,88	
929,499	-53,34	
929,708	95,72	
929,916	-204,16	
930,125	-130,51	
930,333	58,9	
930,542	-90,17	
930,75	-83,16	
930,959	41,36	
931,167	-93,68	
931,376	-90,17	
931,584	-98,94	
931,793	-95,43	
932,001	30,84	
932,209	-72,63	
932,418	41,36	
932,626	30,84	
932,834	-100,69	
933,042	-48,08	
933,251	-209,42	
933,459	-95,43	
933,667	39,6	
933,875	155,35	
934,083	-42,82	
934,291	-91,92	
934,499	-72,63	
934,707	32,59	
934,915	72,93	
935,123	-53,34	
935,331	-225,21	
935,539	-146,29	
935,747	-90,17	
935,955	-100,69	
936,163	-128,75	
936,371	-46,33	
936,579	-56,85	
936,787	27,33	
936,995	-90,17	
937,202	46,62	
937,41	67,66	
937,618	-67,37	
937,826	-77,89	
938,033	-116,48	
938,241	8,04	
938,449	-72,63	
938,656	-132,26	
938,864	-84,91	
939,071	-5,99	
939,279	-56,85	
939,486	-41,07	
939,694	2,78	
939,901	-63,86	
940,109	-21,78	
940,316	-63,86	
940,524	-63,86	
940,731	-160,32	
940,939	-84,91	
941,146	-225,21	
941,353	6,28	
941,561	118,52	
941,768	27,33	
941,975	-119,98	
942,182	-63,86	
942,39	132,55	
942,597	37,85	
942,804	-70,88	
943,011	-134,01	
943,218	62,4	
943,425	-95,43	
943,632	-90,17	
943,839	-123,49	
944,046	65,91	
944,253	-14,76	
944,46	-2,48	
944,667	-130,51	
944,874	-139,28	
945,081	4,53	
945,288	-53,34	
945,495	-2,48	
945,702	144,83	
945,909	-81,4	
946,115	-51,59	
946,322	39,6	
946,529	-65,62	
946,736	-65,62	
946,942	-135,77	
947,149	-195,39	
947,356	-72,63	
947,562	-177,86	
947,769	183,41	
947,976	92,22	
948,182	100,99	
948,389	-34,05	
948,595	32,59	
948,802	16,81	
949,008	-60,36	
949,215	-37,56	
949,421	-130,51	
949,628	-86,66	
949,834	-44,57	
950,04	22,07	
950,247	-100,69	
950,453	-30,54	
950,659	-135,77	
950,865	-51,59	
951,072	-67,37	
951,278	-2,48	
951,484	-58,6	
951,69	-5,99	
951,896	95,72	
952,103	-23,53	
952,309	-58,6	
952,515	-90,17	
952,721	-39,31	
952,927	-16,51	
953,133	-83,16	
953,339	193,93	
953,545	-63,86	
953,751	-114,72	
953,957	-114,72	
954,163	-67,37	
954,369	236,02	
954,574	13,3	
954,78	-177,86	
954,986	25,58	
955,192	-5,99	
955,398	-2,48	
955,603	-74,39	
955,809	25,58	
956,015	32,59	
956,22	-91,92	
956,426	-72,63	
956,632	-121,74	
956,837	-62,11	
957,043	-27,04	
957,248	-179,61	
957,454	-2,48	
957,66	-79,65	
957,865	-109,46	
958,07	48,37	
958,276	176,4	
958,481	-163,83	
958,687	-132,26	
958,892	53,63	
959,097	-28,79	
959,303	2,78	
959,508	11,55	
959,713	-151,55	
959,919	60,65	
960,124	-88,42	
960,329	36,1	
960,534	-135,77	
960,739	106,25	
960,945	-16,51	
961,15	-65,62	
961,355	-186,63	
961,56	-83,16	
961,765	-39,31	
961,97	-41,07	
962,175	-20,02	
962,38	25,58	
962,585	-183,12	
962,79	-41,07	
962,995	-130,51	
963,2	-95,43	
963,404	71,17	
963,609	62,4	
963,814	83,45	
964,019	-23,53	
964,224	-76,14	
964,428	-81,4	
964,633	-193,64	
964,838	-105,95	
965,042	-79,65	
965,247	125,54	
965,452	-174,35	
965,656	53,63	
965,861	-70,88	
966,066	-146,29	
966,27	-67,37	
966,475	-127	
966,679	-184,87	
966,884	-200,66	
967,088	-130,51	
967,292	-149,8	
967,497	100,99	
967,701	22,07	
967,906	60,65	
968,11	-48,08	
968,314	-160,32	
968,518	-76,14	
968,723	192,18	
968,927	-41,07	
969,131	-74,39	
969,335	79,94	
969,539	255,31	
969,744	-230,47	
969,948	86,96	
970,152	-121,74	
970,356	-79,65	
970,56	-44,57	
970,764	-172,6	
970,968	-44,57	
971,172	134,31	
971,376	116,77	
971,58	1,02	
971,784	-9,5	
971,988	109,75	
972,192	62,4	
972,395	32,59	
972,599	-155,06	
972,803	25,58	
973,007	22,07	
973,21	-0,73	
973,414	88,71	
973,618	-105,95	
973,822	-93,68	
974,025	146,58	
974,229	27,33	
974,432	-37,56	
974,636	-18,27	
974,84	-20,02	
975,043	-46,33	
975,247	164,12	
975,45	-177,86	
975,654	-118,23	
975,857	86,96	
976,06	29,08	
976,264	36,1	
976,467	-184,87	
976,671	-60,36	
976,874	-100,69	
977,077	-105,95	
977,28	-49,84	
977,484	-209,42	
977,687	-58,6	
977,89	81,69	
978,093	9,79	
978,297	-21,78	
978,5	-84,91	
978,703	102,74	
978,906	-23,53	
979,109	-34,05	
979,312	-95,43	
979,515	79,94	
979,718	-135,77	
979,921	1,02	
980,124	-105,95	
980,327	53,63	
980,53	-118,23	
980,733	-93,68	
980,936	93,97	
981,138	-35,81	
981,341	134,31	
981,544	-84,91	
981,747	1,02	
981,949	-41,07	
982,152	34,34	
982,355	83,45	
982,558	34,34	
982,76	-77,89	
982,963	-98,94	
983,165	-200,66	
983,368	-148,04	
983,571	-60,36	
983,773	-39,31	
983,976	136,06	
984,178	-125,25	
984,381	-35,81	
984,583	8,04	
984,785	-100,69	
984,988	-79,65	
985,19	27,33	
985,392	-123,49	
985,595	192,18	
985,797	-90,17	
985,999	-48,08	
986,202	44,87	
986,404	-79,65	
986,606	-44,57	
986,808	115,02	
987,01	-32,3	
987,212	88,71	
987,415	-23,53	
987,617	-188,38	
987,819	-79,65	
988,021	134,31	
988,223	116,77	
988,425	-97,19	
988,627	-211,18	
988,829	57,14	
989,031	20,31	
989,232	64,16	
989,434	-176,1	
989,636	79,94	
989,838	-151,55	
990,04	-11,25	
990,242	-4,24	
990,443	-141,03	
990,645	-30,54	
990,847	-132,26	
991,048	-13,01	
991,25	-156,81	
991,452	-81,4	
991,653	-114,72	
991,855	-221,7	
992,057	-35,81	
992,258	-156,81	
992,46	64,16	
992,661	-20,02	
992,863	1,02	
993,064	157,1	
993,265	-104,2	
993,467	-81,4	
993,668	122,03	
993,87	100,99	
994,071	-97,19	
994,272	27,33	
994,473	-34,05	
994,675	-79,65	
994,876	-188,38	
995,077	16,81	
995,278	104,49	
995,48	-4,24	
995,681	-121,74	
995,882	-21,78	
996,083	-104,2	
996,284	2,78	
996,485	-202,41	
996,686	-16,51	
996,887	27,33	
997,088	-18,27	
997,289	-20,02	
997,49	-28,79	
997,691	-9,5	
997,892	-0,73	
998,092	-121,74	
998,293	118,52	
998,494	-141,03	
998,695	-55,1	
998,896	20,31	
999,096	-104,2	
999,297	-263,79	
999,498	-105,95	
999,698	-134,01	
999,899	-35,81	
1000,1	-130,51	
1000,3	-212,93	
1000,501	-91,92	
1000,701	-53,34	
1000,902	-74,39	
1001,102	204,46	
1001,303	-55,1	
1001,503	13,3	
1001,704	-41,07	
1001,904	25,58	
1002,105	-102,45	
1002,305	-25,28	
1002,505	-127	
1002,706	-253,27	
1002,906	-184,87	
1003,106	-97,19	
1003,306	18,56	
1003,507	30,84	
1003,707	-0,73	
1003,907	18,56	
1004,107	-60,36	
1004,307	-76,14	
1004,507	-62,11	
1004,707	55,39	
1004,907	-114,72	
1005,107	-2,48	
1005,308	79,94	
1005,507	-158,57	
1005,707	-134,01	
1005,907	-48,08	
1006,107	-72,63	
1006,307	64,16	
1006,507	-55,1	
1006,707	-63,86	
1006,907	139,57	
1007,106	8,04	
1007,306	-67,37	
1007,506	136,06	
1007,706	-49,84	
1007,905	-116,48	
1008,105	-46,33	
1008,305	32,59	
1008,504	-219,95	
1008,704	79,94	
1008,903	-188,38	
1009,103	99,23	
1009,303	-20,02	
1009,502	-139,28	
1009,702	92,22	
1009,901	44,87	
1010,1	-77,89	
1010,3	-77,89	
1010,499	2,78	
1010,699	-60,36	
1010,898	-170,84	
1011,097	-91,92	
1011,296	-53,34	
1011,496	-2,48	
1011,695	204,46	
1011,894	-13,01	
1012,093	30,84	
1012,293	-128,75	
1012,492	-86,66	
1012,691	-77,89	
1012,89	16,81	
1013,089	-93,68	
1013,288	106,25	
1013,487	-167,33	
1013,686	-134,01	
1013,885	-93,68	
1014,084	-86,66	
1014,283	-28,79	
1014,482	-151,55	
1014,681	-81,4	
1014,88	11,55	
1015,078	43,11	
1015,277	83,45	
1015,476	-48,08	
1015,675	-100,69	
1015,873	-23,53	
1016,072	-193,64	
1016,271	20,31	
1016,47	44,87	
1016,668	8,04	
1016,867	-195,39	
1017,065	-41,07	
1017,264	-102,45	
1017,463	-93,68	
1017,661	-4,24	
1017,86	-49,84	
1018,058	41,36	
1018,256	-174,35	
1018,455	-251,51	
1018,653	18,56	
1018,852	2,78	
1019,05	-207,67	
1019,248	181,66	
1019,447	-91,92	
1019,645	57,14	
1019,843	-104,2	
1020,041	-230,47	
1020,24	-183,12	
1020,438	-14,76	
1020,636	-169,09	
1020,834	-158,57	
1021,032	13,3	
1021,23	-67,37	
1021,428	-35,81	
1021,626	-105,95	
1021,824	-34,05	
1022,022	-98,94	
1022,22	-230,47	
1022,418	-84,91	
1022,616	-0,73	
1022,814	-165,58	
1023,012	-63,86	
1023,21	-134,01	
1023,408	202,7	
1023,606	-155,06	
1023,803	-181,36	
1024,001	41,36	
1024,199	-67,37	
1024,397	9,79	
1024,594	115,02	
1024,792	65,91	
1024,99	-186,63	
1025,187	15,05	
1025,385	102,74	
1025,582	-167,33	
1025,78	-5,99	
1025,977	-142,78	
1026,175	-84,91	
1026,372	-100,69	
1026,57	-32,3	
1026,767	206,21	
1026,965	-114,72	
1027,162	-190,13	
1027,359	39,6	
1027,557	-86,66	
1027,754	-55,1	
1027,951	-23,53	
1028,148	-88,42	
1028,346	-58,6	
1028,543	-62,11	
1028,74	-204,16	
1028,937	-83,16	
1029,134	-16,51	
1029,331	-72,63	
1029,528	-70,88	
1029,725	115,02	
1029,923	-49,84	
1030,12	186,92	
1030,317	-142,78	
1030,513	37,85	
1030,71	-125,25	
1030,907	23,82	
1031,104	127,29	
1031,301	-170,84	
1031,498	-111,22	
1031,695	-151,55	
1031,892	-149,8	
1032,088	-179,61	
1032,285	-121,74	
1032,482	-102,45	
1032,678	-118,23	
1032,875	-34,05	
1033,072	190,43	
1033,268	-62,11	
1033,465	64,16	
1033,662	-70,88	
1033,858	16,81	
1034,055	-39,31	
1034,251	-155,06	
1034,448	-49,84	
1034,644	-130,51	
1034,84	-20,02	
1035,037	-83,16	
1035,233	-158,57	
1035,43	-162,07	
1035,626	-90,17	
1035,822	-141,03	
1036,019	-7,75	
1036,215	88,71	
1036,411	-112,97	
1036,607	-151,55	
1036,803	-137,52	
1037	-21,78	
1037,196	218,49	
1037,392	-190,13	
1037,588	-93,68	
1037,784	74,68	
1037,98	-18,27	
1038,176	-141,03	
1038,372	-98,94	
1038,568	-93,68	
1038,764	-125,25	
1038,96	-2,48	
1039,156	-179,61	
1039,352	-109,46	
1039,547	-23,53	
1039,743	-151,55	
1039,939	39,6	
1040,135	-216,44	
1040,331	-156,81	
1040,526	-167,33	
1040,722	-30,54	
1040,918	-188,38	
1041,113	-25,28	
1041,309	-156,81	
1041,505	90,46	
1041,7	-55,1	
1041,896	55,39	
1042,091	-97,19	
1042,287	-27,04	
1042,482	20,31	
1042,678	-105,95	
1042,873	51,88	
1043,069	-137,52	
1043,264	27,33	
1043,459	30,84	
1043,655	-105,95	
1043,85	-30,54	
1044,045	-262,04	
1044,24	-116,48	
1044,436	-195,39	
1044,631	-67,37	
1044,826	-41,07	
1045,021	-41,07	
1045,216	-41,07	
