couleur : cyan
angle source :0
angle capteur :30
source : 2700K
FLMT02171_1:101		
194,658	-604,74	
194,923	-604,74	
195,188	-604,74	
195,453	-566,16	
195,717	-52,32	
195,982	208,99	
196,247	47,64	
196,512	-29,52	
196,777	-31,27	
197,042	-24,26	
197,307	19,58	
197,572	-29,52	
197,837	-19	
198,101	-17,24	
198,366	-76,87	
198,631	37,12	
198,896	-85,64	
199,161	137,08	
199,425	-94,41	
199,69	159,88	
199,955	45,89	
200,22	9,06	
200,484	-192,62	
200,749	-10,23	
201,014	5,55	
201,278	-41,8	
201,543	182,68	
201,807	-115,45	
202,072	140,59	
202,337	166,9	
202,601	61,67	
202,866	-120,71	
203,13	-59,33	
203,395	-64,6	
203,659	177,42	
203,924	-64,6	
204,189	72,2	
204,453	45,89	
204,717	-176,83	
204,982	49,4	
205,246	-47,06	
205,511	102,01	
205,775	52,9	
206,04	156,37	
206,304	19,58	
206,568	-38,29	
206,833	-104,93	
207,097	14,32	
207,361	-6,72	
207,626	-71,61	
207,89	144,1	
208,154	30,11	
208,419	124,81	
208,683	-47,06	
208,947	54,66	
209,211	10,81	
209,476	35,37	
209,74	47,64	
210,004	358,05	
210,268	114,28	
210,532	249,32	
210,796	89,73	
211,061	-61,09	
211,325	-64,6	
211,589	196,71	
211,853	207,23	
212,117	26,6	
212,381	165,14	
212,645	19,58	
212,909	86,22	
213,173	7,31	
213,437	-40,04	
213,701	140,59	
213,965	82,72	
214,229	123,05	
214,493	135,33	
214,757	7,31	
215,021	-1,46	
215,285	54,66	
215,549	-150,53	
215,813	14,32	
216,077	47,64	
216,34	61,67	
216,604	44,14	
216,868	-31,27	
217,132	-64,6	
217,396	65,18	
217,659	93,24	
217,923	200,22	
218,187	-97,92	
218,451	89,73	
218,714	105,52	
218,978	56,41	
219,242	259,84	
219,505	152,87	
219,769	-4,97	
220,033	156,37	
220,296	138,84	
220,56	16,08	
220,824	75,7	
221,087	105,52	
221,351	56,41	
221,614	-19	
221,878	-24,26	
222,142	47,64	
222,405	96,75	
222,669	-134,74	
222,932	-24,26	
223,196	165,14	
223,459	100,25	
223,722	26,6	
223,986	-64,6	
224,249	196,71	
224,513	49,4	
224,776	-66,35	
225,04	-40,04	
225,303	-96,16	
225,566	75,7	
225,83	124,81	
226,093	17,83	
226,356	-10,23	
226,62	259,84	
226,883	-138,25	
227,146	-92,66	
227,409	-111,95	
227,673	210,74	
227,936	-89,15	
228,199	-13,74	
228,462	152,87	
228,725	61,67	
228,989	110,78	
229,252	70,44	
229,515	19,58	
229,778	40,63	
230,041	19,58	
230,304	-152,28	
230,567	-50,57	
230,83	61,67	
231,093	-8,48	
231,356	12,57	
231,619	-41,8	
231,882	-54,07	
232,145	33,61	
232,408	-19	
232,671	-11,98	
232,934	-64,6	
233,197	80,96	
233,46	328,24	
233,723	21,34	
233,986	94,99	
234,249	-124,22	
234,512	14,32	
234,775	79,21	
235,037	65,18	
235,3	-10,23	
235,563	305,44	
235,826	121,3	
236,089	133,58	
236,351	59,92	
236,614	109,02	
236,877	7,31	
237,14	3,8	
237,402	16,08	
237,665	56,41	
237,928	31,86	
238,19	-1,46	
238,453	73,95	
238,716	200,22	
238,978	-47,06	
239,241	98,5	
239,503	9,06	
239,766	31,86	
240,029	175,66	
240,291	-52,32	
240,554	114,28	
240,816	94,99	
241,079	154,62	
241,341	2,05	
241,604	-108,44	
241,866	14,32	
242,129	-87,39	
242,391	163,39	
242,653	-87,39	
242,916	73,95	
243,178	-33,03	
243,441	87,98	
243,703	31,86	
243,965	42,38	
244,228	252,83	
244,49	-10,23	
244,752	21,34	
245,015	56,41	
245,277	-61,09	
245,539	-159,3	
245,801	-164,56	
246,064	44,14	
246,326	128,31	
246,588	-6,72	
246,85	238,8	
247,112	-17,24	
247,374	94,99	
247,637	-38,29	
247,899	-61,09	
248,161	93,24	
248,423	0,29	
248,685	172,16	
248,947	116,04	
249,209	228,28	
249,471	-3,22	
249,733	-8,48	
249,995	-55,83	
250,257	-122,47	
250,519	109,02	
250,781	130,07	
251,043	107,27	
251,305	82,72	
251,567	161,64	
251,829	-52,32	
252,091	38,87	
252,353	-27,77	
252,615	96,75	
252,876	-19	
253,138	42,38	
253,4	35,37	
253,662	30,11	
253,924	-173,33	
254,185	14,32	
254,447	23,09	
254,709	177,42	
254,971	-27,77	
255,232	52,9	
255,494	187,94	
255,756	0,29	
256,017	-45,3	
256,279	-176,83	
256,541	-55,83	
256,802	107,27	
257,064	-71,61	
257,326	-90,9	
257,587	65,18	
257,849	152,87	
258,11	-24,26	
258,372	-92,66	
258,633	79,21	
258,895	158,13	
259,156	226,52	
259,418	80,96	
259,679	68,69	
259,941	-3,22	
260,202	52,9	
260,464	-45,3	
260,725	17,83	
260,987	128,31	
261,248	35,37	
261,509	24,84	
261,771	24,84	
262,032	31,86	
262,293	144,1	
262,555	177,42	
262,816	109,02	
263,077	52,9	
263,338	10,81	
263,6	-185,6	
263,861	-189,11	
264,122	77,46	
264,383	-34,78	
264,645	-38,29	
264,906	-27,77	
265,167	-82,13	
265,428	-8,48	
265,689	9,06	
265,95	242,31	
266,211	-22,51	
266,473	-45,3	
266,734	-19	
266,995	63,43	
267,256	10,81	
267,517	23,09	
267,778	63,43	
268,039	17,83	
268,3	212,49	
268,561	45,89	
268,822	-17,24	
269,083	156,37	
269,344	-17,24	
269,604	133,58	
269,865	-27,77	
270,126	112,53	
270,387	35,37	
270,648	-213,66	
270,909	-134,74	
271,17	75,7	
271,43	173,91	
271,691	114,28	
271,952	-31,27	
272,213	23,09	
272,473	-117,21	
272,734	149,36	
272,995	-108,44	
273,256	-150,53	
273,516	-87,39	
273,777	-3,22	
274,038	-45,3	
274,298	70,44	
274,559	-10,23	
274,82	-31,27	
275,08	-45,3	
275,341	-189,11	
275,601	-85,64	
275,862	7,31	
276,122	144,1	
276,383	42,38	
276,643	184,43	
276,904	79,21	
277,164	166,9	
277,425	168,65	
277,685	-57,58	
277,946	56,41	
278,206	-73,36	
278,467	100,25	
278,727	212,49	
278,987	16,08	
279,248	142,34	
279,508	38,87	
279,768	66,93	
280,029	-6,72	
280,289	-10,23	
280,549	66,93	
280,81	28,35	
281,07	112,53	
281,33	-36,54	
281,59	203,72	
281,851	-48,81	
282,111	-4,97	
282,371	258,09	
282,631	23,09	
282,891	-82,13	
283,151	40,63	
283,412	-13,74	
283,672	58,17	
283,932	56,41	
284,192	-83,89	
284,452	33,61	
284,712	72,2	
284,972	3,8	
285,232	198,46	
285,492	44,14	
285,752	110,78	
286,012	-31,27	
286,272	-108,44	
286,532	151,11	
286,792	42,38	
287,052	-1,46	
287,312	45,89	
287,571	80,96	
287,831	28,35	
288,091	135,33	
288,351	-127,73	
288,611	-143,51	
288,871	-66,35	
289,13	-92,66	
289,39	38,87	
289,65	114,28	
289,91	522,9	
290,17	42,38	
290,429	-43,55	
290,689	-13,74	
290,949	126,56	
291,208	-31,27	
291,468	-64,6	
291,728	23,09	
291,987	-68,1	
292,247	-43,55	
292,506	273,87	
292,766	96,75	
293,026	-3,22	
293,285	-69,86	
293,545	184,43	
293,804	-40,04	
294,064	237,05	
294,323	63,43	
294,583	-96,16	
294,842	-136,5	
295,102	94,99	
295,361	219,51	
295,621	117,79	
295,88	56,41	
296,139	-13,74	
296,399	21,34	
296,658	-3,22	
296,917	-78,63	
297,177	44,14	
297,436	251,08	
297,695	100,25	
297,955	102,01	
298,214	-43,55	
298,473	84,47	
298,732	96,75	
298,992	59,92	
299,251	14,32	
299,51	51,15	
299,769	30,11	
300,028	-71,61	
300,287	102,01	
300,547	-64,6	
300,806	35,37	
301,065	-164,56	
301,324	26,6	
301,583	91,49	
301,842	75,7	
302,101	51,15	
302,36	119,55	
302,619	121,3	
302,878	159,88	
303,137	68,69	
303,396	-118,96	
303,655	170,4	
303,914	52,9	
304,173	12,57	
304,432	12,57	
304,691	-141,76	
304,95	73,95	
305,208	217,75	
305,467	-33,03	
305,726	-208,4	
305,985	30,11	
306,244	-6,72	
306,503	58,17	
306,761	59,92	
307,02	-66,35	
307,279	123,05	
307,537	145,85	
307,796	-97,92	
308,055	-66,35	
308,314	-76,87	
308,572	133,58	
308,831	-96,16	
309,09	251,08	
309,348	133,58	
309,607	-1,46	
309,865	205,48	
310,124	126,56	
310,382	61,67	
310,641	-8,48	
310,9	-166,31	
311,158	14,32	
311,417	51,15	
311,675	-78,63	
311,933	-92,66	
312,192	165,14	
312,45	-82,13	
312,709	28,35	
312,967	86,22	
313,226	237,05	
313,484	-27,77	
313,742	130,07	
314,001	-4,97	
314,259	80,96	
314,517	156,37	
314,776	-75,12	
315,034	66,93	
315,292	42,38	
315,55	119,55	
315,809	24,84	
316,067	45,89	
316,325	28,35	
316,583	166,9	
316,841	-152,28	
317,1	182,68	
317,358	56,41	
317,616	-68,1	
317,874	-47,06	
318,132	42,38	
318,39	114,28	
318,648	149,36	
318,906	126,56	
319,164	-122,47	
319,422	-33,03	
319,68	-118,96	
319,938	-6,72	
320,196	-33,03	
320,454	24,84	
320,712	-94,41	
320,97	5,55	
321,228	-43,55	
321,486	-143,51	
321,744	-27,77	
322,002	10,81	
322,26	223,02	
322,517	16,08	
322,775	-17,24	
323,033	-103,18	
323,291	-66,35	
323,549	5,55	
323,806	66,93	
324,064	66,93	
324,322	94,99	
324,58	80,96	
324,837	-40,04	
325,095	10,81	
325,353	151,11	
325,61	35,37	
325,868	123,05	
326,126	-118,96	
326,383	140,59	
326,641	-76,87	
326,898	-22,51	
327,156	59,92	
327,413	163,39	
327,671	82,72	
327,928	-64,6	
328,186	19,58	
328,443	-73,36	
328,701	126,56	
328,958	-145,27	
329,216	89,73	
329,473	9,06	
329,731	17,83	
329,988	187,94	
330,245	24,84	
330,503	-33,03	
330,76	45,89	
331,017	-17,24	
331,275	33,61	
331,532	45,89	
331,789	105,52	
332,047	24,84	
332,304	-6,72	
332,561	289,66	
332,818	0,29	
333,076	54,66	
333,333	73,95	
333,59	5,55	
333,847	161,64	
334,104	82,72	
334,361	149,36	
334,618	-20,75	
334,876	47,64	
335,133	-57,58	
335,39	44,14	
335,647	-157,54	
335,904	-47,06	
336,161	-75,12	
336,418	-78,63	
336,675	-129,48	
336,932	21,34	
337,189	193,2	
337,446	63,43	
337,703	12,57	
337,96	77,46	
338,216	-50,57	
338,473	-76,87	
338,73	-19	
338,987	9,06	
339,244	-82,13	
339,501	121,3	
339,757	-127,73	
340,014	-111,95	
340,271	45,89	
340,528	-80,38	
340,785	91,49	
341,041	12,57	
341,298	82,72	
341,555	-41,8	
341,811	-136,5	
342,068	26,6	
342,325	-11,98	
342,581	54,66	
342,838	194,96	
343,094	168,65	
343,351	-33,03	
343,608	-13,74	
343,864	86,22	
344,121	-19	
344,377	-1,46	
344,634	252,83	
344,89	-22,51	
345,147	-31,27	
345,403	-6,72	
345,66	-29,52	
345,916	-47,06	
346,172	-15,49	
346,429	102,01	
346,685	26,6	
346,942	-57,58	
347,198	-38,29	
347,454	-29,52	
347,711	59,92	
347,967	26,6	
348,223	40,63	
348,48	-87,39	
348,736	5,55	
348,992	28,35	
349,248	23,09	
349,504	-1,46	
349,761	52,9	
350,017	9,06	
350,273	-36,54	
350,529	21,34	
350,785	145,85	
351,041	-129,48	
351,297	17,83	
351,554	-19	
351,81	-103,18	
352,066	103,76	
352,322	-48,81	
352,578	501,86	
352,834	-66,35	
353,09	137,08	
353,346	-43,55	
353,602	89,73	
353,858	24,84	
354,114	31,86	
354,369	-3,22	
354,625	37,12	
354,881	-75,12	
355,137	87,98	
355,393	-161,05	
355,649	3,8	
355,905	-164,56	
356,16	14,32	
356,416	42,38	
356,672	-71,61	
356,928	-13,74	
357,183	14,32	
357,439	-75,12	
357,695	-50,57	
357,951	-64,6	
358,206	51,15	
358,462	117,79	
358,718	-48,81	
358,973	40,63	
359,229	-43,55	
359,484	-31,27	
359,74	-57,58	
359,996	-8,48	
360,251	-54,07	
360,507	-11,98	
360,762	38,87	
361,018	40,63	
361,273	30,11	
361,529	-17,24	
361,784	270,37	
362,04	-118,96	
362,295	19,58	
362,55	-94,41	
362,806	10,81	
363,061	28,35	
363,316	-110,19	
363,572	170,4	
363,827	-66,35	
364,082	172,16	
364,338	58,17	
364,593	-69,86	
364,848	137,08	
365,104	-132,99	
365,359	17,83	
365,614	-66,35	
365,869	135,33	
366,124	-13,74	
366,38	138,84	
366,635	154,62	
366,89	87,98	
367,145	-45,3	
367,4	12,57	
367,655	61,67	
367,91	-106,69	
368,165	38,87	
368,42	-41,8	
368,675	100,25	
368,93	2,05	
369,185	170,4	
369,44	-62,84	
369,695	93,24	
369,95	31,86	
370,205	-13,74	
370,46	24,84	
370,715	40,63	
370,97	-55,83	
371,225	172,16	
371,48	159,88	
371,734	-6,72	
371,989	26,6	
372,244	-141,76	
372,499	105,52	
372,754	131,82	
373,008	-264,52	
373,263	-22,51	
373,518	173,91	
373,773	19,58	
374,027	30,11	
374,282	14,32	
374,537	128,31	
374,791	145,85	
375,046	26,6	
375,301	102,01	
375,555	-4,97	
375,81	-59,33	
376,064	79,21	
376,319	110,78	
376,573	-38,29	
376,828	-73,36	
377,082	-164,56	
377,337	130,07	
377,591	-29,52	
377,846	-73,36	
378,1	186,19	
378,355	10,81	
378,609	203,72	
378,863	-68,1	
379,118	38,87	
379,372	21,34	
379,627	63,43	
379,881	37,12	
380,135	175,66	
380,389	-48,81	
380,644	-166,31	
380,898	121,3	
381,152	-140,01	
381,407	19,58	
381,661	23,09	
381,915	63,43	
382,169	52,9	
382,423	79,21	
382,677	-85,64	
382,932	200,22	
383,186	-8,48	
383,44	-73,36	
383,694	-171,57	
383,948	33,61	
384,202	84,47	
384,456	23,09	
384,71	-3,22	
384,964	24,84	
385,218	26,6	
385,472	37,12	
385,726	59,92	
385,98	94,99	
386,234	-66,35	
386,488	-29,52	
386,742	31,86	
386,996	91,49	
387,249	31,86	
387,503	186,19	
387,757	-15,49	
388,011	-52,32	
388,265	72,2	
388,518	31,86	
388,772	42,38	
389,026	82,72	
389,28	17,83	
389,533	-10,23	
389,787	161,64	
390,041	9,06	
390,295	-148,77	
390,548	-13,74	
390,802	-20,75	
391,055	79,21	
391,309	94,99	
391,563	-36,54	
391,816	30,11	
392,07	96,75	
392,323	102,01	
392,577	42,38	
392,83	40,63	
393,084	-45,3	
393,337	-4,97	
393,591	158,13	
393,844	2,05	
394,098	61,67	
394,351	-48,81	
394,604	175,66	
394,858	116,04	
395,111	42,38	
395,364	44,14	
395,618	51,15	
395,871	-78,63	
396,124	151,11	
396,378	173,91	
396,631	77,46	
396,884	386,11	
397,137	163,39	
397,391	109,02	
397,644	131,82	
397,897	412,42	
398,15	244,06	
398,403	158,13	
398,657	102,01	
398,91	54,66	
399,163	-71,61	
399,416	107,27	
399,669	-168,07	
399,922	49,4	
400,175	124,81	
400,428	-43,55	
400,681	-101,42	
400,934	-71,61	
401,187	114,28	
401,44	86,22	
401,693	-4,97	
401,946	0,29	
402,199	163,39	
402,452	147,61	
402,704	0,29	
402,957	-6,72	
403,21	79,21	
403,463	-76,87	
403,716	-141,76	
403,969	26,6	
404,221	-15,49	
404,474	144,1	
404,727	33,61	
404,98	177,42	
405,232	37,12	
405,485	9,06	
405,738	77,46	
405,99	-152,28	
406,243	91,49	
406,496	-66,35	
406,748	91,49	
407,001	93,24	
407,253	-76,87	
407,506	75,7	
407,759	172,16	
408,011	-1,46	
408,264	228,28	
408,516	166,9	
408,769	187,94	
409,021	144,1	
409,274	170,4	
409,526	147,61	
409,778	79,21	
410,031	279,13	
410,283	277,38	
410,536	77,46	
410,788	9,06	
411,04	119,55	
411,293	61,67	
411,545	45,89	
411,797	-85,64	
412,049	126,56	
412,302	216	
412,554	-8,48	
412,806	224,77	
413,058	121,3	
413,311	317,72	
413,563	-4,97	
413,815	145,85	
414,067	159,88	
414,319	333,5	
414,571	31,86	
414,823	133,58	
415,075	163,39	
415,328	163,39	
415,58	133,58	
415,832	49,4	
416,084	370,33	
416,336	351,04	
416,588	112,53	
416,84	184,43	
417,091	219,51	
417,343	198,46	
417,595	184,43	
417,847	145,85	
418,099	354,55	
418,351	207,23	
418,603	28,35	
418,855	189,69	
419,106	187,94	
419,358	407,16	
419,61	189,69	
419,862	310,7	
420,114	300,18	
420,365	415,93	
420,617	310,7	
420,869	436,97	
421,12	151,11	
421,372	335,25	
421,624	449,25	
421,875	417,68	
422,127	431,71	
422,379	477,31	
422,63	377,34	
422,882	419,43	
423,133	333,5	
423,385	386,11	
423,636	380,85	
423,888	352,79	
424,139	394,88	
424,391	407,16	
424,642	265,1	
424,894	438,72	
425,145	494,84	
425,396	358,05	
425,648	317,72	
425,899	419,43	
426,151	508,87	
426,402	491,34	
426,653	345,78	
426,905	414,17	
427,156	587,79	
427,407	529,92	
427,658	693,01	
427,91	607,08	
428,161	517,64	
428,412	461,52	
428,663	589,54	
428,914	472,04	
429,166	512,38	
429,417	829,8	
429,668	622,87	
429,919	763,16	
430,17	764,92	
430,421	710,55	
430,672	666,71	
430,923	514,13	
431,174	710,55	
431,425	636,89	
431,676	687,75	
431,927	875,4	
432,178	863,13	
432,429	673,72	
432,68	892,94	
432,931	977,12	
433,182	1005,18	
433,433	805,25	
433,683	601,82	
433,934	936,78	
434,185	947,3	
434,436	1052,53	
434,687	1040,25	
434,937	1015,7	
435,188	1066,56	
435,439	1194,58	
435,69	1029,73	
435,94	1220,89	
436,191	1075,33	
436,442	1127,94	
436,692	1434,84	
436,943	1334,88	
437,194	1331,37	
437,444	1305,06	
437,695	1475,18	
437,945	1252,45	
438,196	1361,18	
438,447	1443,61	
438,697	1457,64	
438,948	1354,17	
439,198	1473,42	
439,449	1503,24	
439,699	1587,41	
439,949	1882,04	
440,2	1671,59	
440,45	1825,92	
440,701	1827,68	
440,951	1554,09	
441,201	1989,02	
441,452	1848,72	
441,702	1939,91	
441,952	1876,78	
442,203	2020,59	
442,453	2080,21	
442,703	2199,47	
442,953	2062,67	
443,204	2101,26	
443,454	2355,55	
443,704	2423,94	
443,954	2336,26	
444,204	2685,25	
444,455	2557,23	
444,705	2730,84	
444,955	2736,11	
445,205	2601,07	
445,455	2846,59	
445,705	2858,87	
445,955	3055,28	
446,205	2927,26	
446,455	3060,54	
446,705	3193,83	
446,955	3342,89	
447,205	3251,7	
447,455	3314,84	
447,705	3479,69	
447,955	3609,46	
448,205	3812,89	
448,454	3967,22	
448,704	3728,71	
448,954	3940,92	
449,204	4019,83	
449,454	4209,24	
449,704	4086,47	
449,953	4324,98	
450,203	4410,91	
450,453	4610,84	
450,703	4502,11	
450,952	4630,13	
451,202	4798,49	
451,452	4579,27	
451,701	4882,67	
451,951	5094,87	
452,201	5263,23	
452,45	5515,76	
452,7	5115,91	
452,949	5242,18	
453,199	5373,71	
453,448	5356,17	
453,698	5517,52	
453,947	5738,48	
454,197	5791,1	
454,446	5848,97	
454,696	5647,29	
454,945	5878,78	
455,195	5919,12	
455,444	6159,38	
455,693	6266,36	
455,943	6062,92	
456,192	6010,31	
456,442	5922,63	
456,691	6185,69	
456,94	6050,65	
457,189	6373,33	
457,439	6361,06	
457,688	6243,56	
457,937	6024,34	
458,186	6078,71	
458,436	6226,02	
458,685	6136,58	
458,934	6175,16	
459,183	6069,94	
459,432	6373,33	
459,681	5749,01	
459,93	6234,79	
460,179	6233,04	
460,429	6173,41	
460,678	6008,56	
460,927	5910,35	
461,176	6024,34	
461,425	6068,19	
461,674	6133,07	
461,923	5629,75	
462,172	5878,78	
462,42	6045,39	
462,669	5656,06	
462,918	5692,89	
463,167	6075,2	
463,416	5933,15	
463,665	5785,84	
463,914	5906,84	
464,162	5531,55	
464,411	6076,95	
464,66	5831,43	
464,909	5589,42	
465,158	5557,85	
465,406	5801,62	
465,655	5664,83	
465,904	5724,46	
466,152	5470,16	
466,401	5636,77	
466,65	5487,7	
466,898	5457,89	
467,147	5564,87	
467,395	5898,07	
467,644	5496,47	
467,893	5591,17	
468,141	5389,49	
468,39	5401,77	
468,638	5242,18	
468,887	5457,89	
469,135	5357,93	
469,384	5594,68	
469,632	5547,33	
469,88	5380,72	
470,129	5456,13	
470,377	5477,18	
470,626	5264,98	
470,874	5210,61	
471,122	5385,99	
471,371	5477,18	
471,619	5186,06	
471,867	5356,17	
472,115	5126,43	
472,364	5270,24	
472,612	5165,02	
472,86	5233,41	
473,108	5373,71	
473,356	5084,34	
473,605	5254,46	
473,853	5296,55	
474,101	5007,18	
474,349	5182,55	
474,597	5207,11	
474,845	5277,25	
475,093	5059,79	
475,341	5143,97	
475,589	5196,58	
475,837	5089,61	
476,085	5191,32	
476,333	5307,07	
476,581	4977,37	
476,829	5210,61	
477,077	5219,38	
477,325	5070,32	
477,573	5159,76	
477,821	5047,52	
478,069	4996,66	
478,317	5242,18	
478,564	4993,15	
478,812	5072,07	
479,06	4935,28	
479,308	5201,84	
479,555	5131,7	
479,803	5186,06	
480,051	4937,03	
480,299	5240,43	
480,546	5051,02	
480,794	5222,89	
481,042	5107,14	
481,289	5319,34	
481,537	5182,55	
481,784	5175,54	
482,032	5433,34	
482,28	5550,84	
482,527	5226,4	
482,775	5189,57	
483,022	5259,72	
483,27	5528,04	
483,517	5549,08	
483,765	5494,72	
484,012	5364,94	
484,259	5554,34	
484,507	5508,75	
484,754	5624,49	
485,002	5766,54	
485,249	5656,06	
485,496	5575,39	
485,744	5941,92	
485,991	5736,73	
486,238	5610,46	
486,486	5784,08	
486,733	5820,91	
486,98	5989,27	
487,227	6280,39	
487,474	6090,98	
487,722	5927,89	
487,969	6133,07	
488,216	6290,91	
488,463	6454,01	
488,71	6268,11	
488,957	6168,15	
489,204	6446,99	
489,451	6350,54	
489,699	6511,88	
489,946	6485,57	
490,193	6478,56	
490,44	6532,92	
490,687	6548,71	
490,934	6541,69	
491,18	6646,92	
491,427	7022,21	
491,674	6541,69	
491,921	6881,91	
492,168	6667,96	
492,415	6787,21	
492,662	6799,49	
492,909	6881,91	
493,155	6876,65	
493,402	7313,33	
493,649	7015,2	
493,896	7088,85	
494,142	7143,22	
494,389	7386,99	
494,636	7187,06	
494,883	7318,59	
495,129	7369,45	
495,376	7653,55	
495,623	7381,73	
495,869	7502,73	
496,116	7720,2	
496,362	7734,23	
496,609	7662,32	
496,855	7849,97	
497,102	7467,66	
497,348	7674,6	
497,595	7856,99	
497,841	7874,52	
498,088	8177,92	
498,334	8081,46	
498,581	7900,83	
498,827	8027,1	
499,074	8323,48	
499,32	8195,46	
499,566	8321,72	
499,813	8295,42	
500,059	8365,57	
500,305	8526,91	
500,552	8804	
500,798	8172,66	
501,044	8386,61	
501,29	8442,73	
501,537	8796,98	
501,783	8525,16	
502,029	8847,84	
502,275	8607,58	
502,521	8821,54	
502,767	8998,66	
503,013	8807,51	
503,26	9067,06	
503,506	8875,9	
503,752	8758,4	
503,998	9016,2	
504,244	9028,48	
504,49	8986,39	
504,736	9130,19	
504,982	8968,85	
505,228	8954,82	
505,474	9058,29	
505,72	9352,91	
505,966	9035,49	
506,211	9056,54	
506,457	9326,61	
506,703	9470,41	
506,949	9109,15	
507,195	9219,63	
507,441	9275,75	
507,686	9516,01	
507,932	9430,08	
508,178	9330,12	
508,424	9624,74	
508,669	9396,76	
508,915	9463,4	
509,161	9487,95	
509,406	9402,02	
509,652	9342,39	
509,898	9498,47	
510,143	9493,21	
510,389	9582,65	
510,634	9512,5	
510,88	9689,63	
511,125	9149,48	
511,371	9680,86	
511,616	9545,82	
511,862	9556,35	
512,107	9487,95	
512,353	9638,77	
512,598	9451,12	
512,844	9742,24	
513,089	9796,61	
513,335	9558,1	
513,58	9714,18	
513,825	9652,8	
514,071	9640,53	
514,316	9719,44	
514,561	9968,47	
514,806	9850,97	
515,052	9752,76	
515,297	9694,89	
515,542	9642,28	
515,787	9717,69	
516,033	9894,82	
516,278	9859,74	
516,523	9658,06	
516,768	9551,09	
517,013	9779,07	
517,258	9593,18	
517,503	9793,1	
517,748	9359,93	
517,993	9635,26	
518,238	9672,09	
518,483	9631,76	
518,728	9752,76	
518,973	9642,28	
519,218	9842,2	
519,463	9668,59	
519,708	9777,32	
519,953	9516,01	
520,198	9165,27	
520,443	9661,57	
520,688	9537,06	
520,933	9577,39	
521,177	9501,98	
521,422	9491,46	
521,667	9354,67	
521,912	9414,3	
522,157	9431,83	
522,401	9505,49	
522,646	9314,33	
522,891	9393,25	
523,135	9384,48	
523,38	9305,56	
523,625	9380,97	
523,869	9293,29	
524,114	9465,15	
524,358	9566,87	
524,603	9088,1	
524,848	9347,65	
525,092	9230,15	
525,337	9498,47	
525,581	9044,26	
525,826	8909,22	
526,07	9516,01	
526,315	9170,53	
526,559	9324,86	
526,803	9365,19	
527,048	9226,65	
527,292	9182,8	
527,537	9323,1	
527,781	8768,92	
528,025	9044,26	
528,269	9189,82	
528,514	8882,92	
528,758	8893,44	
529,002	8654,93	
529,247	8884,67	
529,491	8946,05	
529,735	8902,21	
529,979	8830,3	
530,223	8728,59	
530,467	8597,06	
530,712	8944,3	
530,956	8525,16	
531,2	8826,8	
531,444	8593,55	
531,688	8632,13	
531,932	8682,99	
532,176	8642,66	
532,42	8554,97	
532,664	8486,57	
532,908	8688,25	
533,152	8430,45	
533,396	8619,86	
533,64	8681,24	
533,884	8423,44	
534,128	8270,87	
534,371	8377,84	
534,615	8307,69	
534,859	8488,33	
535,103	8398,89	
535,347	8290,16	
535,59	8169,15	
535,834	8355,04	
536,078	8377,84	
536,322	8316,46	
536,565	7992,02	
536,809	8267,36	
537,053	8125,31	
537,296	7878,03	
537,54	7923,63	
537,784	7860,49	
538,027	7979,75	
538,271	8411,16	
538,514	7750,01	
538,758	7909,6	
539,001	7951,69	
539,245	7783,33	
539,488	7753,52	
539,732	7977,99	
539,975	7695,64	
540,219	7972,73	
540,462	7839,45	
540,706	7807,88	
540,949	7604,45	
541,192	7785,08	
541,436	7625,49	
541,679	7439,6	
541,922	7357,17	
542,166	7620,23	
542,409	7465,91	
542,652	7174,79	
542,895	7509,75	
543,139	7451,88	
543,382	7569,38	
543,625	7358,93	
543,868	7602,7	
544,111	7362,44	
544,354	7302,81	
544,598	7223,89	
544,841	7206,35	
545,084	7711,43	
545,327	7625,49	
545,57	7129,19	
545,813	7206,35	
546,056	7236,17	
546,299	7071,32	
546,542	7097,62	
546,785	7046,76	
547,028	7330,87	
547,271	7109,9	
547,514	7139,71	
547,756	6890,68	
547,999	6920,5	
548,242	6848,59	
548,485	6990,65	
548,728	6981,88	
548,971	6839,83	
549,213	6931,02	
549,456	6713,56	
549,699	6674,97	
549,942	6717,06	
550,184	6582,03	
550,427	6845,09	
550,67	6806,5	
550,912	6660,94	
551,155	6660,94	
551,398	6622,36	
551,64	6585,53	
551,883	6566,24	
552,125	6499,6	
552,368	6653,93	
552,61	6417,18	
552,853	6704,79	
553,095	6276,88	
553,338	6415,42	
553,58	6390,87	
553,823	6224,27	
554,065	6441,73	
554,308	6382,1	
554,55	6187,44	
554,792	6445,24	
555,035	6180,42	
555,277	6131,32	
555,519	6178,67	
555,762	6045,39	
556,004	6098	
556,246	5852,48	
556,488	6143,6	
556,731	6024,34	
556,973	5975,24	
557,215	6026,1	
557,457	5906,84	
557,699	6150,61	
557,941	6112,03	
558,183	5863	
558,426	5848,97	
558,668	5863	
558,91	5740,24	
559,152	5850,72	
559,394	5908,6	
559,636	5649,04	
559,878	5596,43	
560,12	5885,8	
560,362	5859,49	
560,604	5615,72	
560,845	5503,49	
561,087	5670,09	
561,329	5722,7	
561,571	5443,86	
561,813	5713,93	
562,055	5696,4	
562,297	5457,89	
562,538	5515,76	
562,78	5592,93	
563,022	5608,71	
563,264	5659,57	
563,505	5719,19	
563,747	5447,37	
563,989	5703,41	
564,23	5471,92	
564,472	5529,79	
564,714	5535,05	
564,955	5468,41	
565,197	5452,63	
565,438	5442,11	
565,68	5391,25	
565,921	5505,24	
566,163	5570,13	
566,404	5643,78	
566,646	5498,22	
566,887	5570,13	
567,129	5424,57	
567,37	5445,61	
567,612	5363,19	
567,853	5466,66	
568,094	5498,22	
568,336	5843,71	
568,577	5591,17	
568,818	5510,5	
569,06	5412,29	
569,301	5747,25	
569,542	5533,3	
569,783	5613,97	
570,025	5426,32	
570,266	5759,53	
570,507	5798,11	
570,748	5754,27	
570,989	5552,59	
571,23	5689,38	
571,472	5501,73	
571,713	5720,95	
571,954	5566,62	
572,195	5720,95	
572,436	5389,49	
572,677	5205,35	
572,918	5310,58	
573,159	5321,1	
573,4	5450,87	
573,641	5401,77	
573,882	5638,52	
574,123	5449,12	
574,364	5401,77	
574,604	5449,12	
574,845	5231,66	
575,086	5263,23	
575,327	5235,17	
575,568	5326,36	
575,809	5228,15	
576,049	5466,66	
576,29	5233,41	
576,531	5443,86	
576,771	5363,19	
577,012	5300,05	
577,253	5128,19	
577,494	5221,14	
577,734	5200,09	
577,975	5008,93	
578,215	5268,49	
578,456	5038,75	
578,697	5208,86	
578,937	5026,47	
579,178	5224,64	
579,418	5179,05	
579,659	5117,67	
579,899	4921,25	
580,14	5264,98	
580,38	5154,49	
580,62	5156,25	
580,861	5086,1	
581,101	5033,49	
581,342	5229,9	
581,582	5000,17	
581,822	5007,18	
582,063	4961,58	
582,303	4812,52	
582,543	4998,41	
582,783	4842,33	
583,024	5003,67	
583,264	4738,86	
583,504	4923	
583,744	4963,34	
583,984	4966,85	
584,224	5036,99	
584,465	5135,2	
584,705	4940,54	
584,945	4914,23	
585,185	4593,3	
585,425	4800,24	
585,665	4824,79	
585,905	4903,71	
586,145	4840,58	
586,385	5119,42	
586,625	4966,85	
586,865	5017,7	
587,105	4719,57	
587,345	5031,73	
587,585	5045,76	
587,824	4930,02	
588,064	4844,08	
588,304	4866,88	
588,544	4963,34	
588,784	4826,55	
589,024	4744,12	
589,263	4763,41	
589,503	4786,21	
589,743	5015,95	
589,982	4754,64	
590,222	4798,49	
590,462	4652,93	
590,701	4703,79	
590,941	4887,93	
591,181	4842,33	
591,42	4803,75	
591,66	4900,2	
591,899	4773,94	
592,139	4944,05	
592,378	4809,01	
592,618	4803,75	
592,857	4682,74	
593,097	4731,85	
593,336	4961,58	
593,576	4812,52	
593,815	4789,72	
594,055	4833,56	
594,294	4805,5	
594,533	4889,68	
594,773	4803,75	
595,012	4698,53	
595,251	5136,96	
595,491	5133,45	
595,73	4937,03	
595,969	4894,94	
596,208	4702,03	
596,447	5061,55	
596,687	4986,14	
596,926	5007,18	
597,165	4968,6	
597,404	4802	
597,643	4914,23	
597,882	4873,9	
598,121	4768,67	
598,36	4949,31	
598,599	5086,1	
598,838	5008,93	
599,077	5126,43	
599,316	5196,58	
599,555	5096,62	
599,794	4954,57	
600,033	5221,14	
600,272	5038,75	
600,511	5028,23	
600,75	5019,46	
600,989	5138,71	
601,228	4931,77	
601,466	4959,83	
601,705	5028,23	
601,944	5089,61	
602,183	4861,62	
602,422	4898,45	
602,66	4859,87	
602,899	4923	
603,138	4686,25	
603,376	4958,08	
603,615	5012,44	
603,854	5003,67	
604,092	4624,87	
604,331	4923	
604,569	4870,39	
604,808	4707,29	
605,047	4798,49	
605,285	4770,43	
605,524	4610,84	
605,762	4798,49	
606	4680,99	
606,239	4540,69	
606,477	4814,27	
606,716	4791,47	
606,954	4544,2	
607,193	4552,97	
607,431	4619,61	
607,669	4468,79	
607,908	4684,5	
608,146	4519,65	
608,384	4460,02	
608,622	4535,43	
608,861	4431,96	
609,099	4354,79	
609,337	4258,34	
609,575	4579,27	
609,813	4521,4	
610,052	4235,54	
610,29	4253,08	
610,528	4221,51	
610,766	4144,35	
611,004	4072,44	
611,242	4137,33	
611,48	4044,39	
611,718	4235,54	
611,956	4053,15	
612,194	4146,1	
612,432	4039,12	
612,67	3935,65	
612,908	3874,27	
613,146	3972,48	
613,384	4070,69	
613,621	3986,51	
613,859	3716,44	
614,097	4033,86	
614,335	3995,28	
614,573	3935,65	
614,811	3826,92	
615,048	4046,14	
615,286	3832,18	
615,524	3851,48	
615,761	3842,71	
615,999	3904,09	
616,237	3670,84	
616,474	3819,91	
616,712	3800,62	
616,95	3870,77	
617,187	3658,57	
617,425	3739,24	
617,662	3609,46	
617,9	3797,11	
618,137	3744,5	
618,375	3844,46	
618,612	3604,2	
618,85	3665,58	
619,087	3627	
619,325	3562,11	
619,562	3712,93	
619,799	3586,66	
620,037	3711,18	
620,274	3695,39	
620,511	3576,14	
620,749	3605,95	
620,986	3637,52	
621,223	3467,41	
621,461	3428,83	
621,698	3288,53	
621,935	3379,72	
622,172	3500,73	
622,409	3546,33	
622,647	3621,74	
622,884	3435,84	
623,121	3383,23	
623,358	3418,3	
623,595	3472,67	
623,832	3423,57	
624,069	3365,69	
624,306	3356,92	
624,543	3286,78	
624,78	3179,8	
625,017	3281,51	
625,254	3418,3	
625,491	3220,13	
625,728	3135,96	
625,965	3377,97	
626,202	3225,4	
626,438	3086,85	
626,675	3158,75	
626,912	3057,04	
627,149	3100,88	
627,386	3285,02	
627,622	3043,01	
627,859	3311,33	
628,096	3362,19	
628,333	3179,8	
628,569	3111,4	
628,806	3249,95	
629,043	3085,1	
629,279	3009,69	
629,516	2967,6	
629,752	3142,97	
629,989	2981,63	
630,225	2958,83	
630,462	3116,66	
630,699	2937,78	
630,935	2969,35	
631,171	2948,31	
631,408	2941,29	
631,644	2936,03	
631,881	2786,96	
632,117	2950,06	
632,354	2999,16	
632,59	2907,97	
632,826	2971,1	
633,063	2929,02	
633,299	2746,63	
633,535	2820,28	
633,771	2651,93	
634,008	2732,6	
634,244	2799,24	
634,48	2736,11	
634,716	2699,28	
634,953	2737,86	
635,189	2662,45	
635,425	2758,9	
635,661	2720,32	
635,897	2765,92	
636,133	2771,18	
636,369	2683,49	
636,605	2701,03	
636,841	2646,67	
637,077	2564,24	
637,313	2562,49	
637,549	2683,49	
637,785	2618,61	
638,021	2571,26	
638,257	2613,34	
638,493	2480,06	
638,729	2560,73	
638,965	2679,99	
639,2	2690,51	
639,436	2360,81	
639,672	2508,12	
639,908	2446,74	
640,144	2229,28	
640,379	2434,46	
640,615	2546,7	
640,851	2399,39	
641,086	2176,67	
641,322	2418,68	
641,558	2292,41	
641,793	2299,43	
642,029	2467,79	
642,264	2157,38	
642,5	2439,73	
642,736	2492,34	
642,971	2232,79	
643,207	2394,13	
643,442	2255,58	
643,678	2660,7	
643,913	2504,61	
644,148	2083,72	
644,384	2311,7	
644,619	2476,55	
644,855	2273,12	
645,09	2292,41	
645,325	2250,32	
645,561	2083,72	
645,796	2134,58	
646,031	2190,7	
646,266	2081,97	
646,502	2323,98	
646,737	2001,29	
646,972	2076,7	
647,207	2199,47	
647,442	2025,85	
647,678	2115,29	
647,913	2294,17	
648,148	2001,29	
648,383	2125,81	
648,618	2001,29	
648,853	1974,99	
649,088	2096	
649,323	2076,7	
649,558	2155,62	
649,793	1911,85	
650,028	2087,23	
650,263	2103,01	
650,498	1945,17	
650,733	1960,96	
650,968	2062,67	
651,202	1859,24	
651,437	2155,62	
651,672	2024,09	
651,907	1918,87	
652,142	1896,07	
652,376	2057,41	
652,611	2069,69	
652,846	1950,44	
653,081	1803,12	
653,315	1922,38	
653,55	1754,02	
653,785	1717,19	
654,019	1804,88	
654,254	1804,88	
654,488	1626	
654,723	1987,26	
654,958	1661,07	
655,192	1817,15	
655,427	1754,02	
655,661	1811,89	
655,896	1820,66	
656,13	1769,8	
656,364	1745,25	
656,599	1713,68	
656,833	1704,91	
657,068	1768,05	
657,302	1659,32	
657,536	1818,91	
657,771	1536,56	
658,005	1696,15	
658,239	1520,77	
658,474	1512	
658,708	1610,21	
658,942	1552,34	
659,176	1717,19	
659,41	1836,44	
659,645	1876,78	
659,879	1589,17	
660,113	1515,51	
660,347	2148,61	
660,581	1773,31	
660,815	1550,59	
661,049	1368,2	
661,283	1682,12	
661,517	1431,33	
661,751	1524,28	
661,985	1401,52	
662,219	1475,18	
662,453	1468,16	
662,687	1289,28	
662,921	1308,57	
663,155	1436,59	
663,389	1459,39	
663,622	1417,3	
663,856	1429,58	
664,09	1284,02	
664,324	1394,5	
664,558	1380,47	
664,791	1383,98	
665,025	1163,01	
665,259	1271,74	
665,492	1208,61	
665,726	1296,3	
665,96	1203,35	
666,193	1443,61	
666,427	1259,47	
666,661	1392,75	
666,894	1120,92	
667,128	1238,42	
667,361	1394,5	
667,595	1322,6	
667,828	1392,75	
668,062	1250,7	
668,295	1052,53	
668,529	1201,59	
668,762	1150,74	
668,995	1196,33	
669,229	1322,6	
669,462	1299,8	
669,695	1105,14	
669,929	1120,92	
670,162	1034,99	
670,395	1122,68	
670,629	1287,53	
670,862	1238,42	
671,095	1019,21	
671,328	1038,5	
671,561	1240,18	
671,795	1119,17	
672,028	1154,24	
672,261	1013,95	
672,494	1001,67	
672,727	1233,16	
672,96	1126,18	
673,193	982,38	
673,426	1017,45	
673,659	1012,19	
673,892	1036,74	
674,125	1066,56	
674,358	1166,52	
674,591	917,49	
674,824	1070,07	
675,057	966,6	
675,29	1061,3	
675,523	933,27	
675,755	980,63	
675,988	1042,01	
676,221	861,37	
676,454	1052,53	
676,687	931,52	
676,919	1159,51	
677,152	975,36	
677,385	910,48	
677,617	896,45	
677,85	938,54	
678,083	859,62	
678,315	794,73	
678,548	822,79	
678,78	850,85	
679,013	963,09	
679,246	880,66	
679,478	957,83	
679,711	992,9	
679,943	877,16	
680,175	1003,42	
680,408	778,95	
680,64	771,93	
680,873	866,63	
681,105	899,95	
681,338	808,76	
681,57	906,97	
681,802	889,43	
682,034	736,86	
682,267	712,31	
682,499	754,39	
682,731	842,08	
682,964	977,12	
683,196	777,19	
683,428	814,02	
683,66	666,71	
683,892	977,12	
684,124	579,02	
684,356	773,69	
684,589	745,63	
684,821	935,03	
685,053	617,6	
685,285	729,84	
685,517	582,53	
685,749	866,63	
685,981	743,87	
686,213	615,85	
686,445	615,85	
686,676	584,28	
686,908	638,65	
687,14	622,87	
687,372	998,16	
687,604	700,03	
687,836	817,53	
688,068	703,54	
688,299	629,88	
688,531	635,14	
688,763	594,81	
688,995	673,72	
689,226	680,74	
689,458	629,88	
689,69	663,2	
689,921	619,36	
690,153	510,63	
690,384	650,92	
690,616	594,81	
690,848	568,5	
691,079	543,95	
691,311	605,33	
691,542	615,85	
691,774	412,42	
692,005	591,3	
692,237	838,57	
692,468	459,77	
692,699	717,57	
692,931	496,6	
693,162	480,81	
693,393	389,62	
693,625	480,81	
693,856	540,44	
694,087	514,13	
694,319	575,51	
694,55	494,84	
694,781	393,13	
695,012	468,54	
695,243	375,59	
695,475	622,87	
695,706	715,81	
695,937	373,84	
696,168	580,78	
696,399	400,14	
696,63	345,78	
696,861	419,43	
697,092	375,59	
697,323	510,63	
697,554	440,48	
697,785	396,63	
698,016	503,61	
698,247	368,57	
698,478	380,85	
698,709	335,25	
698,94	315,96	
699,171	380,85	
699,401	547,45	
699,632	344,02	
699,863	335,25	
700,094	261,6	
700,325	424,69	
700,555	556,22	
700,786	570,25	
701,017	387,87	
701,247	298,43	
701,478	424,69	
701,709	277,38	
701,939	347,53	
702,17	456,26	
702,401	351,04	
702,631	445,74	
702,862	249,32	
703,092	403,65	
703,323	208,99	
703,553	324,73	
703,784	459,77	
704,014	421,19	
704,244	361,56	
704,475	338,76	
704,705	284,4	
704,936	372,08	
705,166	370,33	
705,396	189,69	
705,627	449,25	
705,857	494,84	
706,087	156,37	
706,317	268,61	
706,548	198,46	
706,778	458,01	
707,008	326,49	
707,238	189,69	
707,468	231,78	
707,698	144,1	
707,928	329,99	
708,158	301,93	
708,389	300,18	
708,619	261,6	
708,849	347,53	
709,079	282,64	
709,309	317,72	
709,539	317,72	
709,768	287,9	
709,998	56,41	
710,228	280,89	
710,458	217,75	
710,688	263,35	
710,918	208,99	
711,148	223,02	
711,378	300,18	
711,607	198,46	
711,837	214,25	
712,067	240,55	
712,297	286,15	
712,526	131,82	
712,756	242,31	
712,986	94,99	
713,215	214,25	
713,445	412,42	
713,674	258,09	
713,904	168,65	
714,134	70,44	
714,363	207,23	
714,593	219,51	
714,822	166,9	
715,052	159,88	
715,281	335,25	
715,511	284,4	
715,74	196,71	
715,969	296,67	
716,199	394,88	
716,428	145,85	
716,657	147,61	
716,887	286,15	
717,116	182,68	
717,345	189,69	
717,575	230,03	
717,804	170,4	
718,033	173,91	
718,262	138,84	
718,492	124,81	
718,721	356,3	
718,95	7,31	
719,179	149,36	
719,408	82,72	
719,637	103,76	
719,866	205,48	
720,095	145,85	
720,324	407,16	
720,553	138,84	
720,782	226,52	
721,011	182,68	
721,24	142,34	
721,469	86,22	
721,698	40,63	
721,927	273,87	
722,156	268,61	
722,385	144,1	
722,613	52,9	
722,842	279,13	
723,071	9,06	
723,3	144,1	
723,529	161,64	
723,757	87,98	
723,986	-33,03	
724,215	63,43	
724,443	94,99	
724,672	65,18	
724,901	73,95	
725,129	87,98	
725,358	30,11	
725,586	126,56	
725,815	189,69	
726,043	284,4	
726,272	224,77	
726,5	242,31	
726,729	177,42	
726,957	131,82	
727,186	130,07	
727,414	47,64	
727,642	-20,75	
727,871	308,95	
728,099	296,67	
728,327	200,22	
728,556	177,42	
728,784	219,51	
729,012	-54,07	
729,241	235,29	
729,469	59,92	
729,697	-24,26	
729,925	91,49	
730,153	102,01	
730,381	-122,47	
730,61	7,31	
730,838	126,56	
731,066	58,17	
731,294	186,19	
731,522	105,52	
731,75	163,39	
731,978	240,55	
732,206	102,01	
732,434	49,4	
732,662	268,61	
732,89	70,44	
733,118	-20,75	
733,346	224,77	
733,573	131,82	
733,801	137,08	
734,029	107,27	
734,257	-75,12	
734,485	44,14	
734,712	79,21	
734,94	28,35	
735,168	-31,27	
735,396	66,93	
735,623	38,87	
735,851	91,49	
736,078	135,33	
736,306	49,4	
736,534	24,84	
736,761	-24,26	
736,989	156,37	
737,216	133,58	
737,444	384,36	
737,671	130,07	
737,899	428,2	
738,126	242,31	
738,354	-22,51	
738,581	268,61	
738,809	147,61	
739,036	89,73	
739,263	217,75	
739,491	86,22	
739,718	291,41	
739,945	61,67	
740,173	142,34	
740,4	2,05	
740,627	105,52	
740,854	84,47	
741,081	114,28	
741,309	273,87	
741,536	49,4	
741,763	58,17	
741,99	110,78	
742,217	42,38	
742,444	-120,71	
742,671	44,14	
742,898	10,81	
743,125	54,66	
743,352	377,34	
743,579	216	
743,806	-27,77	
744,033	102,01	
744,26	33,61	
744,487	152,87	
744,714	-15,49	
744,941	16,08	
745,167	80,96	
745,394	58,17	
745,621	282,64	
745,848	33,61	
746,075	123,05	
746,301	52,9	
746,528	-17,24	
746,755	-52,32	
746,981	86,22	
747,208	87,98	
747,435	231,78	
747,661	168,65	
747,888	-13,74	
748,114	158,13	
748,341	112,53	
748,567	279,13	
748,794	-47,06	
749,02	47,64	
749,247	73,95	
749,473	163,39	
749,7	307,19	
749,926	273,87	
750,152	-85,64	
750,379	273,87	
750,605	193,2	
750,831	159,88	
751,058	170,4	
751,284	212,49	
751,51	-1,46	
751,737	221,26	
751,963	114,28	
752,189	-31,27	
752,415	28,35	
752,641	75,7	
752,867	126,56	
753,094	112,53	
753,32	38,87	
753,546	212,49	
753,772	58,17	
753,998	156,37	
754,224	-1,46	
754,45	116,04	
754,676	116,04	
754,902	203,72	
755,128	273,87	
755,354	37,12	
755,579	217,75	
755,805	-31,27	
756,031	145,85	
756,257	9,06	
756,483	80,96	
756,709	107,27	
756,934	151,11	
757,16	110,78	
757,386	140,59	
757,612	210,74	
757,837	105,52	
758,063	123,05	
758,289	103,76	
758,514	103,76	
758,74	166,9	
758,965	184,43	
759,191	98,5	
759,416	-82,13	
759,642	86,22	
759,868	-33,03	
760,093	14,32	
760,318	156,37	
760,544	17,83	
760,769	14,32	
760,995	-140,01	
761,22	-106,69	
761,445	305,44	
761,671	224,77	
761,896	2,05	
762,121	26,6	
762,347	-71,61	
762,572	294,92	
762,797	86,22	
763,022	119,55	
763,248	79,21	
763,473	198,46	
763,698	61,67	
763,923	203,72	
764,148	93,24	
764,373	238,8	
764,598	144,1	
764,823	201,97	
765,048	258,09	
765,273	256,34	
765,498	44,14	
765,723	158,13	
765,948	26,6	
766,173	124,81	
766,398	-34,78	
766,623	312,46	
766,848	98,5	
767,073	-29,52	
767,298	121,3	
767,522	-106,69	
767,747	-20,75	
767,972	65,18	
768,197	103,76	
768,421	31,86	
768,646	9,06	
768,871	-29,52	
769,095	-3,22	
769,32	93,24	
769,545	154,62	
769,769	42,38	
769,994	-4,97	
770,218	10,81	
770,443	-20,75	
770,667	33,61	
770,892	145,85	
771,116	147,61	
771,341	70,44	
771,565	152,87	
771,79	37,12	
772,014	-61,09	
772,238	23,09	
772,463	37,12	
772,687	135,33	
772,911	-45,3	
773,136	186,19	
773,36	0,29	
773,584	59,92	
773,808	73,95	
774,033	-3,22	
774,257	87,98	
774,481	-89,15	
774,705	168,65	
774,929	59,92	
775,153	70,44	
775,377	-3,22	
775,602	-104,93	
775,826	131,82	
776,05	17,83	
776,274	-82,13	
776,498	-45,3	
776,722	110,78	
776,945	117,79	
777,169	-104,93	
777,393	24,84	
777,617	52,9	
777,841	-19	
778,065	9,06	
778,289	117,79	
778,512	242,31	
778,736	123,05	
778,96	21,34	
779,184	116,04	
779,407	107,27	
779,631	161,64	
779,855	-31,27	
780,078	110,78	
780,302	35,37	
780,526	147,61	
780,749	-54,07	
780,973	-3,22	
781,196	61,67	
781,42	89,73	
781,643	-50,57	
781,867	-55,83	
782,09	56,41	
782,314	-85,64	
782,537	124,81	
782,76	-29,52	
782,984	16,08	
783,207	-99,67	
783,431	58,17	
783,654	-19	
783,877	-82,13	
784,1	-38,29	
784,324	135,33	
784,547	52,9	
784,77	-87,39	
784,993	21,34	
785,216	172,16	
785,44	-69,86	
785,663	105,52	
785,886	-62,84	
786,109	23,09	
786,332	231,78	
786,555	5,55	
786,778	9,06	
787,001	-40,04	
787,224	-52,32	
787,447	-61,09	
787,67	-131,24	
787,893	-76,87	
788,116	-87,39	
788,339	-154,04	
788,561	-80,38	
788,784	56,41	
789,007	-26,01	
789,23	158,13	
789,453	44,14	
789,675	-3,22	
789,898	75,7	
790,121	94,99	
790,344	119,55	
790,566	59,92	
790,789	49,4	
791,012	-22,51	
791,234	73,95	
791,457	72,2	
791,679	31,86	
791,902	-43,55	
792,124	-162,8	
792,347	-150,53	
792,569	-108,44	
792,792	14,32	
793,014	-82,13	
793,237	12,57	
793,459	-104,93	
793,681	-34,78	
793,904	12,57	
794,126	-24,26	
794,348	-22,51	
794,571	107,27	
794,793	152,87	
795,015	-61,09	
795,237	-62,84	
795,46	-57,58	
795,682	-48,81	
795,904	-54,07	
796,126	-87,39	
796,348	244,06	
796,57	103,76	
796,792	89,73	
797,014	-13,74	
797,237	-59,33	
797,459	-99,67	
797,681	-11,98	
797,903	149,36	
798,124	-57,58	
798,346	130,07	
798,568	-8,48	
798,79	45,89	
799,012	0,29	
799,234	93,24	
799,456	-111,95	
799,678	-99,67	
799,899	154,62	
800,121	138,84	
800,343	179,17	
800,565	173,91	
800,786	152,87	
801,008	-1,46	
801,23	-54,07	
801,451	112,53	
801,673	973,61	
801,895	16,08	
802,116	272,12	
802,338	-31,27	
802,559	-1,46	
802,781	-19	
803,002	-10,23	
803,224	51,15	
803,445	-48,81	
803,667	103,76	
803,888	35,37	
804,109	56,41	
804,331	70,44	
804,552	16,08	
804,773	117,79	
804,995	-117,21	
805,216	82,72	
805,437	37,12	
805,658	45,89	
805,88	33,61	
806,101	-104,93	
806,322	72,2	
806,543	116,04	
806,764	17,83	
806,985	93,24	
807,207	5,55	
807,428	98,5	
807,649	21,34	
807,87	-10,23	
808,091	119,55	
808,312	-155,79	
808,533	12,57	
808,754	-155,79	
808,975	-38,29	
809,195	-110,19	
809,416	-22,51	
809,637	-4,97	
809,858	-36,54	
810,079	-168,07	
810,3	91,49	
810,52	107,27	
810,741	31,86	
810,962	-204,89	
811,183	2,05	
811,403	26,6	
811,624	35,37	
811,845	298,43	
812,065	230,03	
812,286	-97,92	
812,506	244,06	
812,727	-1,46	
812,948	-115,45	
813,168	-131,24	
813,389	-71,61	
813,609	128,31	
813,83	138,84	
814,05	-111,95	
814,27	-24,26	
814,491	93,24	
814,711	28,35	
814,931	51,15	
815,152	40,63	
815,372	35,37	
815,592	21,34	
815,813	-82,13	
816,033	-66,35	
816,253	12,57	
816,473	163,39	
816,694	-40,04	
816,914	17,83	
817,134	-80,38	
817,354	-36,54	
817,574	73,95	
817,794	35,37	
818,014	-20,75	
818,234	-122,47	
818,454	79,21	
818,674	112,53	
818,894	93,24	
819,114	-117,21	
819,334	49,4	
819,554	24,84	
819,774	-26,01	
819,994	14,32	
820,214	3,8	
820,433	89,73	
820,653	63,43	
820,873	-76,87	
821,093	23,09	
821,312	17,83	
821,532	-61,09	
821,752	-99,67	
821,972	-82,13	
822,191	-154,04	
822,411	116,04	
822,63	77,46	
822,85	79,21	
823,07	193,2	
823,289	-71,61	
823,509	-80,38	
823,728	58,17	
823,948	-101,42	
824,167	137,08	
824,387	65,18	
824,606	-73,36	
824,825	31,86	
825,045	116,04	
825,264	-41,8	
825,483	151,11	
825,703	-41,8	
825,922	-55,83	
826,141	49,4	
826,361	-155,79	
826,58	7,31	
826,799	-166,31	
827,018	159,88	
827,237	-1,46	
827,456	-92,66	
827,676	-43,55	
827,895	80,96	
828,114	-40,04	
828,333	9,06	
828,552	-124,22	
828,771	54,66	
828,99	59,92	
829,209	-87,39	
829,428	-87,39	
829,647	-45,3	
829,866	-26,01	
830,084	-140,01	
830,303	3,8	
830,522	-27,77	
830,741	87,98	
830,96	126,56	
831,179	72,2	
831,397	94,99	
831,616	26,6	
831,835	-17,24	
832,053	79,21	
832,272	-6,72	
832,491	38,87	
832,709	103,76	
832,928	77,46	
833,147	21,34	
833,365	-89,15	
833,584	-161,05	
833,802	23,09	
834,021	-4,97	
834,239	-36,54	
834,458	-10,23	
834,676	-11,98	
834,894	14,32	
835,113	-66,35	
835,331	19,58	
835,55	70,44	
835,768	49,4	
835,986	-71,61	
836,204	-52,32	
836,423	-19	
836,641	-33,03	
836,859	51,15	
837,077	58,17	
837,296	59,92	
837,514	98,5	
837,732	3,8	
837,95	-132,99	
838,168	35,37	
838,386	3,8	
838,604	-99,67	
838,822	3,8	
839,04	65,18	
839,258	86,22	
839,476	-80,38	
839,694	79,21	
839,912	-101,42	
840,13	-217,17	
840,348	59,92	
840,566	21,34	
840,783	-45,3	
841,001	-55,83	
841,219	-127,73	
841,437	147,61	
841,655	-201,39	
841,872	123,05	
842,09	-11,98	
842,308	-22,51	
842,525	135,33	
842,743	98,5	
842,961	10,81	
843,178	-80,38	
843,396	9,06	
843,613	175,66	
843,831	-110,19	
844,048	91,49	
844,266	-108,44	
844,483	102,01	
844,701	-19	
844,918	77,46	
845,136	-54,07	
845,353	-62,84	
845,57	49,4	
845,788	21,34	
846,005	93,24	
846,222	-69,86	
846,439	-106,69	
846,657	145,85	
846,874	-64,6	
847,091	91,49	
847,308	37,12	
847,526	-106,69	
847,743	-148,77	
847,96	-166,31	
848,177	173,91	
848,394	-140,01	
848,611	-33,03	
848,828	61,67	
849,045	133,58	
849,262	-117,21	
849,479	-64,6	
849,696	56,41	
849,913	-11,98	
850,13	68,69	
850,347	94,99	
850,564	-29,52	
850,78	5,55	
850,997	-31,27	
851,214	-47,06	
851,431	-97,92	
851,647	114,28	
851,864	-75,12	
852,081	-132,99	
852,298	3,8	
852,514	107,27	
852,731	109,02	
852,948	-164,56	
853,164	-110,19	
853,381	-150,53	
853,597	144,1	
853,814	-66,35	
854,03	-66,35	
854,247	-192,62	
854,463	-31,27	
854,68	-59,33	
854,896	-45,3	
855,113	-41,8	
855,329	42,38	
855,545	-206,65	
855,762	-45,3	
855,978	91,49	
856,194	58,17	
856,411	65,18	
856,627	-17,24	
856,843	-108,44	
857,059	-131,24	
857,275	-192,62	
857,492	140,59	
857,708	-17,24	
857,924	38,87	
858,14	-94,41	
858,356	-45,3	
858,572	58,17	
858,788	-31,27	
859,004	-24,26	
859,22	-213,66	
859,436	-31,27	
859,652	123,05	
859,868	77,46	
860,084	-48,81	
860,3	242,31	
860,516	-118,96	
860,731	-31,27	
860,947	93,24	
861,163	58,17	
861,379	119,55	
861,595	-89,15	
861,81	-73,36	
862,026	-31,27	
862,242	-27,77	
862,457	-110,19	
862,673	24,84	
862,889	-55,83	
863,104	3,8	
863,32	-138,25	
863,535	-38,29	
863,751	-108,44	
863,966	-159,3	
864,182	-31,27	
864,397	109,02	
864,613	28,35	
864,828	77,46	
865,044	66,93	
865,259	-80,38	
865,474	14,32	
865,69	-61,09	
865,905	-8,48	
866,12	-34,78	
866,336	151,11	
866,551	72,2	
866,766	49,4	
866,981	-120,71	
867,196	128,31	
867,412	52,9	
867,627	-24,26	
867,842	-61,09	
868,057	-47,06	
868,272	91,49	
868,487	59,92	
868,702	-52,32	
868,917	102,01	
869,132	-17,24	
869,347	-64,6	
869,562	-97,92	
869,777	38,87	
869,992	-111,95	
870,207	-73,36	
870,422	-138,25	
870,636	-141,76	
870,851	52,9	
871,066	79,21	
871,281	-27,77	
871,495	31,86	
871,71	-71,61	
871,925	-192,62	
872,14	21,34	
872,354	33,61	
872,569	31,86	
872,783	-131,24	
872,998	21,34	
873,213	-26,01	
873,427	-11,98	
873,642	-125,98	
873,856	-45,3	
874,071	-36,54	
874,285	-76,87	
874,5	-24,26	
874,714	-187,36	
874,928	266,86	
875,143	-180,34	
875,357	-68,1	
875,571	-87,39	
875,786	-108,44	
876	37,12	
876,214	-66,35	
876,429	49,4	
876,643	140,59	
876,857	-20,75	
877,071	-52,32	
877,285	-129,48	
877,499	-50,57	
877,714	-68,1	
877,928	-117,21	
878,142	-108,44	
878,356	-73,36	
878,57	-173,33	
878,784	-154,04	
878,998	17,83	
879,212	221,26	
879,426	-13,74	
879,639	-150,53	
879,853	-11,98	
880,067	45,89	
880,281	-34,78	
880,495	-110,19	
880,709	-227,69	
880,922	102,01	
881,136	63,43	
881,35	-218,92	
881,564	-6,72	
881,777	-62,84	
881,991	-13,74	
882,205	-250,49	
882,418	72,2	
882,632	-145,27	
882,845	33,61	
883,059	-26,01	
883,273	-3,22	
883,486	-27,77	
883,7	17,83	
883,913	72,2	
884,126	-3,22	
884,34	38,87	
884,553	37,12	
884,767	-168,07	
884,98	-161,05	
885,193	-31,27	
885,407	94,99	
885,62	42,38	
885,833	-22,51	
886,046	-57,58	
886,26	-76,87	
886,473	-10,23	
886,686	-131,24	
886,899	194,96	
887,112	-134,74	
887,326	-99,67	
887,539	-210,15	
887,752	-31,27	
887,965	121,3	
888,178	-40,04	
888,391	-187,36	
888,604	-40,04	
888,817	-27,77	
889,03	123,05	
889,243	116,04	
889,455	-55,83	
889,668	-62,84	
889,881	9,06	
890,094	-48,81	
890,307	38,87	
890,52	-50,57	
890,732	110,78	
890,945	109,02	
891,158	-78,63	
891,37	63,43	
891,583	-89,15	
891,796	-71,61	
892,008	-34,78	
892,221	93,24	
892,434	-57,58	
892,646	-161,05	
892,859	-36,54	
893,071	219,51	
893,284	-38,29	
893,496	-50,57	
893,709	44,14	
893,921	-61,09	
894,133	-129,48	
894,346	-132,99	
894,558	-75,12	
894,771	73,95	
894,983	35,37	
895,195	-161,05	
895,407	-47,06	
895,62	-164,56	
895,832	-31,27	
896,044	-138,25	
896,256	58,17	
896,468	80,96	
896,681	-3,22	
896,893	-80,38	
897,105	-66,35	
897,317	24,84	
897,529	42,38	
897,741	-55,83	
897,953	21,34	
898,165	102,01	
898,377	52,9	
898,589	-19	
898,801	-120,71	
899,013	-92,66	
899,224	45,89	
899,436	-45,3	
899,648	-10,23	
899,86	40,63	
900,072	51,15	
900,283	-41,8	
900,495	-48,81	
900,707	-59,33	
900,919	58,17	
901,13	66,93	
901,342	-103,18	
901,554	-124,22	
901,765	-24,26	
901,977	-150,53	
902,188	84,47	
902,4	140,59	
902,611	98,5	
902,823	-27,77	
903,034	-34,78	
903,246	138,84	
903,457	61,67	
903,669	61,67	
903,88	-54,07	
904,091	-141,76	
904,303	75,7	
904,514	-155,79	
904,725	2,05	
904,936	0,29	
905,148	-145,27	
905,359	-96,16	
905,57	-71,61	
905,781	-76,87	
905,992	-152,28	
906,204	-136,5	
906,415	-45,3	
906,626	-40,04	
906,837	-106,69	
907,048	0,29	
907,259	-62,84	
907,47	66,93	
907,681	-45,3	
907,892	37,12	
908,103	-11,98	
908,314	-47,06	
908,525	35,37	
908,735	-17,24	
908,946	38,87	
909,157	-20,75	
909,368	105,52	
909,579	114,28	
909,789	0,29	
910	200,22	
910,211	-19	
910,421	-43,55	
910,632	-129,48	
910,843	-78,63	
911,053	112,53	
911,264	-52,32	
911,475	-78,63	
911,685	28,35	
911,896	-36,54	
912,106	-148,77	
912,317	-55,83	
912,527	-22,51	
912,737	2,05	
912,948	-166,31	
913,158	-78,63	
913,369	58,17	
913,579	-124,22	
913,789	-31,27	
914	-168,07	
914,21	191,45	
914,42	221,26	
914,63	-76,87	
914,841	-10,23	
915,051	9,06	
915,261	73,95	
915,471	-97,92	
915,681	135,33	
915,891	-10,23	
916,101	59,92	
916,311	-3,22	
916,521	-36,54	
916,731	130,07	
916,941	59,92	
917,151	73,95	
917,361	-13,74	
917,571	96,75	
917,781	-122,47	
917,991	-108,44	
918,201	137,08	
918,411	12,57	
918,621	40,63	
918,83	-38,29	
919,04	-17,24	
919,25	-10,23	
919,46	-194,37	
919,669	-61,09	
919,879	126,56	
920,089	63,43	
920,298	-73,36	
920,508	59,92	
920,717	-69,86	
920,927	37,12	
921,136	-232,95	
921,346	-101,42	
921,555	-220,68	
921,765	47,64	
921,974	-6,72	
922,184	-43,55	
922,393	158,13	
922,603	70,44	
922,812	-113,7	
923,021	-43,55	
923,23	-29,52	
923,44	-87,39	
923,649	103,76	
923,858	33,61	
924,067	-4,97	
924,277	-61,09	
924,486	-111,95	
924,695	-155,79	
924,904	2,05	
925,113	-62,84	
925,322	-206,65	
925,531	-33,03	
925,74	-120,71	
925,949	-13,74	
926,158	-82,13	
926,367	-66,35	
926,576	-118,96	
926,785	-106,69	
926,994	-22,51	
927,203	-66,35	
927,412	-129,48	
927,621	-1,46	
927,83	-47,06	
928,038	-22,51	
928,247	-3,22	
928,456	-59,33	
928,665	9,06	
928,873	0,29	
929,082	16,08	
929,291	7,31	
929,499	-10,23	
929,708	3,8	
929,916	-113,7	
930,125	-45,3	
930,333	163,39	
930,542	-83,89	
930,75	-45,3	
930,959	61,67	
931,167	-87,39	
931,376	-34,78	
931,584	-50,57	
931,793	-118,96	
932,001	54,66	
932,209	-3,22	
932,418	58,17	
932,626	12,57	
932,834	-169,82	
933,042	-89,15	
933,251	-168,07	
933,459	-27,77	
933,667	135,33	
933,875	201,97	
934,083	-27,77	
934,291	-11,98	
934,499	-96,16	
934,707	-3,22	
934,915	163,39	
935,123	-11,98	
935,331	-164,56	
935,539	-118,96	
935,747	-69,86	
935,955	-182,1	
936,163	-220,68	
936,371	-147,02	
936,579	-40,04	
936,787	-57,58	
936,995	-120,71	
937,202	10,81	
937,41	-8,48	
937,618	38,87	
937,826	-75,12	
938,033	-40,04	
938,241	-17,24	
938,449	-54,07	
938,656	-192,62	
938,864	-115,45	
939,071	-6,72	
939,279	-196,13	
939,486	-38,29	
939,694	10,81	
939,901	-59,33	
940,109	26,6	
940,316	-120,71	
940,524	-41,8	
940,731	-34,78	
940,939	-59,33	
941,146	-232,95	
941,353	-106,69	
941,561	114,28	
941,768	44,14	
941,975	-59,33	
942,182	-99,67	
942,39	65,18	
942,597	133,58	
942,804	-94,41	
943,011	-178,59	
943,218	79,21	
943,425	-122,47	
943,632	-43,55	
943,839	-48,81	
944,046	130,07	
944,253	-6,72	
944,46	-132,99	
944,667	-43,55	
944,874	-141,76	
945,081	35,37	
945,288	-54,07	
945,495	-8,48	
945,702	184,43	
945,909	-47,06	
946,115	16,08	
946,322	-48,81	
946,529	-43,55	
946,736	-69,86	
946,942	-122,47	
947,149	-140,01	
947,356	-29,52	
947,562	-166,31	
947,769	166,9	
947,976	59,92	
948,182	138,84	
948,389	-15,49	
948,595	52,9	
948,802	65,18	
949,008	-150,53	
949,215	40,63	
949,421	-201,39	
949,628	-101,42	
949,834	-20,75	
950,04	45,89	
950,247	-99,67	
950,453	-87,39	
950,659	-203,14	
950,865	-85,64	
951,072	-27,77	
951,278	26,6	
951,484	-140,01	
951,69	-61,09	
951,896	-4,97	
952,103	-4,97	
952,309	2,05	
952,515	-106,69	
952,721	-140,01	
952,927	-38,29	
953,133	-31,27	
953,339	210,74	
953,545	5,55	
953,751	-141,76	
953,957	-52,32	
954,163	-178,59	
954,369	163,39	
954,574	-4,97	
954,78	-204,89	
954,986	-69,86	
955,192	-6,72	
955,398	-24,26	
955,603	-6,72	
955,809	16,08	
956,015	16,08	
956,22	-127,73	
956,426	-20,75	
956,632	-176,83	
956,837	17,83	
957,043	28,35	
957,248	-204,89	
957,454	-68,1	
957,66	-92,66	
957,865	-59,33	
958,07	5,55	
958,276	145,85	
958,481	-97,92	
958,687	-162,8	
958,892	98,5	
959,097	-75,12	
959,303	-36,54	
959,508	110,78	
959,713	-71,61	
959,919	-120,71	
960,124	-66,35	
960,329	47,64	
960,534	-110,19	
960,739	51,15	
960,945	-43,55	
961,15	-125,98	
961,355	-155,79	
961,56	-73,36	
961,765	-108,44	
961,97	65,18	
962,175	23,09	
962,38	33,61	
962,585	-147,02	
962,79	-10,23	
962,995	-154,04	
963,2	-31,27	
963,404	72,2	
963,609	-15,49	
963,814	-10,23	
964,019	37,12	
964,224	-125,98	
964,428	-108,44	
964,633	-162,8	
964,838	-206,65	
965,042	-140,01	
965,247	128,31	
965,452	-199,63	
965,656	96,75	
965,861	-48,81	
966,066	-197,88	
966,27	-125,98	
966,475	-182,1	
966,679	-194,37	
966,884	-134,74	
967,088	-148,77	
967,292	-222,43	
967,497	37,12	
967,701	7,31	
967,906	30,11	
968,11	-89,15	
968,314	-157,54	
968,518	17,83	
968,723	121,3	
968,927	-94,41	
969,131	-97,92	
969,335	21,34	
969,539	231,78	
969,744	-245,23	
969,948	10,81	
970,152	-68,1	
970,356	-50,57	
970,56	-8,48	
970,764	-75,12	
970,968	-38,29	
971,172	112,53	
971,376	114,28	
971,58	-11,98	
971,784	-59,33	
971,988	91,49	
972,192	9,06	
972,395	45,89	
972,599	-115,45	
972,803	28,35	
973,007	65,18	
973,21	-3,22	
973,414	3,8	
973,618	-48,81	
973,822	-64,6	
974,025	196,71	
974,229	10,81	
974,432	-41,8	
974,636	-22,51	
974,84	-40,04	
975,043	-64,6	
975,247	31,86	
975,45	-106,69	
975,654	-89,15	
975,857	3,8	
976,06	-47,06	
976,264	-41,8	
976,467	-78,63	
976,671	-3,22	
976,874	-66,35	
977,077	-76,87	
977,28	-43,55	
977,484	-236,46	
977,687	-45,3	
977,89	35,37	
978,093	-29,52	
978,297	-78,63	
978,5	0,29	
978,703	105,52	
978,906	-54,07	
979,109	-54,07	
979,312	-173,33	
979,515	58,17	
979,718	-50,57	
979,921	-27,77	
980,124	-118,96	
980,327	87,98	
980,53	-48,81	
980,733	-113,7	
980,936	89,73	
981,138	-33,03	
981,341	119,55	
981,544	-96,16	
981,747	-8,48	
981,949	-82,13	
982,152	70,44	
982,355	100,25	
982,558	-34,78	
982,76	-134,74	
982,963	-31,27	
983,165	-152,28	
983,368	-161,05	
983,571	-64,6	
983,773	-36,54	
983,976	144,1	
984,178	-111,95	
984,381	-1,46	
984,583	-78,63	
984,785	-43,55	
984,988	3,8	
985,19	72,2	
985,392	-106,69	
985,595	110,78	
985,797	-145,27	
985,999	-97,92	
986,202	7,31	
986,404	-71,61	
986,606	40,63	
986,808	112,53	
987,01	-36,54	
987,212	58,17	
987,415	-54,07	
987,617	-204,89	
987,819	-11,98	
988,021	124,81	
988,223	28,35	
988,425	-48,81	
988,627	-159,3	
988,829	-45,3	
989,031	138,84	
989,232	23,09	
989,434	-176,83	
989,636	133,58	
989,838	-115,45	
990,04	47,64	
990,242	130,07	
990,443	-110,19	
990,645	37,12	
990,847	-62,84	
991,048	-11,98	
991,25	-171,57	
991,452	-38,29	
991,653	-147,02	
991,855	-127,73	
992,057	59,92	
992,258	-101,42	
992,46	119,55	
992,661	-4,97	
992,863	33,61	
993,064	105,52	
993,265	-104,93	
993,467	-33,03	
993,668	59,92	
993,87	82,72	
994,071	-82,13	
994,272	9,06	
994,473	-66,35	
994,675	-55,83	
994,876	-194,37	
995,077	-34,78	
995,278	112,53	
995,48	66,93	
995,681	-131,24	
995,882	-20,75	
996,083	-50,57	
996,284	-43,55	
996,485	-164,56	
996,686	63,43	
996,887	-19	
997,088	-11,98	
997,289	12,57	
997,49	-59,33	
997,691	-64,6	
997,892	21,34	
998,092	-76,87	
998,293	58,17	
998,494	-80,38	
998,695	37,12	
998,896	-29,52	
999,096	-15,49	
999,297	-157,54	
999,498	-76,87	
999,698	-206,65	
999,899	30,11	
1000,1	-113,7	
1000,3	-87,39	
1000,501	-57,58	
1000,701	-34,78	
1000,902	-118,96	
1001,102	142,34	
1001,303	-48,81	
1001,503	23,09	
1001,704	-47,06	
1001,904	51,15	
1002,105	-90,9	
1002,305	-19	
1002,505	-125,98	
1002,706	-196,13	
1002,906	-196,13	
1003,106	-113,7	
1003,306	0,29	
1003,507	-36,54	
1003,707	-19	
1003,907	-40,04	
1004,107	-71,61	
1004,307	37,12	
1004,507	-96,16	
1004,707	38,87	
1004,907	-104,93	
1005,107	-19	
1005,308	42,38	
1005,507	-196,13	
1005,707	-185,6	
1005,907	-64,6	
1006,107	-24,26	
1006,307	-50,57	
1006,507	40,63	
1006,707	-17,24	
1006,907	75,7	
1007,106	-80,38	
1007,306	40,63	
1007,506	51,15	
1007,706	-3,22	
1007,905	-110,19	
1008,105	7,31	
1008,305	-43,55	
1008,504	-101,42	
1008,704	45,89	
1008,903	-213,66	
1009,103	61,67	
1009,303	19,58	
1009,502	-115,45	
1009,702	70,44	
1009,901	52,9	
1010,1	-131,24	
1010,3	-103,18	
1010,499	70,44	
1010,699	-113,7	
1010,898	-108,44	
1011,097	-24,26	
1011,296	-73,36	
1011,496	5,55	
1011,695	187,94	
1011,894	0,29	
1012,093	102,01	
1012,293	-168,07	
1012,492	-29,52	
1012,691	-71,61	
1012,89	-47,06	
1013,089	-118,96	
1013,288	152,87	
1013,487	-71,61	
1013,686	-85,64	
1013,885	-157,54	
1014,084	-40,04	
1014,283	-36,54	
1014,482	-33,03	
1014,681	-183,85	
1014,88	-97,92	
1015,078	-27,77	
1015,277	114,28	
1015,476	-41,8	
1015,675	-36,54	
1015,873	40,63	
1016,072	-204,89	
1016,271	21,34	
1016,47	12,57	
1016,668	37,12	
1016,867	-152,28	
1017,065	61,67	
1017,264	-71,61	
1017,463	-103,18	
1017,661	10,81	
1017,86	-13,74	
1018,058	58,17	
1018,256	-85,64	
1018,455	-175,08	
1018,653	-24,26	
1018,852	2,05	
1019,05	-125,98	
1019,248	135,33	
1019,447	-127,73	
1019,645	28,35	
1019,843	-87,39	
1020,041	-194,37	
1020,24	-175,08	
1020,438	16,08	
1020,636	-131,24	
1020,834	-115,45	
1021,032	77,46	
1021,23	-64,6	
1021,428	-87,39	
1021,626	49,4	
1021,824	59,92	
1022,022	-127,73	
1022,22	-278,55	
1022,418	-101,42	
1022,616	-64,6	
1022,814	-80,38	
1023,012	-47,06	
1023,21	-83,89	
1023,408	193,2	
1023,606	-271,54	
1023,803	-125,98	
1024,001	186,19	
1024,199	-138,25	
1024,397	-83,89	
1024,594	87,98	
1024,792	-54,07	
1024,99	-10,23	
1025,187	28,35	
1025,385	54,66	
1025,582	-140,01	
1025,78	-24,26	
1025,977	-136,5	
1026,175	-15,49	
1026,372	-99,67	
1026,57	-50,57	
1026,767	200,22	
1026,965	-94,41	
1027,162	-208,4	
1027,359	-33,03	
1027,557	-75,12	
1027,754	-122,47	
1027,951	52,9	
1028,148	-143,51	
1028,346	52,9	
1028,543	-66,35	
1028,74	-80,38	
1028,937	-24,26	
1029,134	-66,35	
1029,331	-111,95	
1029,528	-20,75	
1029,725	21,34	
1029,923	-13,74	
1030,12	70,44	
1030,317	-148,77	
1030,513	79,21	
1030,71	-239,97	
1030,907	-78,63	
1031,104	47,64	
1031,301	-120,71	
1031,498	-62,84	
1031,695	-117,21	
1031,892	-131,24	
1032,088	-159,3	
1032,285	-110,19	
1032,482	-68,1	
1032,678	-150,53	
1032,875	-45,3	
1033,072	242,31	
1033,268	-164,56	
1033,465	116,04	
1033,662	112,53	
1033,858	42,38	
1034,055	-118,96	
1034,251	-164,56	
1034,448	10,81	
1034,644	-159,3	
1034,84	-92,66	
1035,037	-68,1	
1035,233	-164,56	
1035,43	-125,98	
1035,626	-185,6	
1035,822	-173,33	
1036,019	42,38	
1036,215	119,55	
1036,411	12,57	
1036,607	-136,5	
1036,803	-80,38	
1037	-33,03	
1037,196	142,34	
1037,392	-54,07	
1037,588	-38,29	
1037,784	87,98	
1037,98	21,34	
1038,176	-104,93	
1038,372	-27,77	
1038,568	-118,96	
1038,764	-76,87	
1038,96	-92,66	
1039,156	-162,8	
1039,352	-96,16	
1039,547	-96,16	
1039,743	-194,37	
1039,939	58,17	
1040,135	-166,31	
1040,331	-171,57	
1040,526	-104,93	
1040,722	21,34	
1040,918	-175,08	
1041,113	35,37	
1041,309	-104,93	
1041,505	-11,98	
1041,7	-26,01	
1041,896	100,25	
1042,091	-145,27	
1042,287	-43,55	
1042,482	-34,78	
1042,678	-90,9	
1042,873	45,89	
1043,069	-59,33	
1043,264	37,12	
1043,459	37,12	
1043,655	-57,58	
1043,85	-76,87	
1044,045	-259,26	
1044,24	-94,41	
1044,436	-80,38	
1044,631	-54,07	
1044,826	-78,63	
1045,021	-78,63	
1045,216	-78,63	
