couleur : blanc
angle source :0
angle capteur :30
source : 2700K
FLMT02171_1:101		
194,658	-618,92	
194,923	-618,92	
195,188	-618,92	
195,453	-648,73	
195,717	-94,56	
195,982	191,3	
196,247	103,62	
196,512	-152,43	
196,777	-48,96	
197,042	-108,58	
197,307	77,31	
197,572	-36,68	
197,837	45,74	
198,101	-36,68	
198,366	-59,48	
198,631	29,96	
198,896	-5,12	
199,161	172,01	
199,425	-61,23	
199,69	280,74	
199,955	21,19	
200,22	21,19	
200,484	-150,67	
200,749	56,27	
201,014	68,54	
201,278	-29,67	
201,543	293,02	
201,807	-20,9	
202,072	152,72	
202,337	156,23	
202,601	117,65	
202,866	-127,88	
203,13	26,45	
203,395	58,02	
203,659	172,01	
203,924	-61,23	
204,189	68,54	
204,453	142,2	
204,717	-34,93	
204,982	122,91	
205,246	66,79	
205,511	166,75	
205,775	126,41	
206,04	117,65	
206,304	-13,88	
206,568	-10,38	
206,833	-12,13	
207,097	145,71	
207,361	72,05	
207,626	-40,19	
207,89	150,97	
208,154	49,25	
208,419	114,14	
208,683	38,73	
208,947	182,53	
209,211	112,38	
209,476	124,66	
209,74	112,38	
210,004	428,06	
210,268	254,44	
210,532	342,12	
210,796	131,68	
211,061	1,9	
211,325	79,06	
211,589	280,74	
211,853	180,78	
212,117	107,12	
212,381	238,65	
212,645	112,38	
212,909	156,23	
213,173	1,9	
213,437	-3,36	
213,701	222,87	
213,965	110,63	
214,229	165	
214,493	228,13	
214,757	108,88	
215,021	82,57	
215,285	68,54	
215,549	-17,39	
215,813	129,92	
216,077	105,37	
216,34	72,05	
216,604	142,2	
216,868	-31,42	
217,132	-70	
217,396	184,29	
217,659	98,35	
217,923	221,12	
218,187	38,73	
218,451	142,2	
218,714	214,1	
218,978	103,62	
219,242	294,77	
219,505	259,7	
219,769	14,18	
220,033	263,21	
220,296	138,69	
220,56	166,75	
220,824	194,81	
221,087	131,68	
221,351	52,76	
221,614	33,47	
221,878	-82,28	
222,142	100,11	
222,405	135,18	
222,669	-55,97	
222,932	110,63	
223,196	235,15	
223,459	98,35	
223,722	77,31	
223,986	-12,13	
224,249	194,81	
224,513	143,95	
224,776	12,42	
225,04	96,6	
225,303	35,22	
225,566	198,32	
225,83	266,71	
226,093	107,12	
226,356	-5,12	
226,62	363,17	
226,883	-136,64	
227,146	40,48	
227,409	-45,45	
227,673	322,83	
227,936	8,91	
228,199	112,38	
228,462	159,74	
228,725	147,46	
228,989	142,2	
229,252	165	
229,515	15,93	
229,778	72,05	
230,041	177,27	
230,304	-13,88	
230,567	0,15	
230,83	52,76	
231,093	56,27	
231,356	56,27	
231,619	79,06	
231,882	-15,64	
232,145	172,01	
232,408	1,9	
232,671	58,02	
232,934	-70	
233,197	180,78	
233,46	378,95	
233,723	84,33	
233,986	70,3	
234,249	-33,17	
234,512	117,65	
234,775	138,69	
235,037	47,5	
235,3	5,41	
235,563	508,73	
235,826	177,27	
236,089	124,66	
236,351	89,59	
236,614	121,15	
236,877	179,03	
237,14	3,65	
237,402	107,12	
237,665	170,26	
237,928	42,24	
238,19	24,7	
238,453	161,49	
238,716	238,65	
238,978	28,21	
239,241	89,59	
239,503	165	
239,766	121,15	
240,029	229,88	
240,291	29,96	
240,554	240,41	
240,816	147,46	
241,079	228,13	
241,341	124,66	
241,604	-70	
241,866	-3,36	
242,129	-71,76	
242,391	256,19	
242,653	54,51	
242,916	208,84	
243,178	52,76	
243,441	184,29	
243,703	21,19	
243,965	51	
244,228	356,15	
244,49	66,79	
244,752	35,22	
245,015	135,18	
245,277	-20,9	
245,539	47,5	
245,801	-17,39	
246,064	135,18	
246,326	200,07	
246,588	-19,14	
246,85	268,47	
247,112	14,18	
247,374	172,01	
247,637	115,89	
247,899	38,73	
248,161	98,35	
248,423	89,59	
248,685	235,15	
248,947	200,07	
249,209	238,65	
249,471	86,08	
249,733	72,05	
249,995	-41,94	
250,257	-77,02	
250,519	194,81	
250,781	217,61	
251,043	42,24	
251,305	170,26	
251,567	317,57	
251,829	75,56	
252,091	82,57	
252,353	-40,19	
252,615	193,06	
252,876	49,25	
253,138	170,26	
253,4	86,08	
253,662	-6,87	
253,924	-168,21	
254,185	138,69	
254,447	38,73	
254,709	273,73	
254,971	43,99	
255,232	107,12	
255,494	275,48	
255,756	136,94	
256,017	-43,7	
256,279	-105,08	
256,541	66,79	
256,802	122,91	
257,064	14,18	
257,326	47,5	
257,587	51	
257,849	133,43	
258,11	193,06	
258,372	-29,67	
258,633	79,06	
258,895	186,04	
259,156	338,62	
259,418	10,67	
259,679	173,77	
259,941	175,52	
260,202	133,43	
260,464	-3,36	
260,725	49,25	
260,987	93,09	
261,248	96,6	
261,509	170,26	
261,771	210,59	
262,032	40,48	
262,293	214,1	
262,555	201,82	
262,816	186,04	
263,077	19,44	
263,338	43,99	
263,6	-59,48	
263,861	-92,8	
264,122	161,49	
264,383	96,6	
264,645	-17,39	
264,906	42,24	
265,167	-61,23	
265,428	47,5	
265,689	89,59	
265,95	287,76	
266,211	61,53	
266,473	38,73	
266,734	89,59	
266,995	110,63	
267,256	75,56	
267,517	138,69	
267,778	80,82	
268,039	36,97	
268,3	310,56	
268,561	68,54	
268,822	75,56	
269,083	126,41	
269,344	115,89	
269,604	172,01	
269,865	61,53	
270,126	117,65	
270,387	-1,61	
270,648	-87,54	
270,909	-34,93	
271,17	19,44	
271,43	268,47	
271,691	194,81	
271,952	66,79	
272,213	-8,62	
272,473	-47,2	
272,734	200,07	
272,995	-92,8	
273,256	-59,48	
273,516	-57,73	
273,777	161,49	
274,038	-27,91	
274,298	180,78	
274,559	63,28	
274,82	75,56	
275,08	12,42	
275,341	-29,67	
275,601	-103,32	
275,862	-22,65	
276,122	264,96	
276,383	47,5	
276,643	198,32	
276,904	143,95	
277,164	324,59	
277,425	247,42	
277,685	19,44	
277,946	42,24	
278,206	49,25	
278,467	136,94	
278,727	277,23	
278,987	184,29	
279,248	215,85	
279,508	114,14	
279,768	49,25	
280,029	115,89	
280,289	66,79	
280,549	93,09	
280,81	115,89	
281,07	135,18	
281,33	-34,93	
281,59	291,26	
281,851	73,8	
282,111	63,28	
282,371	287,76	
282,631	47,5	
282,891	-34,93	
283,151	-24,41	
283,412	124,66	
283,672	61,53	
283,932	159,74	
284,192	-29,67	
284,452	14,18	
284,712	243,91	
284,972	61,53	
285,232	261,45	
285,492	89,59	
285,752	243,91	
286,012	86,08	
286,272	-71,76	
286,532	249,18	
286,792	240,41	
287,052	26,45	
287,312	80,82	
287,571	36,97	
287,831	52,76	
288,091	168,5	
288,351	-36,68	
288,611	-3,36	
288,871	-13,88	
289,13	-3,36	
289,39	128,17	
289,65	124,66	
289,91	508,73	
290,17	212,35	
290,429	94,85	
290,689	129,92	
290,949	110,63	
291,208	73,8	
291,468	-52,47	
291,728	87,83	
291,987	-59,48	
292,247	-15,64	
292,506	354,4	
292,766	129,92	
293,026	108,88	
293,285	-10,38	
293,545	229,88	
293,804	-34,93	
294,064	287,76	
294,323	165	
294,583	45,74	
294,842	-85,79	
295,102	184,29	
295,361	303,54	
295,621	143,95	
295,88	179,03	
296,139	19,44	
296,399	193,06	
296,658	105,37	
296,917	-45,45	
297,177	59,77	
297,436	257,94	
297,695	24,7	
297,955	335,11	
298,214	-10,38	
298,473	45,74	
298,732	75,56	
298,992	150,97	
299,251	124,66	
299,51	49,25	
299,769	140,44	
300,028	-78,77	
300,287	91,34	
300,547	-26,16	
300,806	86,08	
301,065	-89,29	
301,324	180,78	
301,583	93,09	
301,842	182,53	
302,101	157,98	
302,36	203,58	
302,619	271,97	
302,878	143,95	
303,137	163,24	
303,396	52,76	
303,655	222,87	
303,914	187,79	
304,173	45,74	
304,432	101,86	
304,691	-45,45	
304,95	89,59	
305,208	170,26	
305,467	-20,9	
305,726	-94,56	
305,985	136,94	
306,244	89,59	
306,503	119,4	
306,761	180,78	
307,02	-48,96	
307,279	193,06	
307,537	229,88	
307,796	-99,82	
308,055	-29,67	
308,314	51	
308,572	172,01	
308,831	-50,71	
309,09	180,78	
309,348	208,84	
309,607	14,18	
309,865	207,09	
310,124	215,85	
310,382	159,74	
310,641	68,54	
310,9	-26,16	
311,158	84,33	
311,417	96,6	
311,675	29,96	
311,933	8,91	
312,192	182,53	
312,45	-1,61	
312,709	79,06	
312,967	182,53	
313,226	277,23	
313,484	58,02	
313,742	124,66	
314,001	77,31	
314,259	166,75	
314,517	193,06	
314,776	-6,87	
315,034	103,62	
315,292	156,23	
315,55	194,81	
315,809	59,77	
316,067	135,18	
316,325	-8,62	
316,583	238,65	
316,841	-89,29	
317,1	221,12	
317,358	129,92	
317,616	-36,68	
317,874	79,06	
318,132	98,35	
318,39	270,22	
318,648	228,13	
318,906	103,62	
319,164	-24,41	
319,422	-33,17	
319,68	-105,08	
319,938	77,31	
320,196	47,5	
320,454	66,79	
320,712	24,7	
320,97	65,03	
321,228	51	
321,486	-29,67	
321,744	10,67	
322,002	59,77	
322,26	133,43	
322,517	52,76	
322,775	75,56	
323,033	49,25	
323,291	21,19	
323,549	1,9	
323,806	63,28	
324,064	208,84	
324,322	128,17	
324,58	135,18	
324,837	3,65	
325,095	22,94	
325,353	268,47	
325,61	84,33	
325,868	168,5	
326,126	-41,94	
326,383	259,7	
326,641	7,16	
326,898	58,02	
327,156	61,53	
327,413	121,15	
327,671	191,3	
327,928	170,26	
328,186	108,88	
328,443	96,6	
328,701	165	
328,958	-84,03	
329,216	112,38	
329,473	129,92	
329,731	22,94	
329,988	263,21	
330,245	61,53	
330,503	89,59	
330,76	108,88	
331,017	38,73	
331,275	98,35	
331,532	208,84	
331,789	194,81	
332,047	45,74	
332,304	45,74	
332,561	468,39	
332,818	65,03	
333,076	110,63	
333,333	94,85	
333,59	168,5	
333,847	275,48	
334,104	217,61	
334,361	275,48	
334,618	49,25	
334,876	198,32	
335,133	-45,45	
335,39	75,56	
335,647	-105,08	
335,904	26,45	
336,161	-34,93	
336,418	31,71	
336,675	82,57	
336,932	93,09	
337,189	293,02	
337,446	187,79	
337,703	133,43	
337,96	61,53	
338,216	-24,41	
338,473	-54,22	
338,73	61,53	
338,987	61,53	
339,244	61,53	
339,501	91,34	
339,757	0,15	
340,014	-15,64	
340,271	110,63	
340,528	89,59	
340,785	135,18	
341,041	121,15	
341,298	131,68	
341,555	103,62	
341,811	-26,16	
342,068	168,5	
342,325	101,86	
342,581	68,54	
342,838	208,84	
343,094	284,25	
343,351	5,41	
343,608	24,7	
343,864	145,71	
344,121	54,51	
344,377	157,98	
344,634	278,99	
344,89	105,37	
345,147	-89,29	
345,403	86,08	
345,66	122,91	
345,916	-96,31	
346,172	79,06	
346,429	210,59	
346,685	84,33	
346,942	-52,47	
347,198	-27,91	
347,454	45,74	
347,711	135,18	
347,967	194,81	
348,223	-6,87	
348,48	100,11	
348,736	94,85	
348,992	31,71	
349,248	75,56	
349,504	75,56	
349,761	80,82	
350,017	52,76	
350,273	-10,38	
350,529	8,91	
350,785	170,26	
351,041	-20,9	
351,297	49,25	
351,554	24,7	
351,81	-66,5	
352,066	77,31	
352,322	-22,65	
352,578	464,88	
352,834	38,73	
353,09	140,44	
353,346	121,15	
353,602	36,97	
353,858	-27,91	
354,114	45,74	
354,369	68,54	
354,625	112,38	
354,881	-91,05	
355,137	103,62	
355,393	-66,5	
355,649	-15,64	
355,905	-15,64	
356,16	58,02	
356,416	247,42	
356,672	56,27	
356,928	89,59	
357,183	93,09	
357,439	-27,91	
357,695	80,82	
357,951	-1,61	
358,206	163,24	
358,462	91,34	
358,718	65,03	
358,973	165	
359,229	121,15	
359,484	115,89	
359,74	8,91	
359,996	63,28	
360,251	45,74	
360,507	-55,97	
360,762	172,01	
361,018	133,43	
361,273	72,05	
361,529	-38,44	
361,784	289,51	
362,04	0,15	
362,295	58,02	
362,55	-112,09	
362,806	108,88	
363,061	122,91	
363,316	75,56	
363,572	252,68	
363,827	47,5	
364,082	252,68	
364,338	98,35	
364,593	-19,14	
364,848	243,91	
365,104	-89,29	
365,359	51	
365,614	19,44	
365,869	179,03	
366,124	117,65	
366,38	182,53	
366,635	252,68	
366,89	166,75	
367,145	129,92	
367,4	166,75	
367,655	173,77	
367,91	-131,38	
368,165	68,54	
368,42	28,21	
368,675	135,18	
368,93	51	
369,185	308,8	
369,44	40,48	
369,695	100,11	
369,95	122,91	
370,205	49,25	
370,46	100,11	
370,715	110,63	
370,97	122,91	
371,225	277,23	
371,48	226,38	
371,734	-6,87	
371,989	198,32	
372,244	-48,96	
372,499	87,83	
372,754	266,71	
373,008	-152,43	
373,263	17,68	
373,518	212,35	
373,773	129,92	
374,027	93,09	
374,282	101,86	
374,537	126,41	
374,791	242,16	
375,046	196,56	
375,301	136,94	
375,555	217,61	
375,81	-26,16	
376,064	66,79	
376,319	138,69	
376,573	14,18	
376,828	-89,29	
377,082	-48,96	
377,337	224,62	
377,591	-26,16	
377,846	-8,62	
378,1	133,43	
378,355	117,65	
378,609	243,91	
378,863	-45,45	
379,118	131,68	
379,372	79,06	
379,627	163,24	
379,881	170,26	
380,135	175,52	
380,389	15,93	
380,644	-41,94	
380,898	273,73	
381,152	21,19	
381,407	-15,64	
381,661	59,77	
381,915	205,33	
382,169	159,74	
382,423	128,17	
382,677	-19,14	
382,932	228,13	
383,186	101,86	
383,44	58,02	
383,694	-80,53	
383,948	112,38	
384,202	80,82	
384,456	56,27	
384,71	10,67	
384,964	63,28	
385,218	128,17	
385,472	147,46	
385,726	152,72	
385,98	136,94	
386,234	40,48	
386,488	-24,41	
386,742	61,53	
386,996	310,56	
387,249	210,59	
387,503	349,14	
387,757	45,74	
388,011	51	
388,265	186,04	
388,518	33,47	
388,772	121,15	
389,026	129,92	
389,28	66,79	
389,533	126,41	
389,787	226,38	
390,041	119,4	
390,295	-105,08	
390,548	91,34	
390,802	103,62	
391,055	91,34	
391,309	177,27	
391,563	-5,12	
391,816	219,36	
392,07	131,68	
392,323	131,68	
392,577	168,5	
392,83	224,62	
393,084	45,74	
393,337	72,05	
393,591	257,94	
393,844	40,48	
394,098	40,48	
394,351	-3,36	
394,604	340,37	
394,858	215,85	
395,111	5,41	
395,364	121,15	
395,618	84,33	
395,871	17,68	
396,124	286	
396,378	191,3	
396,631	207,09	
396,884	461,38	
397,137	336,86	
397,391	264,96	
397,644	189,55	
397,897	435,07	
398,15	236,9	
398,403	261,45	
398,657	208,84	
398,91	138,69	
399,163	36,97	
399,416	159,74	
399,669	-55,97	
399,922	40,48	
400,175	138,69	
400,428	94,85	
400,681	-64,74	
400,934	58,02	
401,187	205,33	
401,44	89,59	
401,693	63,28	
401,946	33,47	
402,199	179,03	
402,452	136,94	
402,704	159,74	
402,957	187,79	
403,21	142,2	
403,463	73,8	
403,716	17,68	
403,969	166,75	
404,221	93,09	
404,474	256,19	
404,727	186,04	
404,98	263,21	
405,232	247,42	
405,485	112,38	
405,738	115,89	
405,99	-27,91	
406,243	186,04	
406,496	-48,96	
406,748	184,29	
407,001	354,4	
407,253	152,72	
407,506	203,58	
407,759	349,14	
408,011	161,49	
408,264	368,43	
408,516	293,02	
408,769	261,45	
409,021	271,97	
409,274	222,87	
409,526	350,89	
409,778	373,69	
410,031	326,34	
410,283	510,48	
410,536	233,39	
410,788	205,33	
411,04	294,77	
411,293	256,19	
411,545	229,88	
411,797	70,3	
412,049	364,92	
412,302	405,26	
412,554	122,91	
412,806	549,06	
413,058	370,18	
413,311	433,32	
413,563	394,73	
413,815	498,2	
414,067	480,67	
414,319	678,84	
414,571	257,94	
414,823	403,5	
415,075	510,48	
415,328	400	
415,58	517,5	
415,832	366,67	
416,084	684,1	
416,336	598,17	
416,588	457,87	
416,84	387,72	
417,091	540,29	
417,343	508,73	
417,595	491,19	
417,847	529,77	
418,099	645,52	
418,351	510,48	
418,603	438,58	
418,855	587,64	
419,106	656,04	
419,358	822,64	
419,61	671,82	
419,862	799,85	
420,114	619,21	
420,365	887,53	
420,617	775,29	
420,869	1026,08	
421,12	741,97	
421,372	884,02	
421,624	940,14	
421,875	947,16	
422,127	985,74	
422,379	976,97	
422,63	917,35	
422,882	927,87	
423,133	931,37	
423,385	975,22	
423,636	975,22	
423,888	1040,11	
424,139	1182,16	
424,391	1138,31	
424,642	868,24	
424,894	1152,34	
425,145	1224,25	
425,396	1185,67	
425,648	1231,26	
425,899	1127,79	
426,151	1283,87	
426,402	1350,52	
426,653	1218,99	
426,905	1403,13	
427,156	1541,67	
427,407	1348,76	
427,658	1655,66	
427,91	1492,57	
428,161	1432,94	
428,412	1531,15	
428,663	1571,48	
428,914	1552,19	
429,166	1639,88	
429,417	1971,33	
429,668	1676,71	
429,919	1913,46	
430,17	1887,16	
430,421	2001,15	
430,672	1867,86	
430,923	1853,83	
431,174	2106,37	
431,425	2032,71	
431,676	2059,02	
431,927	2122,16	
432,178	2255,44	
432,429	2241,41	
432,68	2411,52	
432,931	2322,08	
433,182	2451,86	
433,433	2248,42	
433,683	2304,54	
433,934	2544,8	
434,185	2562,34	
434,436	2739,47	
434,687	2742,97	
434,937	2809,62	
435,188	2853,46	
435,439	2928,87	
435,69	2858,72	
435,94	3120,03	
436,191	3191,93	
436,442	3302,41	
436,692	3609,31	
436,943	3430,43	
437,194	3481,29	
437,444	3621,59	
437,695	3807,49	
437,945	3518,12	
438,196	3702,26	
438,447	3935,51	
438,697	3875,88	
438,948	3919,72	
439,198	4110,88	
439,449	4312,56	
439,699	4309,05	
439,949	4619,46	
440,2	4477,41	
440,45	4624,72	
440,701	4929,87	
440,951	4819,39	
441,201	4942,15	
441,452	5131,55	
441,702	5401,62	
441,952	5084,2	
442,203	5547,18	
442,453	5587,52	
442,703	5766,4	
442,953	5620,84	
443,204	6006,66	
443,454	6168	
443,704	6271,47	
443,954	6273,23	
444,204	6871,25	
444,455	6906,32	
444,705	6969,45	
444,955	7237,77	
445,205	7176,39	
445,455	7316,69	
445,705	7646,39	
445,955	7811,24	
446,205	7813	
446,455	8233,89	
446,705	8377,7	
446,955	8668,82	
447,205	8737,21	
447,455	8837,17	
447,705	9068,67	
447,955	9533,4	
448,205	9633,36	
448,454	10059,52	
448,704	10026,2	
448,954	9847,32	
449,204	10282,24	
449,454	10981,98	
449,704	10783,81	
449,953	10978,47	
450,203	11506,34	
450,453	11685,22	
450,703	11560,71	
450,952	11918,47	
451,202	12116,64	
451,452	11651,9	
451,701	12341,12	
451,951	12916,34	
452,201	13077,68	
452,45	13114,51	
452,7	13025,07	
452,949	12830,41	
453,199	13324,96	
453,448	13517,87	
453,698	13644,14	
453,947	13863,35	
454,197	13866,86	
454,446	14380,7	
454,696	13702,01	
454,945	14143,95	
455,195	14380,7	
455,444	14024,7	
455,693	14228,13	
455,943	14184,28	
456,192	14594,66	
456,442	14168,5	
456,691	14633,24	
456,94	14496,45	
457,189	14287,75	
457,439	14489,43	
457,688	14126,41	
457,937	13996,64	
458,186	13868,61	
458,436	14028,2	
458,685	13787,94	
458,934	13870,37	
459,183	13619,58	
459,432	14108,87	
459,681	13344,25	
459,93	13830,03	
460,179	13605,56	
460,429	13503,84	
460,678	13170,63	
460,927	13177,65	
461,176	13114,51	
461,425	13093,47	
461,674	12874,25	
461,923	12774,29	
462,172	12791,83	
462,42	12840,93	
462,669	12335,86	
462,918	12304,29	
463,167	12842,68	
463,416	12353,39	
463,665	12206,08	
463,914	12539,29	
464,162	12235,89	
464,411	12667,31	
464,66	12295,52	
464,909	11899,18	
465,158	11760,64	
465,406	12581,38	
465,655	12018,43	
465,904	11993,88	
466,152	11753,62	
466,401	11795,71	
466,65	11567,73	
466,898	11444,96	
467,147	11576,49	
467,395	12044,74	
467,644	11402,87	
467,893	11892,16	
468,141	11357,28	
468,39	11167,88	
468,638	11271,35	
468,887	11483,55	
469,135	11045,11	
469,384	11587,02	
469,632	11145,08	
469,88	11197,69	
470,129	11271,35	
470,377	11073,17	
470,626	10850,45	
470,874	10878,51	
471,122	11136,31	
471,371	11131,05	
471,619	10827,65	
471,867	10867,99	
472,115	10741,72	
472,364	10561,09	
472,612	10559,33	
472,86	10561,09	
473,108	10848,7	
473,356	10701,38	
473,605	10603,18	
473,853	10641,76	
474,101	10361,16	
474,349	10357,65	
474,597	10571,61	
474,845	10343,62	
475,093	10138,44	
475,341	10405	
475,589	10497,95	
475,837	10177,02	
476,085	10382,21	
476,333	10056,01	
476,581	10448,85	
476,829	10392,73	
477,077	10338,36	
477,325	10152,47	
477,573	10185,79	
477,821	10140,19	
478,069	10098,1	
478,317	10390,97	
478,564	10168,25	
478,812	10341,87	
479,06	10006,91	
479,308	10417,28	
479,555	10312,06	
479,803	10497,95	
480,051	10133,18	
480,299	10417,28	
480,546	10334,86	
480,794	10773,29	
481,042	10883,77	
481,289	10817,13	
481,537	10478,66	
481,784	10497,95	
482,032	10878,51	
482,28	10957,43	
482,527	10773,29	
482,775	10790,82	
483,022	10718,92	
483,27	11145,08	
483,517	11008,29	
483,765	11425,67	
484,012	11325,71	
484,259	11394,11	
484,507	11330,97	
484,754	11553,7	
485,002	11720,3	
485,249	11634,37	
485,496	11574,74	
485,744	12097,35	
485,991	11836,05	
486,238	11923,73	
486,486	12121,9	
486,733	12218,36	
486,98	12434,07	
487,227	12665,56	
487,474	12621,71	
487,722	12327,09	
487,969	12583,13	
488,216	12893,54	
488,463	12932,12	
488,71	12995,26	
488,957	12967,2	
489,204	13316,19	
489,451	13438,95	
489,699	13507,35	
489,946	13559,96	
490,193	13833,54	
490,44	13980,85	
490,687	13947,53	
490,934	14103,61	
491,18	14287,75	
491,427	14684,1	
491,674	14424,55	
491,921	14647,27	
492,168	14577,12	
492,415	14813,87	
492,662	14724,43	
492,909	15124,28	
493,155	15013,8	
493,402	15571,48	
493,649	15073,42	
493,896	15308,42	
494,142	15859,09	
494,389	15832,79	
494,636	15862,6	
494,883	16041,48	
495,129	16187,04	
495,376	16539,54	
495,623	16360,66	
495,869	16379,95	
496,116	16827,15	
496,362	17095,47	
496,609	17419,91	
496,855	17077,93	
497,102	17069,16	
497,348	17293,64	
497,595	17444,46	
497,841	17853,08	
498,088	17835,54	
498,334	17702,26	
498,581	18056,51	
498,827	18023,19	
499,074	18570,35	
499,32	18558,08	
499,566	18663,3	
499,813	18928,11	
500,059	19042,11	
500,305	19526,14	
500,552	19620,84	
500,798	19438,45	
501,044	19543,67	
501,29	19705,02	
501,537	19897,93	
501,783	19843,56	
502,029	20194,31	
502,275	19773,41	
502,521	20460,87	
502,767	20367,92	
503,013	20860,72	
503,26	20923,86	
503,506	21011,54	
503,752	20755,5	
503,998	21251,8	
504,244	21214,97	
504,49	21257,06	
504,736	21858,59	
504,982	21425,42	
505,228	21644,64	
505,474	21918,22	
505,72	22290,01	
505,966	21990,12	
506,211	22307,55	
506,457	22342,62	
506,703	22745,98	
506,949	22398,74	
507,195	22442,58	
507,441	22842,43	
507,686	23035,34	
507,932	23244,04	
508,178	23084,45	
508,424	23601,8	
508,669	22977,47	
508,915	23593,03	
509,161	23622,84	
509,406	23631,61	
509,652	23763,14	
509,898	23927,99	
510,143	23942,02	
510,389	24022,69	
510,634	24196,31	
510,88	24629,48	
511,125	24006,91	
511,371	24782,05	
511,616	24797,84	
511,862	24860,97	
512,107	24459,37	
512,353	24920,6	
512,598	24655,78	
512,844	25129,29	
513,089	25220,48	
513,335	25122,28	
513,58	25387,09	
513,825	25350,26	
514,071	25159,1	
514,316	25800,97	
514,561	26014,92	
514,806	26135,93	
515,052	26097,35	
515,297	26046,49	
515,542	25837,8	
515,787	25958,8	
516,033	26128,92	
516,278	26400,74	
516,523	26034,21	
516,768	26299,03	
517,013	26442,83	
517,258	26156,97	
517,503	26884,77	
517,748	26670,82	
517,993	26700,63	
518,238	27077,68	
518,483	27044,36	
518,728	26712,91	
518,973	27082,94	
519,218	27000,52	
519,463	27219,73	
519,708	27158,35	
519,953	27314,43	
520,198	27300,4	
520,443	27721,3	
520,688	27442,46	
520,933	27680,96	
521,177	27647,64	
521,422	27886,15	
521,667	27717,79	
521,912	27661,67	
522,157	28138,69	
522,401	28098,35	
522,646	27968,57	
522,891	28179,02	
523,135	27919,47	
523,38	28094,84	
523,625	28606,93	
523,869	28022,94	
524,114	28661,3	
524,358	28763,01	
524,603	28289,51	
524,848	28345,63	
525,092	28619,21	
525,337	28713,91	
525,581	28515,74	
525,826	29005,03	
526,07	28826,15	
526,315	29008,53	
526,559	29140,06	
526,803	29489,05	
527,048	29376,82	
527,292	29354,02	
527,537	29332,97	
527,781	29338,23	
528,025	29096,22	
528,269	29818,76	
528,514	29329,47	
528,758	29459,24	
529,002	29606,55	
529,247	29885,4	
529,491	29787,19	
529,735	29587,26	
529,979	29746,85	
530,223	29866,11	
530,467	29582	
530,712	30192,3	
530,956	29394,35	
531,2	30139,69	
531,444	30034,46	
531,688	29811,74	
531,932	30215,1	
532,176	30213,34	
532,42	29722,3	
532,664	30052	
532,908	30800,84	
533,152	30016,93	
533,396	30716,66	
533,64	30758,75	
533,884	30183,53	
534,128	30218,6	
534,371	30730,69	
534,615	30548,31	
534,859	31063,9	
535,103	30835,92	
535,347	30860,47	
535,59	30551,81	
535,834	30972,71	
536,078	31097,22	
536,322	30748,23	
536,565	31006,03	
536,809	31300,65	
537,053	30999,01	
537,296	30727,19	
537,54	30970,95	
537,784	31323,45	
538,027	31256,81	
538,271	31632,11	
538,514	31107,74	
538,758	31372,56	
539,001	31689,98	
539,245	31835,54	
539,488	31325,21	
539,732	32026,7	
539,975	31914,46	
540,219	31917,97	
540,462	31893,41	
540,706	31924,98	
540,949	31865,35	
541,192	32261,7	
541,436	32133,67	
541,679	32047,74	
541,922	32035,47	
542,166	32377,44	
542,409	32098,6	
542,652	32070,54	
542,895	32854,46	
543,139	32449,34	
543,382	32577,37	
543,625	32779,05	
543,868	33014,04	
544,111	32472,14	
544,354	32943,9	
544,598	32733,45	
544,841	32831,66	
545,084	33555,95	
545,327	33687,48	
545,57	32935,13	
545,813	32910,57	
546,056	33292,89	
546,299	33243,78	
546,542	33356,02	
546,785	32985,99	
547,028	33696,24	
547,271	33666,43	
547,514	33578,74	
547,756	33627,85	
547,999	33976,84	
548,242	33562,96	
548,485	33745,35	
548,728	34031,21	
548,971	34203,07	
549,213	34281,99	
549,456	34082,06	
549,699	34078,56	
549,942	34110,12	
550,184	34294,26	
550,427	34445,09	
550,67	34720,42	
550,912	34588,89	
551,155	34306,54	
551,398	34638	
551,64	34678,33	
551,883	35207,96	
552,125	34925,61	
552,368	35151,84	
552,61	34827,4	
552,853	35677,96	
553,095	35002,77	
553,338	35146,58	
553,58	35402,62	
553,823	35388,59	
554,065	35286,87	
554,308	35634,11	
554,55	35221,99	
554,792	35918,22	
555,035	36086,57	
555,277	35727,06	
555,519	36307,54	
555,762	36026,95	
556,004	36025,19	
556,246	35863,85	
556,488	36430,3	
556,731	36637,24	
556,973	36468,89	
557,215	36498,7	
557,457	36418,03	
557,699	36793,32	
557,941	36731,94	
558,183	36570,6	
558,426	36619,71	
558,668	37193,17	
558,91	37258,06	
559,152	37379,07	
559,394	37301,91	
559,636	37098,47	
559,878	37075,67	
560,12	37512,35	
560,362	37775,41	
560,604	37666,68	
560,845	37642,13	
561,087	38301,53	
561,329	37733,32	
561,571	38208,58	
561,813	38245,41	
562,055	39029,33	
562,297	38068,28	
562,538	38994,25	
562,78	38734,7	
563,022	38871,49	
563,264	38636,49	
563,505	39474,77	
563,747	39099,48	
563,989	39513,35	
564,23	39455,48	
564,472	39860,59	
564,714	39921,97	
564,955	40428,8	
565,197	39748,35	
565,438	40472,64	
565,68	40532,27	
565,921	40870,74	
566,163	41409,13	
566,404	41496,82	
566,646	41395,1	
566,887	41502,08	
567,129	41868,61	
567,37	42322,82	
567,612	41917,71	
567,853	42533,27	
568,094	42584,13	
568,336	43380,32	
568,577	43671,44	
568,818	43541,66	
569,06	43499,57	
569,301	44253,68	
569,542	44336,1	
569,783	44720,17	
570,025	44497,44	
570,266	44602,67	
570,507	45284,87	
570,748	45295,39	
570,989	45055,13	
571,23	45635,61	
571,472	45744,34	
571,713	45877,63	
571,954	45693,49	
572,195	45763,64	
572,436	45642,63	
572,677	45728,56	
572,918	45718,04	
573,159	46033,71	
573,4	46244,16	
573,641	46193,3	
573,882	46454,6	
574,123	46270,46	
574,364	46112,63	
574,604	46414,27	
574,845	46037,22	
575,086	46189,79	
575,327	46749,23	
575,568	46743,97	
575,809	46116,13	
576,049	46871,99	
576,29	46221,36	
576,531	46589,64	
576,771	46680,83	
577,012	46272,22	
577,253	46542,29	
577,494	46580,87	
577,734	46684,34	
577,975	46400,24	
578,215	47455,98	
578,456	46552,81	
578,697	47042,1	
578,937	47173,63	
579,178	47192,92	
579,418	47159,6	
579,659	46544,04	
579,899	47303,41	
580,14	47275,35	
580,38	47473,52	
580,62	47450,72	
580,861	47222,74	
581,101	47596,28	
581,342	47631,35	
581,582	47273,59	
581,822	47778,67	
582,063	47671,69	
582,303	47910,2	
582,543	47903,18	
582,783	48222,36	
583,024	47566,47	
583,264	47833,03	
583,504	48317,06	
583,744	48113,63	
583,984	48213,59	
584,224	48481,91	
584,465	48699,37	
584,705	47885,64	
584,945	48453,85	
585,185	48208,33	
585,425	48550,31	
585,665	48718,66	
585,905	48595,9	
586,145	48851,95	
586,385	49160,6	
586,625	48927,36	
586,865	49372,8	
587,105	48953,66	
587,345	49302,66	
587,585	48994	
587,824	48881,76	
588,064	49904,18	
588,304	49213,21	
588,544	49297,39	
588,784	49476,27	
589,024	49816,5	
589,263	49309,67	
589,503	49904,18	
589,743	49714,78	
589,982	49811,24	
590,222	49998,88	
590,462	50097,09	
590,701	49755,12	
590,941	50281,23	
591,181	50382,95	
591,42	50440,82	
591,66	50581,12	
591,899	50211,09	
592,139	50667,05	
592,378	50738,96	
592,618	50816,12	
592,857	50770,52	
593,097	50740,71	
593,336	51529,89	
593,576	51147,58	
593,815	51379,07	
594,055	51528,13	
594,294	51801,72	
594,533	52326,08	
594,773	51836,79	
595,012	52801,34	
595,251	52457,61	
595,491	52780,29	
595,73	52864,47	
595,969	52924,1	
596,208	53024,06	
596,447	53195,93	
596,687	53886,9	
596,926	53557,2	
597,165	53565,96	
597,404	53620,33	
597,643	54484,92	
597,882	54128,91	
598,121	54356,89	
598,36	54567,34	
598,599	54683,09	
598,838	54865,48	
599,077	55175,88	
599,316	55577,49	
599,555	55286,37	
599,794	55512,6	
600,033	55842,3	
600,272	55635,36	
600,511	55886,14	
600,75	55586,26	
600,989	56115,88	
601,228	56105,36	
601,466	55994,87	
601,705	55830,02	
601,944	56047,49	
602,183	56459,61	
602,422	56110,62	
602,66	56045,73	
602,899	56163,23	
603,138	56103,61	
603,376	56193,05	
603,615	56086,07	
603,854	55730,06	
604,092	55382,82	
604,331	55872,11	
604,569	55817,75	
604,808	55253,05	
605,047	55442,45	
605,285	55065,4	
605,524	55521,37	
605,762	55058,38	
606	54863,72	
606,239	54463,87	
606,477	55160,1	
606,716	54665,55	
606,954	54427,04	
607,193	54486,67	
607,431	54444,58	
607,669	54102,6	
607,908	54202,57	
608,146	53427,42	
608,384	53576,49	
608,622	53471,26	
608,861	53274,85	
609,099	53466	
609,337	52878,5	
609,575	53173,13	
609,813	52625,97	
610,052	52752,23	
610,29	52266,45	
610,528	52087,57	
610,766	51319,44	
611,004	51670,19	
611,242	51554,44	
611,48	51687,72	
611,718	51335,22	
611,956	51154,59	
612,194	50775,79	
612,432	50595,15	
612,67	50647,76	
612,908	50358,4	
613,146	50325,08	
613,384	50377,69	
613,621	49830,53	
613,859	49930,49	
614,097	49428,92	
614,335	49895,41	
614,573	48978,22	
614,811	49518,36	
615,048	49169,37	
615,286	49213,21	
615,524	48783,55	
615,761	48576,61	
615,999	48460,87	
616,237	48378,44	
616,474	48350,38	
616,712	47890,91	
616,95	48018,93	
617,187	47613,82	
617,425	47761,13	
617,662	47568,22	
617,9	48015,42	
618,137	47364,79	
618,375	47035,09	
618,612	46670,31	
618,85	47082,44	
619,087	46791,32	
619,325	46798,33	
619,562	46612,44	
619,799	46672,07	
620,037	46100,35	
620,274	46579,12	
620,511	45737,33	
620,749	45651,4	
620,986	45547,93	
621,223	45718,04	
621,461	45269,08	
621,698	45461,99	
621,935	44683,34	
622,172	44988,49	
622,409	45060,39	
622,647	45105,99	
622,884	44044,98	
623,121	44332,59	
623,358	43850,32	
623,595	44141,44	
623,832	43809,98	
624,069	43838,04	
624,306	43911,7	
624,543	43680,21	
624,78	42766,52	
625,017	43580,25	
625,254	43275,1	
625,491	42638,49	
625,728	42803,35	
625,965	42934,87	
626,202	42212,34	
626,438	42606,93	
626,675	42356,14	
626,912	42070,29	
627,149	41963,31	
627,386	41833,53	
627,622	41744,09	
627,859	41319,69	
628,096	41472,27	
628,333	41470,51	
628,569	41391,6	
628,806	41217,98	
629,043	40448,09	
629,279	40397,23	
629,516	40649,77	
629,752	40328,84	
629,989	39769,4	
630,225	40074,55	
630,462	39523,88	
630,699	39755,37	
630,935	39499,32	
631,171	39143,32	
631,408	38927,61	
631,644	39104,74	
631,881	38455,86	
632,117	38590,89	
632,354	38177,02	
632,59	38392,72	
632,826	38252,43	
633,063	38187,54	
633,299	37887,65	
633,535	37926,23	
633,771	37573,73	
634,008	37230	
634,244	37019,56	
634,48	36987,99	
634,716	36958,18	
634,953	36866,98	
635,189	36260,19	
635,425	36902,06	
635,661	36139,19	
635,897	36200,57	
636,133	35976,09	
636,369	35795,45	
636,605	36102,36	
636,841	35528,89	
637,077	35590,27	
637,313	34972,96	
637,549	35181,65	
637,785	34636,24	
638,021	34820,38	
638,257	34415,27	
638,493	33920,72	
638,729	34317,06	
638,965	34478,41	
639,2	34245,16	
639,436	33084,19	
639,672	33840,05	
639,908	33336,73	
640,144	32747,48	
640,379	33168,37	
640,615	32812,37	
640,851	32758	
641,086	32451,1	
641,322	32644,01	
641,558	32075,8	
641,793	31900,43	
642,029	32168,75	
642,264	31607,56	
642,5	31704,01	
642,736	31363,79	
642,971	30925,36	
643,207	31242,78	
643,442	30849,95	
643,678	30742,97	
643,913	30811,36	
644,148	30209,84	
644,384	30716,66	
644,619	30197,56	
644,855	29578,49	
645,09	29960,81	
645,325	29634,61	
645,561	29587,26	
645,796	29331,22	
646,031	28985,74	
646,266	28983,98	
646,502	29024,32	
646,737	28443,83	
646,972	29090,96	
647,207	28233,39	
647,442	28022,94	
647,678	28315,81	
647,913	28321,07	
648,148	27573,99	
648,383	27945,78	
648,618	27395,11	
648,853	27291,64	
649,088	27533,65	
649,323	26802,35	
649,558	27223,24	
649,793	26600,67	
650,028	26982,98	
650,263	26560,33	
650,498	26093,84	
650,733	26269,21	
650,968	26079,81	
651,202	25555,45	
651,437	25895,67	
651,672	25732,57	
651,907	25409,89	
652,142	25332,72	
652,376	24704,89	
652,611	25334,48	
652,846	24889,03	
653,081	24699,63	
653,315	24471,64	
653,55	24382,2	
653,785	23917,47	
654,019	24227,88	
654,254	23705,27	
654,488	23935	
654,723	24136,68	
654,958	23300,15	
655,192	23287,88	
655,427	22995,01	
655,661	23123,03	
655,896	23351,01	
656,13	22728,44	
656,364	22624,97	
656,599	22439,07	
656,833	22461,87	
657,068	22151,46	
657,302	22091,84	
657,536	21907,7	
657,771	21656,91	
658,005	21709,52	
658,239	21432,44	
658,474	21111,5	
658,708	21088,71	
658,942	21409,64	
659,176	21134,3	
659,41	21136,06	
659,645	20995,76	
659,879	20164,49	
660,113	20436,32	
660,347	21039,6	
660,581	20499,45	
660,815	20029,45	
661,049	19687,48	
661,283	19897,93	
661,517	19645,39	
661,751	19561,21	
661,985	19406,88	
662,219	19108,75	
662,453	19213,97	
662,687	18817,63	
662,921	18568,6	
663,155	18828,15	
663,389	18594,91	
663,622	18612,44	
663,856	18323,08	
664,09	18117,89	
664,324	17935,51	
664,558	18068,79	
664,791	17884,65	
665,025	17612,82	
665,259	17893,42	
665,492	17325,21	
665,726	17405,88	
665,96	16923,61	
666,193	17069,16	
666,427	17041,11	
666,661	17258,57	
666,894	16320,32	
667,128	16621,96	
667,361	16464,13	
667,595	16569,35	
667,828	16362,41	
668,062	16327,34	
668,295	15808,24	
668,529	16160,73	
668,762	15936,26	
668,995	15717,04	
669,229	15660,92	
669,462	15594,28	
669,695	15420,66	
669,929	15304,92	
670,162	15289,13	
670,395	14987,49	
670,629	14855,96	
670,862	15075,18	
671,095	14638,5	
671,328	14394,73	
671,561	14489,43	
671,795	14312,31	
672,028	14375,44	
672,261	13947,53	
672,494	13937,01	
672,727	13945,78	
672,96	13984,36	
673,193	13945,78	
673,426	13679,21	
673,659	13509,1	
673,892	13382,83	
674,125	13388,09	
674,358	13509,1	
674,591	13246,04	
674,824	12972,46	
675,057	13032,09	
675,29	13047,87	
675,523	12747,98	
675,755	12953,17	
675,988	12767,27	
676,221	12309,55	
676,454	12327,09	
676,687	12360,41	
676,919	12641,01	
677,152	11832,54	
677,385	11997,39	
677,617	11757,13	
677,85	12042,98	
678,083	11590,52	
678,315	11583,51	
678,548	11557,2	
678,78	11383,58	
679,013	11541,42	
679,246	11448,47	
679,478	11234,52	
679,711	11406,38	
679,943	10853,96	
680,175	11185,41	
680,408	11060,9	
680,64	10736,46	
680,873	10696,12	
681,105	10708,4	
681,338	10704,89	
681,57	10461,12	
681,802	10343,62	
682,034	10124,41	
682,267	9947,28	
682,499	10233,14	
682,731	10154,22	
682,964	10203,33	
683,196	9887,66	
683,428	9784,19	
683,66	9749,11	
683,892	9940,27	
684,124	9438,7	
684,356	9561,46	
684,589	9531,65	
684,821	9496,57	
685,053	9293,14	
685,285	9473,78	
685,517	9303,66	
685,749	9156,35	
685,981	9131,8	
686,213	8928,37	
686,445	8909,08	
686,676	8677,58	
686,908	8617,96	
687,14	8675,83	
687,372	8977,47	
687,604	8493,44	
687,836	8819,64	
688,068	8565,35	
688,299	8297,03	
688,531	8156,73	
688,763	8205,83	
688,995	8228,63	
689,226	7988,37	
689,458	7907,7	
689,69	8223,37	
689,921	7848,07	
690,153	7746,36	
690,384	7595,53	
690,616	7709,53	
690,848	7695,5	
691,079	7644,64	
691,311	7471,02	
691,542	7588,52	
691,774	7297,4	
692,005	7343	
692,237	7367,55	
692,468	7241,28	
692,699	7300,91	
692,931	6965,95	
693,162	7044,86	
693,393	6913,34	
693,625	6881,77	
693,856	6687,1	
694,087	6771,28	
694,319	6794,08	
694,55	6699,38	
694,781	6620,46	
695,012	6499,46	
695,243	6260,95	
695,475	6397,74	
695,706	6623,97	
695,937	6213,6	
696,168	6324,08	
696,399	6267,96	
696,63	6055,76	
696,861	5955,8	
697,092	6020,69	
697,323	6054,01	
697,554	5931,25	
697,785	5938,26	
698,016	5890,91	
698,247	5769,91	
698,478	5820,76	
698,709	5685,73	
698,94	5727,82	
699,171	5494,57	
699,401	5829,53	
699,632	5350,77	
699,863	5492,82	
700,094	5419,16	
700,325	5401,62	
700,555	5494,57	
700,786	5501,59	
701,017	5210,47	
701,247	5247,3	
701,478	5319,2	
701,709	5050,88	
701,939	5212,22	
702,17	5178,9	
702,401	5126,29	
702,631	5092,97	
702,862	4800,1	
703,092	4982,48	
703,323	4640,51	
703,553	4768,53	
703,784	4859,72	
704,014	4879,01	
704,244	4665,06	
704,475	4749,24	
704,705	4593,16	
704,936	4515,99	
705,166	4679,09	
705,396	4386,22	
705,627	4537,04	
705,857	4540,54	
706,087	4393,23	
706,317	4242,41	
706,548	4345,88	
706,778	4386,22	
707,008	4409,01	
707,238	4065,28	
707,468	4126,66	
707,698	3981,1	
707,928	4058,27	
708,158	4054,76	
708,389	3977,6	
708,619	4202,07	
708,849	3858,34	
709,079	3889,91	
709,309	4042,49	
709,539	3874,13	
709,768	3807,49	
709,998	3663,68	
710,228	3700,51	
710,458	3725,06	
710,688	3735,58	
710,918	3484,8	
711,148	3440,96	
711,378	3658,42	
711,607	3593,53	
711,837	3363,79	
712,067	3456,74	
712,297	3433,94	
712,526	3405,88	
712,756	3398,87	
712,986	3216,48	
713,215	3309,43	
713,445	3395,36	
713,674	3227	
713,904	3293,64	
714,134	3212,97	
714,363	3211,22	
714,593	3084,95	
714,822	3000,77	
715,052	3083,2	
715,281	3312,94	
715,511	2941,15	
715,74	3046,37	
715,969	3169,13	
716,199	3163,87	
716,428	2802,6	
716,657	2855,21	
716,887	2992	
717,116	2930,62	
717,345	2849,95	
717,575	2900,81	
717,804	2720,18	
718,033	2704,39	
718,262	2671,07	
718,492	2721,93	
718,721	2967,45	
718,95	2600,92	
719,179	2711,41	
719,408	2527,27	
719,637	2537,79	
719,866	2534,28	
720,095	2467,64	
720,324	2735,96	
720,553	2525,51	
720,782	2555,33	
721,011	2504,47	
721,24	2425,55	
721,469	2309,8	
721,698	2337,86	
721,927	2364,17	
722,156	2488,68	
722,385	2404,5	
722,613	2157,23	
722,842	2360,66	
723,071	2099,36	
723,3	2250,18	
723,529	2225,62	
723,757	2167,75	
723,986	2094,1	
724,215	2153,72	
724,443	2151,97	
724,672	2136,18	
724,901	2134,43	
725,129	2090,59	
725,358	2106,37	
725,586	1892,42	
725,815	2111,63	
726,043	2122,16	
726,272	2113,39	
726,5	2206,33	
726,729	2032,71	
726,957	1952,04	
727,186	1999,39	
727,414	1866,11	
727,642	1669,69	
727,871	2187,04	
728,099	2125,66	
728,327	1948,54	
728,556	1931	
728,784	1976,6	
729,012	1583,76	
729,241	1836,3	
729,469	1818,76	
729,697	1750,37	
729,925	1864,36	
730,153	1720,55	
730,381	1503,09	
730,61	1725,81	
730,838	1673,2	
731,066	1671,45	
731,294	1732,83	
731,522	1606,56	
731,75	1745,1	
731,978	1799,47	
732,206	1578,5	
732,434	1482,04	
732,662	1667,94	
732,89	1636,37	
733,118	1596,04	
733,346	1475,03	
733,573	1620,59	
733,801	1587,27	
734,029	1504,84	
734,257	1318,95	
734,485	1487,31	
734,712	1443,46	
734,94	1385,59	
735,168	1364,55	
735,396	1404,88	
735,623	1369,81	
735,851	1418,91	
736,078	1350,52	
736,306	1315,44	
736,534	1382,08	
736,761	1248,8	
736,989	1396,11	
737,216	1476,78	
737,444	1718,8	
737,671	1282,12	
737,899	1618,84	
738,126	1446,97	
738,354	1115,52	
738,581	1457,49	
738,809	1299,66	
739,036	1222,49	
739,263	1280,37	
739,491	1254,06	
739,718	1352,27	
739,945	1143,58	
740,173	1318,95	
740,4	1080,44	
740,627	1173,39	
740,854	1075,18	
741,081	1131,3	
741,309	1257,57	
741,536	1113,76	
741,763	1059,4	
741,99	1059,4	
742,217	1122,53	
742,444	915,59	
742,671	969,96	
742,898	1001,52	
743,125	1036,6	
743,352	1299,66	
743,579	1062,9	
743,806	894,55	
744,033	1001,52	
744,26	987,49	
744,487	1087,46	
744,714	989,25	
744,941	891,04	
745,167	1075,18	
745,394	962,94	
745,621	1099,73	
745,848	896,3	
746,075	1036,6	
746,301	992,76	
746,528	792,83	
746,755	756	
746,981	917,35	
747,208	998,02	
747,435	1122,53	
747,661	938,39	
747,888	787,57	
748,114	875,26	
748,341	978,73	
748,567	1036,6	
748,794	748,99	
749,02	905,07	
749,247	840,18	
749,473	947,16	
749,7	1159,36	
749,926	1019,06	
750,152	650,78	
750,379	1015,55	
750,605	969,96	
750,831	884,02	
751,058	855,96	
751,284	861,23	
751,51	738,46	
751,737	852,46	
751,963	875,26	
752,189	671,82	
752,415	682,35	
752,641	838,43	
752,867	803,35	
753,094	836,67	
753,32	854,21	
753,546	799,85	
753,772	838,43	
753,998	891,04	
754,224	677,08	
754,45	794,58	
754,676	636,75	
754,902	736,71	
755,128	899,81	
755,354	736,71	
755,579	782,31	
755,805	563,09	
756,031	787,57	
756,257	659,55	
756,483	552,57	
756,709	750,74	
756,934	670,07	
757,16	736,71	
757,386	738,46	
757,612	657,79	
757,837	664,81	
758,063	620,97	
758,289	678,84	
758,514	687,61	
758,74	731,45	
758,965	738,46	
759,191	610,44	
759,416	387,72	
759,642	471,9	
759,868	449,1	
760,093	452,61	
760,318	492,94	
760,544	533,28	
760,769	480,67	
760,995	524,51	
761,22	484,17	
761,445	708,65	
761,671	727,94	
761,896	491,19	
762,121	429,81	
762,347	349,14	
762,572	650,78	
762,797	485,93	
763,022	506,97	
763,248	389,47	
763,473	563,09	
763,698	506,97	
763,923	554,32	
764,148	452,61	
764,373	599,92	
764,598	564,85	
764,823	564,85	
765,048	521	
765,273	740,22	
765,498	459,62	
765,723	522,76	
765,948	442,09	
766,173	389,47	
766,398	322,83	
766,623	684,1	
766,848	305,29	
767,073	356,15	
767,298	445,59	
767,522	366,67	
767,747	347,38	
767,972	428,06	
768,197	349,14	
768,421	333,35	
768,646	284,25	
768,871	343,88	
769,095	289,51	
769,32	415,78	
769,545	477,16	
769,769	368,43	
769,994	212,35	
770,218	284,25	
770,443	249,18	
770,667	366,67	
770,892	463,13	
771,116	382,46	
771,341	392,98	
771,565	456,11	
771,79	326,34	
772,014	205,33	
772,238	326,34	
772,463	303,54	
772,687	412,27	
772,911	259,7	
773,136	519,25	
773,36	263,21	
773,584	294,77	
773,808	394,73	
774,033	289,51	
774,257	492,94	
774,481	242,16	
774,705	317,57	
774,929	319,32	
775,153	364,92	
775,377	249,18	
775,602	101,86	
775,826	322,83	
776,05	186,04	
776,274	201,82	
776,498	165	
776,722	291,26	
776,945	440,33	
777,169	56,27	
777,393	240,41	
777,617	287,76	
777,841	217,61	
778,065	278,99	
778,289	342,12	
778,512	333,35	
778,736	356,15	
778,96	156,23	
779,184	307,05	
779,407	310,56	
779,631	347,38	
779,855	198,32	
780,078	343,88	
780,302	219,36	
780,526	319,32	
780,749	221,12	
780,973	186,04	
781,196	314,06	
781,42	196,56	
781,643	186,04	
781,867	143,95	
782,09	217,61	
782,314	135,18	
782,537	247,42	
782,76	179,03	
782,984	273,73	
783,207	51	
783,431	175,52	
783,654	157,98	
783,877	105,37	
784,1	131,68	
784,324	252,68	
784,547	219,36	
784,77	70,3	
784,993	208,84	
785,216	310,56	
785,44	58,02	
785,663	266,71	
785,886	100,11	
786,109	243,91	
786,332	329,85	
786,555	172,01	
786,778	257,94	
787,001	157,98	
787,224	107,12	
787,447	93,09	
787,67	56,27	
787,893	138,69	
788,116	-17,39	
788,339	105,37	
788,561	56,27	
788,784	208,84	
789,007	51	
789,23	308,8	
789,453	138,69	
789,675	226,38	
789,898	163,24	
790,121	179,03	
790,344	271,97	
790,566	261,45	
790,789	228,13	
791,012	168,5	
791,234	277,23	
791,457	198,32	
791,679	186,04	
791,902	84,33	
792,124	65,03	
792,347	-70	
792,569	105,37	
792,792	42,24	
793,014	29,96	
793,237	207,09	
793,459	36,97	
793,681	89,59	
793,904	173,77	
794,126	87,83	
794,348	38,73	
794,571	249,18	
794,793	307,05	
795,015	103,62	
795,237	49,25	
795,46	101,86	
795,682	-10,38	
795,904	100,11	
796,126	1,9	
796,348	387,72	
796,57	161,49	
796,792	140,44	
797,014	66,79	
797,237	63,28	
797,459	115,89	
797,681	187,79	
797,903	278,99	
798,124	35,22	
798,346	257,94	
798,568	70,3	
798,79	103,62	
799,012	79,06	
799,234	229,88	
799,456	12,42	
799,678	-1,61	
799,899	342,12	
800,121	105,37	
800,343	328,09	
800,565	271,97	
800,786	300,03	
801,008	135,18	
801,23	-54,22	
801,451	307,05	
801,673	1092,72	
801,895	128,17	
802,116	347,38	
802,338	105,37	
802,559	82,57	
802,781	142,2	
803,002	133,43	
803,224	157,98	
803,445	72,05	
803,667	128,17	
803,888	98,35	
804,109	198,32	
804,331	214,1	
804,552	112,38	
804,773	186,04	
804,995	-89,29	
805,216	179,03	
805,437	165	
805,658	275,48	
805,88	56,27	
806,101	84,33	
806,322	165	
806,543	161,49	
806,764	52,76	
806,985	250,93	
807,207	184,29	
807,428	175,52	
807,649	219,36	
807,87	52,76	
808,091	68,54	
808,312	52,76	
808,533	12,42	
808,754	7,16	
808,975	31,71	
809,195	-47,2	
809,416	136,94	
809,637	128,17	
809,858	79,06	
810,079	21,19	
810,3	94,85	
810,52	207,09	
810,741	126,41	
810,962	-77,02	
811,183	36,97	
811,403	143,95	
811,624	175,52	
811,845	349,14	
812,065	250,93	
812,286	-6,87	
812,506	329,85	
812,727	128,17	
812,948	170,26	
813,168	29,96	
813,389	12,42	
813,609	163,24	
813,83	94,85	
814,05	28,21	
814,27	7,16	
814,491	100,11	
814,711	59,77	
814,931	112,38	
815,152	121,15	
815,372	177,27	
815,592	17,68	
815,813	126,41	
816,033	15,93	
816,253	154,47	
816,473	263,21	
816,694	14,18	
816,914	-57,73	
817,134	59,77	
817,354	29,96	
817,574	112,38	
817,794	103,62	
818,014	-36,68	
818,234	-133,14	
818,454	157,98	
818,674	149,21	
818,894	86,08	
819,114	-43,7	
819,334	93,09	
819,554	63,28	
819,774	-38,44	
819,994	73,8	
820,214	72,05	
820,433	210,59	
820,653	40,48	
820,873	94,85	
821,093	0,15	
821,312	0,15	
821,532	-1,61	
821,752	-110,34	
821,972	-87,54	
822,191	-57,73	
822,411	275,48	
822,63	19,44	
822,85	133,43	
823,07	270,22	
823,289	33,47	
823,509	-175,23	
823,728	208,84	
823,948	19,44	
824,167	242,16	
824,387	117,65	
824,606	40,48	
824,825	100,11	
825,045	68,54	
825,264	35,22	
825,483	194,81	
825,703	8,91	
825,922	3,65	
826,141	233,39	
826,361	-8,62	
826,58	54,51	
826,799	-55,97	
827,018	129,92	
827,237	38,73	
827,456	-92,8	
827,676	-54,22	
827,895	128,17	
828,114	-38,44	
828,333	59,77	
828,552	-64,74	
828,771	136,94	
828,99	154,47	
829,209	10,67	
829,428	52,76	
829,647	86,08	
829,866	-38,44	
830,084	-19,14	
830,303	-27,91	
830,522	126,41	
830,741	168,5	
830,96	203,58	
831,179	91,34	
831,397	117,65	
831,616	89,59	
831,835	110,63	
832,053	96,6	
832,272	8,91	
832,491	114,14	
832,709	100,11	
832,928	152,72	
833,147	65,03	
833,365	0,15	
833,584	31,71	
833,802	119,4	
834,021	89,59	
834,239	38,73	
834,458	26,45	
834,676	38,73	
834,894	-40,19	
835,113	-22,65	
835,331	70,3	
835,55	61,53	
835,768	157,98	
835,986	-24,41	
836,204	107,12	
836,423	58,02	
836,641	58,02	
836,859	136,94	
837,077	238,65	
837,296	119,4	
837,514	105,37	
837,732	-13,88	
837,95	-143,66	
838,168	-1,61	
838,386	-22,65	
838,604	-15,64	
838,822	-12,13	
839,04	52,76	
839,258	198,32	
839,476	26,45	
839,694	177,27	
839,912	-73,51	
840,13	-98,06	
840,348	84,33	
840,566	152,72	
840,783	-55,97	
841,001	14,18	
841,219	15,93	
841,437	79,06	
841,655	-75,26	
841,872	222,87	
842,09	138,69	
842,308	-126,12	
842,525	129,92	
842,743	70,3	
842,961	8,91	
843,178	-68,25	
843,396	61,53	
843,613	287,76	
843,831	-71,76	
844,048	147,46	
844,266	49,25	
844,483	247,42	
844,701	8,91	
844,918	114,14	
845,136	-22,65	
845,353	-15,64	
845,57	101,86	
845,788	129,92	
846,005	217,61	
846,222	-127,88	
846,439	-92,8	
846,657	238,65	
846,874	0,15	
847,091	96,6	
847,308	-8,62	
847,526	8,91	
847,743	-57,73	
847,96	-89,29	
848,177	93,09	
848,394	-141,91	
848,611	7,16	
848,828	43,99	
849,045	249,18	
849,262	-55,97	
849,479	-1,61	
849,696	201,82	
849,913	42,24	
850,13	175,52	
850,347	107,12	
850,564	96,6	
850,78	135,18	
850,997	110,63	
851,214	12,42	
851,431	-52,47	
851,647	51	
851,864	-94,56	
852,081	-47,2	
852,298	96,6	
852,514	136,94	
852,731	105,37	
852,948	-115,6	
853,164	-66,5	
853,381	-43,7	
853,597	179,03	
853,814	-1,61	
854,03	-66,5	
854,247	-231,35	
854,463	-8,62	
854,68	-73,51	
854,896	-89,29	
855,113	35,22	
855,329	107,12	
855,545	-78,77	
855,762	49,25	
855,978	115,89	
856,194	142,2	
856,411	196,56	
856,627	-92,8	
856,843	-33,17	
857,059	-70	
857,275	-150,67	
857,492	103,62	
857,708	54,51	
857,924	115,89	
858,14	114,14	
858,356	101,86	
858,572	82,57	
858,788	82,57	
859,004	63,28	
859,22	-199,78	
859,436	-59,48	
859,652	103,62	
859,868	22,94	
860,084	-47,2	
860,3	336,86	
860,516	-66,5	
860,731	1,9	
860,947	168,5	
861,163	108,88	
861,379	75,56	
861,595	-66,5	
861,81	-52,47	
862,026	-50,71	
862,242	-70	
862,457	29,96	
862,673	136,94	
862,889	-6,87	
863,104	-15,64	
863,32	12,42	
863,535	0,15	
863,751	-62,99	
863,966	-43,7	
864,182	-15,64	
864,397	93,09	
864,613	93,09	
864,828	156,23	
865,044	149,21	
865,259	8,91	
865,474	31,71	
865,69	45,74	
865,905	52,76	
866,12	35,22	
866,336	133,43	
866,551	52,76	
866,766	45,74	
866,981	-84,03	
867,196	170,26	
867,412	96,6	
867,627	-38,44	
867,842	-84,03	
868,057	-36,68	
868,272	-17,39	
868,487	65,03	
868,702	-3,36	
868,917	121,15	
869,132	19,44	
869,347	-48,96	
869,562	14,18	
869,777	186,04	
869,992	-157,69	
870,207	-47,2	
870,422	-26,16	
870,636	-12,13	
870,851	14,18	
871,066	21,19	
871,281	45,74	
871,495	35,22	
871,71	-52,47	
871,925	-110,34	
872,14	-57,73	
872,354	105,37	
872,569	68,54	
872,783	-10,38	
872,998	52,76	
873,213	75,56	
873,427	47,5	
873,642	-12,13	
873,856	7,16	
874,071	0,15	
874,285	-120,86	
874,5	-1,61	
874,714	-70	
874,928	222,87	
875,143	-82,28	
875,357	-40,19	
875,571	-64,74	
875,786	-22,65	
876	191,3	
876,214	52,76	
876,429	-6,87	
876,643	107,12	
876,857	100,11	
877,071	-6,87	
877,285	-41,94	
877,499	-36,68	
877,714	-41,94	
877,928	-80,53	
878,142	-8,62	
878,356	29,96	
878,57	-117,35	
878,784	-75,26	
878,998	168,5	
879,212	233,39	
879,426	-38,44	
879,639	-115,6	
879,853	49,25	
880,067	138,69	
880,281	38,73	
880,495	-91,05	
880,709	-185,75	
880,922	138,69	
881,136	72,05	
881,35	-143,66	
881,564	-26,16	
881,777	3,65	
881,991	-71,76	
882,205	-140,15	
882,418	157,98	
882,632	-91,05	
882,845	59,77	
883,059	-15,64	
883,273	58,02	
883,486	-27,91	
883,7	124,66	
883,913	129,92	
884,126	22,94	
884,34	56,27	
884,553	96,6	
884,767	-85,79	
884,98	-122,61	
885,193	-45,45	
885,407	75,56	
885,62	68,54	
885,833	61,53	
886,046	-38,44	
886,26	-13,88	
886,473	93,09	
886,686	-43,7	
886,899	208,84	
887,112	-101,57	
887,326	1,9	
887,539	-140,15	
887,752	-64,74	
887,965	131,68	
888,178	70,3	
888,391	-122,61	
888,604	-47,2	
888,817	89,59	
889,03	72,05	
889,243	47,5	
889,455	7,16	
889,668	-62,99	
889,881	82,57	
890,094	157,98	
890,307	-1,61	
890,52	-113,85	
890,732	68,54	
890,945	72,05	
891,158	-161,2	
891,37	33,47	
891,583	-40,19	
891,796	22,94	
892,008	7,16	
892,221	163,24	
892,434	-43,7	
892,646	-126,12	
892,859	101,86	
893,071	180,78	
893,284	-98,06	
893,496	-61,23	
893,709	15,93	
893,921	56,27	
894,133	-68,25	
894,346	75,56	
894,558	-38,44	
894,771	98,35	
894,983	58,02	
895,195	-199,78	
895,407	-50,71	
895,62	-168,21	
895,832	-19,14	
896,044	66,79	
896,256	108,88	
896,468	117,65	
896,681	29,96	
896,893	-52,47	
897,105	-20,9	
897,317	-45,45	
897,529	43,99	
897,741	24,7	
897,953	45,74	
898,165	142,2	
898,377	-48,96	
898,589	52,76	
898,801	-73,51	
899,013	-20,9	
899,224	77,31	
899,436	-71,76	
899,648	63,28	
899,86	101,86	
900,072	100,11	
900,283	-99,82	
900,495	51	
900,707	54,51	
900,919	14,18	
901,13	154,47	
901,342	-103,32	
901,554	-157,69	
901,765	-12,13	
901,977	-96,31	
902,188	-54,22	
902,4	119,4	
902,611	129,92	
902,823	-31,42	
903,034	21,19	
903,246	214,1	
903,457	86,08	
903,669	129,92	
903,88	0,15	
904,091	-106,83	
904,303	38,73	
904,514	-112,09	
904,725	14,18	
904,936	72,05	
905,148	-96,31	
905,359	-41,94	
905,57	-89,29	
905,781	19,44	
905,992	-98,06	
906,204	-119,11	
906,415	-1,61	
906,626	38,73	
906,837	-54,22	
907,048	-85,79	
907,259	-5,12	
907,47	93,09	
907,681	-3,36	
907,892	87,83	
908,103	22,94	
908,314	91,34	
908,525	14,18	
908,735	21,19	
908,946	-3,36	
909,157	-3,36	
909,368	114,14	
909,579	22,94	
909,789	-8,62	
910	186,04	
910,211	24,7	
910,421	28,21	
910,632	-206,79	
910,843	12,42	
911,053	221,12	
911,264	-175,23	
911,475	-36,68	
911,685	73,8	
911,896	-5,12	
912,106	-59,48	
912,317	5,41	
912,527	15,93	
912,737	45,74	
912,948	-189,26	
913,158	-112,09	
913,369	75,56	
913,579	-55,97	
913,789	70,3	
914	-120,86	
914,21	142,2	
914,42	286	
914,63	-33,17	
914,841	15,93	
915,051	65,03	
915,261	31,71	
915,471	-162,95	
915,681	196,56	
915,891	49,25	
916,101	38,73	
916,311	87,83	
916,521	89,59	
916,731	180,78	
916,941	82,57	
917,151	115,89	
917,361	-24,41	
917,571	58,02	
917,781	-120,86	
917,991	-22,65	
918,201	136,94	
918,411	31,71	
918,621	172,01	
918,83	-29,67	
919,04	-12,13	
919,25	-91,05	
919,46	-157,69	
919,669	7,16	
919,879	156,23	
920,089	105,37	
920,298	-92,8	
920,508	112,38	
920,717	-71,76	
920,927	-20,9	
921,136	-250,64	
921,346	-1,61	
921,555	-106,83	
921,765	5,41	
921,974	-1,61	
922,184	-20,9	
922,393	173,77	
922,603	166,75	
922,812	-124,37	
923,021	33,47	
923,23	-36,68	
923,44	-22,65	
923,649	121,15	
923,858	28,21	
924,067	-57,73	
924,277	-1,61	
924,486	-113,85	
924,695	-62,99	
924,904	121,15	
925,113	-1,61	
925,322	-187,5	
925,531	-5,12	
925,74	-134,89	
925,949	24,7	
926,158	-110,34	
926,367	-27,91	
926,576	-122,61	
926,785	-5,12	
926,994	10,67	
927,203	-66,5	
927,412	33,47	
927,621	-17,39	
927,83	38,73	
928,038	42,24	
928,247	0,15	
928,456	29,96	
928,665	59,77	
928,873	14,18	
929,082	58,02	
929,291	29,96	
929,499	-13,88	
929,708	38,73	
929,916	-78,77	
930,125	-73,51	
930,333	108,88	
930,542	-96,31	
930,75	-80,53	
930,959	22,94	
931,167	-52,47	
931,376	31,71	
931,584	7,16	
931,793	-66,5	
932,001	63,28	
932,209	59,77	
932,418	66,79	
932,626	107,12	
932,834	-98,06	
933,042	29,96	
933,251	-98,06	
933,459	-45,45	
933,667	122,91	
933,875	128,17	
934,083	24,7	
934,291	-33,17	
934,499	-6,87	
934,707	42,24	
934,915	136,94	
935,123	-20,9	
935,331	-192,76	
935,539	-138,4	
935,747	-75,26	
935,955	-129,63	
936,163	-162,95	
936,371	-45,45	
936,579	49,25	
936,787	0,15	
936,995	52,76	
937,202	-29,67	
937,41	126,41	
937,618	-33,17	
937,826	-1,61	
938,033	-84,03	
938,241	79,06	
938,449	5,41	
938,656	-66,5	
938,864	-82,28	
939,071	19,44	
939,279	-41,94	
939,486	-40,19	
939,694	66,79	
939,901	-34,93	
940,109	-40,19	
940,316	-1,61	
940,524	-31,42	
940,731	-84,03	
940,939	-54,22	
941,146	-196,27	
941,353	15,93	
941,561	186,04	
941,768	51	
941,975	-38,44	
942,182	-47,2	
942,39	101,86	
942,597	87,83	
942,804	-52,47	
943,011	-73,51	
943,218	49,25	
943,425	38,73	
943,632	-59,48	
943,839	28,21	
944,046	59,77	
944,253	-106,83	
944,46	-122,61	
944,667	52,76	
944,874	-57,73	
945,081	-6,87	
945,288	-99,82	
945,495	-62,99	
945,702	168,5	
945,909	-57,73	
946,115	-12,13	
946,322	-1,61	
946,529	-12,13	
946,736	72,05	
946,942	-152,43	
947,149	-136,64	
947,356	43,99	
947,562	-241,87	
947,769	224,62	
947,976	59,77	
948,182	179,03	
948,389	59,77	
948,595	108,88	
948,802	96,6	
949,008	-175,23	
949,215	115,89	
949,421	-129,63	
949,628	-105,08	
949,834	-22,65	
950,04	-33,17	
950,247	-115,6	
950,453	-59,48	
950,659	-92,8	
950,865	-124,37	
951,072	-20,9	
951,278	94,85	
951,484	-48,96	
951,69	36,97	
951,896	73,8	
952,103	58,02	
952,309	84,33	
952,515	-110,34	
952,721	-31,42	
952,927	77,31	
953,133	59,77	
953,339	138,69	
953,545	-34,93	
953,751	-115,6	
953,957	-36,68	
954,163	-122,61	
954,369	300,03	
954,574	79,06	
954,78	-189,26	
954,986	-1,61	
955,192	91,34	
955,398	36,97	
955,603	-20,9	
955,809	-8,62	
956,015	124,66	
956,22	-106,83	
956,426	-17,39	
956,632	-113,85	
956,837	-1,61	
957,043	128,17	
957,248	-145,41	
957,454	-129,63	
957,66	-40,19	
957,865	-50,71	
958,07	73,8	
958,276	157,98	
958,481	-24,41	
958,687	-105,08	
958,892	75,56	
959,097	-48,96	
959,303	70,3	
959,508	73,8	
959,713	-8,62	
959,919	-85,79	
960,124	-68,25	
960,329	163,24	
960,534	-55,97	
960,739	-26,16	
960,945	40,48	
961,15	-164,7	
961,355	-157,69	
961,56	-26,16	
961,765	-20,9	
961,97	82,57	
962,175	-3,36	
962,38	-13,88	
962,585	-150,67	
962,79	-5,12	
962,995	-106,83	
963,2	-48,96	
963,404	82,57	
963,609	98,35	
963,814	172,01	
964,019	-36,68	
964,224	-89,29	
964,428	-54,22	
964,633	-124,37	
964,838	-210,3	
965,042	-117,35	
965,247	249,18	
965,452	-259,41	
965,656	49,25	
965,861	-75,26	
966,066	-140,15	
966,27	-91,05	
966,475	-36,68	
966,679	-110,34	
966,884	-101,57	
967,088	-113,85	
967,292	-194,52	
967,497	128,17	
967,701	-6,87	
967,906	98,35	
968,11	-75,26	
968,314	-91,05	
968,518	66,79	
968,723	180,78	
968,927	-82,28	
969,131	-84,03	
969,335	110,63	
969,539	270,22	
969,744	-271,68	
969,948	94,85	
970,152	-127,88	
970,356	43,99	
970,56	31,71	
970,764	-101,57	
970,968	56,27	
971,172	173,77	
971,376	217,61	
971,58	59,77	
971,784	-73,51	
971,988	135,18	
972,192	142,2	
972,395	117,65	
972,599	-192,76	
972,803	45,74	
973,007	-20,9	
973,21	-20,9	
973,414	-1,61	
973,618	-41,94	
973,822	-10,38	
974,025	177,27	
974,229	26,45	
974,432	75,56	
974,636	-36,68	
974,84	66,79	
975,043	94,85	
975,247	152,72	
975,45	-127,88	
975,654	-106,83	
975,857	35,22	
976,06	42,24	
976,264	40,48	
976,467	-22,65	
976,671	-26,16	
976,874	-57,73	
977,077	-75,26	
977,28	-40,19	
977,484	-159,44	
977,687	-6,87	
977,89	152,72	
978,093	-24,41	
978,297	-91,05	
978,5	-55,97	
978,703	198,32	
978,906	19,44	
979,109	14,18	
979,312	-64,74	
979,515	138,69	
979,718	-17,39	
979,921	54,51	
980,124	-198,02	
980,327	58,02	
980,53	-75,26	
980,733	-122,61	
980,936	114,14	
981,138	-15,64	
981,341	87,83	
981,544	-48,96	
981,747	-38,44	
981,949	-62,99	
982,152	103,62	
982,355	42,24	
982,558	22,94	
982,76	-80,53	
982,963	-40,19	
983,165	-96,31	
983,368	-96,31	
983,571	-24,41	
983,773	-62,99	
983,976	200,07	
984,178	7,16	
984,381	59,77	
984,583	52,76	
984,785	-103,32	
984,988	-13,88	
985,19	159,74	
985,392	-94,56	
985,595	77,31	
985,797	-108,58	
985,999	-50,71	
986,202	-1,61	
986,404	-20,9	
986,606	107,12	
986,808	133,43	
987,01	68,54	
987,212	103,62	
987,415	47,5	
987,617	-38,44	
987,819	-138,4	
988,021	121,15	
988,223	54,51	
988,425	-110,34	
988,627	-112,09	
988,829	0,15	
989,031	66,79	
989,232	117,65	
989,434	-119,11	
989,636	89,59	
989,838	-131,38	
990,04	101,86	
990,242	19,44	
990,443	-134,89	
990,645	15,93	
990,847	-41,94	
991,048	105,37	
991,25	-201,53	
991,452	1,9	
991,653	-41,94	
991,855	-194,52	
992,057	54,51	
992,258	-84,03	
992,46	77,31	
992,661	-22,65	
992,863	-3,36	
993,064	215,85	
993,265	-82,28	
993,467	-12,13	
993,668	100,11	
993,87	59,77	
994,071	-8,62	
994,272	-41,94	
994,473	-77,02	
994,675	-115,6	
994,876	-126,12	
995,077	-68,25	
995,278	8,91	
995,48	22,94	
995,681	-38,44	
995,882	-1,61	
996,083	-108,58	
996,284	108,88	
996,485	-147,17	
996,686	115,89	
996,887	33,47	
997,088	-31,42	
997,289	0,15	
997,49	8,91	
997,691	28,21	
997,892	-33,17	
998,092	-126,12	
998,293	15,93	
998,494	-13,88	
998,695	26,45	
998,896	0,15	
999,096	-50,71	
999,297	-129,63	
999,498	-8,62	
999,698	-138,4	
999,899	40,48	
1000,1	-117,35	
1000,3	-55,97	
1000,501	15,93	
1000,701	17,68	
1000,902	-33,17	
1001,102	186,04	
1001,303	-43,7	
1001,503	35,22	
1001,704	-84,03	
1001,904	112,38	
1002,105	-77,02	
1002,305	40,48	
1002,505	-99,82	
1002,706	-198,02	
1002,906	-99,82	
1003,106	-124,37	
1003,306	5,41	
1003,507	29,96	
1003,707	-8,62	
1003,907	8,91	
1004,107	0,15	
1004,307	54,51	
1004,507	-20,9	
1004,707	5,41	
1004,907	-77,02	
1005,107	43,99	
1005,308	68,54	
1005,507	-110,34	
1005,707	-141,91	
1005,907	-71,76	
1006,107	21,19	
1006,307	-117,35	
1006,507	52,76	
1006,707	-33,17	
1006,907	86,08	
1007,106	-12,13	
1007,306	-3,36	
1007,506	147,46	
1007,706	59,77	
1007,905	-98,06	
1008,105	-41,94	
1008,305	7,16	
1008,504	-71,76	
1008,704	80,82	
1008,903	-99,82	
1009,103	107,12	
1009,303	22,94	
1009,502	-71,76	
1009,702	66,79	
1009,901	12,42	
1010,1	-6,87	
1010,3	-10,38	
1010,499	47,5	
1010,699	-34,93	
1010,898	-212,05	
1011,097	-113,85	
1011,296	-59,48	
1011,496	1,9	
1011,695	254,44	
1011,894	-8,62	
1012,093	51	
1012,293	-119,11	
1012,492	-17,39	
1012,691	-48,96	
1012,89	-68,25	
1013,089	-70	
1013,288	121,15	
1013,487	-62,99	
1013,686	-40,19	
1013,885	-73,51	
1014,084	-75,26	
1014,283	42,24	
1014,482	-19,14	
1014,681	-59,48	
1014,88	-31,42	
1015,078	59,77	
1015,277	68,54	
1015,476	-24,41	
1015,675	-77,02	
1015,873	49,25	
1016,072	-62,99	
1016,271	5,41	
1016,47	52,76	
1016,668	-57,73	
1016,867	-134,89	
1017,065	-50,71	
1017,264	-99,82	
1017,463	-119,11	
1017,661	-85,79	
1017,86	-57,73	
1018,058	47,5	
1018,256	-152,43	
1018,455	-176,98	
1018,653	33,47	
1018,852	-61,23	
1019,05	-145,41	
1019,248	154,47	
1019,447	-152,43	
1019,645	40,48	
1019,843	-80,53	
1020,041	-252,39	
1020,24	-138,4	
1020,438	35,22	
1020,636	-103,32	
1020,834	-98,06	
1021,032	43,99	
1021,23	-122,61	
1021,428	-64,74	
1021,626	73,8	
1021,824	-26,16	
1022,022	-185,75	
1022,22	-185,75	
1022,418	-103,32	
1022,616	-13,88	
1022,814	-94,56	
1023,012	-45,45	
1023,21	-115,6	
1023,408	196,56	
1023,606	-110,34	
1023,803	-178,73	
1024,001	119,4	
1024,199	-34,93	
1024,397	19,44	
1024,594	140,44	
1024,792	14,18	
1024,99	-99,82	
1025,187	54,51	
1025,385	138,69	
1025,582	-173,47	
1025,78	-19,14	
1025,977	-5,12	
1026,175	58,02	
1026,372	-141,91	
1026,57	10,67	
1026,767	228,13	
1026,965	-34,93	
1027,162	-234,85	
1027,359	22,94	
1027,557	-55,97	
1027,754	-84,03	
1027,951	65,03	
1028,148	-52,47	
1028,346	38,73	
1028,543	-22,65	
1028,74	-99,82	
1028,937	94,85	
1029,134	-10,38	
1029,331	-52,47	
1029,528	15,93	
1029,725	100,11	
1029,923	-6,87	
1030,12	63,28	
1030,317	-154,18	
1030,513	52,76	
1030,71	-84,03	
1030,907	-19,14	
1031,104	43,99	
1031,301	-33,17	
1031,498	31,71	
1031,695	-124,37	
1031,892	-143,66	
1032,088	-112,09	
1032,285	-101,57	
1032,482	-48,96	
1032,678	-34,93	
1032,875	0,15	
1033,072	75,56	
1033,268	-87,54	
1033,465	19,44	
1033,662	89,59	
1033,858	65,03	
1034,055	-19,14	
1034,251	-168,21	
1034,448	96,6	
1034,644	-78,77	
1034,84	-20,9	
1035,037	38,73	
1035,233	-141,91	
1035,43	-96,31	
1035,626	-176,98	
1035,822	-89,29	
1036,019	52,76	
1036,215	65,03	
1036,411	-91,05	
1036,607	-152,43	
1036,803	-34,93	
1037	-3,36	
1037,196	175,52	
1037,392	-173,47	
1037,588	14,18	
1037,784	-12,13	
1037,98	-3,36	
1038,176	-82,28	
1038,372	49,25	
1038,568	-124,37	
1038,764	-13,88	
1038,96	-70	
1039,156	-59,48	
1039,352	-106,83	
1039,547	-94,56	
1039,743	-120,86	
1039,939	19,44	
1040,135	-189,26	
1040,331	-75,26	
1040,526	-126,12	
1040,722	-15,64	
1040,918	-131,38	
1041,113	33,47	
1041,309	-41,94	
1041,505	40,48	
1041,7	-1,61	
1041,896	28,21	
1042,091	-120,86	
1042,287	-5,12	
1042,482	96,6	
1042,678	47,5	
1042,873	-19,14	
1043,069	-85,79	
1043,264	38,73	
1043,459	86,08	
1043,655	-96,31	
1043,85	14,18	
1044,045	-134,89	
1044,24	-38,44	
1044,436	-196,27	
1044,631	-20,9	
1044,826	-47,2	
1045,021	-47,2	
1045,216	-47,2	
