couleur : jaune
angle source :0
angle capteur :30
source : 2700K
FLMT02171_1:101		
194,658	-595,39	
194,923	-595,39	
195,188	-595,39	
195,453	-651,51	
195,717	-30,69	
195,982	200,8	
196,247	69,27	
196,512	-14,91	
196,777	-49,98	
197,042	-55,24	
197,307	102,59	
197,572	60,5	
197,837	-48,23	
198,101	-62,26	
198,366	-78,04	
198,631	-65,76	
198,896	-58,75	
199,161	216,59	
199,425	-60,5	
199,69	155,2	
199,955	7,89	
200,22	46,47	
200,484	-167,48	
200,749	-28,94	
201,014	20,17	
201,278	-28,94	
201,543	270,95	
201,807	-49,98	
202,072	186,77	
202,337	113,12	
202,601	-20,17	
202,866	-107,85	
203,13	-97,33	
203,395	-55,24	
203,659	178	
203,924	-106,1	
204,189	-6,14	
204,453	76,29	
204,717	-64,01	
204,982	114,87	
205,246	67,52	
205,511	118,38	
205,775	74,53	
206,04	193,79	
206,304	-39,46	
206,568	-16,66	
206,833	-62,26	
207,097	137,67	
207,361	-34,2	
207,626	-25,43	
207,89	64,01	
208,154	76,29	
208,419	32,44	
208,683	58,75	
208,947	79,79	
209,211	86,81	
209,476	95,58	
209,74	172,74	
210,004	304,27	
210,268	111,36	
210,532	269,2	
210,796	57	
211,061	-55,24	
211,325	23,68	
211,589	214,83	
211,853	220,09	
212,117	111,36	
212,381	135,91	
212,645	55,24	
212,909	74,53	
213,173	111,36	
213,437	14,91	
213,701	258,67	
213,965	4,38	
214,229	109,61	
214,493	141,17	
214,757	27,18	
215,021	-30,69	
215,285	109,61	
215,549	-79,79	
215,813	-18,41	
216,077	85,06	
216,34	88,56	
216,604	162,22	
216,868	-30,69	
217,132	-53,49	
217,396	90,32	
217,659	183,26	
217,923	111,36	
218,187	-86,81	
218,451	139,42	
218,714	169,23	
218,978	-35,95	
219,242	158,71	
219,505	197,29	
219,769	28,94	
220,033	188,53	
220,296	179,76	
220,56	155,2	
220,824	142,93	
221,087	97,33	
221,351	0,88	
221,614	-2,63	
221,878	-99,09	
222,142	163,97	
222,405	57	
222,669	-92,07	
222,932	88,56	
223,196	144,68	
223,459	146,44	
223,722	55,24	
223,986	-55,24	
224,249	200,8	
224,513	88,56	
224,776	-97,33	
225,04	21,92	
225,303	-137,67	
225,566	81,55	
225,83	204,31	
226,093	104,35	
226,356	-18,41	
226,62	300,76	
226,883	-125,39	
227,146	-18,41	
227,409	-58,75	
227,673	276,21	
227,936	-69,27	
228,199	83,3	
228,462	149,94	
228,725	123,64	
228,989	55,24	
229,252	79,79	
229,515	85,06	
229,778	146,44	
230,041	162,22	
230,304	-83,3	
230,567	-88,56	
230,83	41,21	
231,093	67,52	
231,356	55,24	
231,619	-39,46	
231,882	34,2	
232,145	32,44	
232,408	46,47	
232,671	46,47	
232,934	-53,49	
233,197	162,22	
233,46	281,47	
233,723	-62,26	
233,986	85,06	
234,249	-11,4	
234,512	97,33	
234,775	79,79	
235,037	135,91	
235,3	-0,88	
235,563	437,55	
235,826	211,32	
236,089	121,88	
236,351	-92,07	
236,614	116,62	
236,877	90,32	
237,14	-78,04	
237,402	-21,92	
237,665	120,13	
237,928	71,03	
238,19	-65,76	
238,453	99,09	
238,716	277,97	
238,978	41,21	
239,241	-42,97	
239,503	85,06	
239,766	86,81	
240,029	127,15	
240,291	-44,72	
240,554	218,34	
240,816	65,76	
241,079	121,88	
241,341	44,72	
241,604	-174,5	
241,866	-0,88	
242,129	34,2	
242,391	125,39	
242,653	55,24	
242,916	44,72	
243,178	7,89	
243,441	151,7	
243,703	109,61	
243,965	14,91	
244,228	360,39	
244,49	-14,91	
244,752	49,98	
245,015	130,65	
245,277	-42,97	
245,539	-99,09	
245,801	-72,78	
246,064	139,42	
246,326	183,26	
246,588	-13,15	
246,85	158,71	
247,112	-13,15	
247,374	148,19	
247,637	20,17	
247,899	-71,03	
248,161	123,64	
248,423	-18,41	
248,685	223,6	
248,947	200,8	
249,209	281,47	
249,471	-51,73	
249,733	2,63	
249,995	-23,68	
250,257	-174,5	
250,519	107,85	
250,781	95,58	
251,043	100,84	
251,305	165,73	
251,567	276,21	
251,829	37,71	
252,091	18,41	
252,353	-106,1	
252,615	134,16	
252,876	-11,4	
253,138	128,9	
253,4	28,94	
253,662	46,47	
253,924	-225,35	
254,185	62,26	
254,447	16,66	
254,709	248,15	
254,971	-34,2	
255,232	78,04	
255,494	207,82	
255,756	90,32	
256,017	-113,12	
256,279	-53,49	
256,541	16,66	
256,802	71,03	
257,064	4,38	
257,326	-44,72	
257,587	37,71	
257,849	220,09	
258,11	20,17	
258,372	-34,2	
258,633	116,62	
258,895	293,75	
259,156	311,29	
259,418	32,44	
259,679	174,5	
259,941	39,46	
260,202	95,58	
260,464	-14,91	
260,725	67,52	
260,987	7,89	
261,248	81,55	
261,509	81,55	
261,771	81,55	
262,032	25,43	
262,293	132,41	
262,555	46,47	
262,816	172,74	
263,077	-100,84	
263,338	35,95	
263,6	-79,79	
263,861	-125,39	
264,122	120,13	
264,383	32,44	
264,645	-25,43	
264,906	35,95	
265,167	-81,55	
265,428	58,75	
265,689	11,4	
265,95	227,11	
266,211	79,79	
266,473	-53,49	
266,734	34,2	
266,995	71,03	
267,256	58,75	
267,517	13,15	
267,778	156,96	
268,039	7,89	
268,3	170,99	
268,561	58,75	
268,822	-69,27	
269,083	118,38	
269,344	-60,5	
269,604	167,48	
269,865	2,63	
270,126	163,97	
270,387	78,04	
270,648	-158,71	
270,909	-135,91	
271,17	72,78	
271,43	132,41	
271,691	220,09	
271,952	-95,58	
272,213	18,41	
272,473	-71,03	
272,734	190,28	
272,995	-109,61	
273,256	-81,55	
273,516	14,91	
273,777	-13,15	
274,038	34,2	
274,298	51,73	
274,559	58,75	
274,82	-35,95	
275,08	-18,41	
275,341	-114,87	
275,601	-57	
275,862	-60,5	
276,122	172,74	
276,383	100,84	
276,643	242,89	
276,904	57	
277,164	160,47	
277,425	235,88	
277,685	23,68	
277,946	49,98	
278,206	-14,91	
278,467	-13,15	
278,727	256,92	
278,987	118,38	
279,248	206,06	
279,508	-6,14	
279,768	-71,03	
280,029	71,03	
280,289	0,88	
280,549	9,65	
280,81	58,75	
281,07	193,79	
281,33	-74,53	
281,59	290,24	
281,851	135,91	
282,111	6,14	
282,371	249,91	
282,631	83,3	
282,891	20,17	
283,151	-39,46	
283,412	99,09	
283,672	81,55	
283,932	57	
284,192	-48,23	
284,452	-99,09	
284,712	156,96	
284,972	-34,2	
285,232	195,54	
285,492	-18,41	
285,752	99,09	
286,012	-11,4	
286,272	-85,06	
286,532	134,16	
286,792	48,23	
287,052	-4,38	
287,312	16,66	
287,571	11,4	
287,831	13,15	
288,091	144,68	
288,351	-92,07	
288,611	-109,61	
288,871	32,44	
289,13	-65,76	
289,39	71,03	
289,65	42,97	
289,91	493,67	
290,17	148,19	
290,429	-34,2	
290,689	44,72	
290,949	128,9	
291,208	-4,38	
291,468	-46,47	
291,728	83,3	
291,987	-28,94	
292,247	2,63	
292,506	251,66	
292,766	90,32	
293,026	28,94	
293,285	0,88	
293,545	125,39	
293,804	-30,69	
294,064	225,35	
294,323	27,18	
294,583	-25,43	
294,842	-76,29	
295,102	120,13	
295,361	258,67	
295,621	102,59	
295,88	72,78	
296,139	-130,65	
296,399	121,88	
296,658	-6,14	
296,917	-62,26	
297,177	79,79	
297,436	237,63	
297,695	41,21	
297,955	262,18	
298,214	-32,44	
298,473	93,82	
298,732	64,01	
298,992	67,52	
299,251	79,79	
299,51	-0,88	
299,769	142,93	
300,028	-109,61	
300,287	32,44	
300,547	-102,59	
300,806	18,41	
301,065	-183,26	
301,324	62,26	
301,583	0,88	
301,842	111,36	
302,101	116,62	
302,36	183,26	
302,619	218,34	
302,878	100,84	
303,137	4,38	
303,396	-23,68	
303,655	135,91	
303,914	160,47	
304,173	27,18	
304,432	57	
304,691	-100,84	
304,95	135,91	
305,208	165,73	
305,467	-44,72	
305,726	-130,65	
305,985	99,09	
306,244	9,65	
306,503	18,41	
306,761	64,01	
307,02	-127,15	
307,279	160,47	
307,537	149,94	
307,796	-76,29	
308,055	-32,44	
308,314	18,41	
308,572	137,67	
308,831	-71,03	
309,09	251,66	
309,348	149,94	
309,607	-27,18	
309,865	141,17	
310,124	169,23	
310,382	78,04	
310,641	41,21	
310,9	-92,07	
311,158	51,73	
311,417	30,69	
311,675	-155,2	
311,933	-51,73	
312,192	130,65	
312,45	44,72	
312,709	118,38	
312,967	71,03	
313,226	232,37	
313,484	-79,79	
313,742	76,29	
314,001	39,46	
314,259	139,42	
314,517	174,5	
314,776	-62,26	
315,034	-9,65	
315,292	144,68	
315,55	200,8	
315,809	-76,29	
316,067	100,84	
316,325	-23,68	
316,583	123,64	
316,841	-132,41	
317,1	160,47	
317,358	107,85	
317,616	-93,82	
317,874	-16,66	
318,132	55,24	
318,39	211,32	
318,648	55,24	
318,906	99,09	
319,164	-76,29	
319,422	-114,87	
319,68	-106,1	
319,938	-48,23	
320,196	9,65	
320,454	62,26	
320,712	-90,32	
320,97	21,92	
321,228	-78,04	
321,486	-99,09	
321,744	4,38	
322,002	-46,47	
322,26	160,47	
322,517	57	
322,775	35,95	
323,033	-23,68	
323,291	90,32	
323,549	14,91	
323,806	-21,92	
324,064	97,33	
324,322	120,13	
324,58	130,65	
324,837	-25,43	
325,095	-55,24	
325,353	95,58	
325,61	100,84	
325,868	165,73	
326,126	2,63	
326,383	163,97	
326,641	-111,36	
326,898	-25,43	
327,156	172,74	
327,413	76,29	
327,671	55,24	
327,928	51,73	
328,186	41,21	
328,443	-146,44	
328,701	127,15	
328,958	-170,99	
329,216	65,76	
329,473	141,17	
329,731	9,65	
329,988	269,2	
330,245	-6,14	
330,503	-49,98	
330,76	128,9	
331,017	-11,4	
331,275	65,76	
331,532	62,26	
331,789	221,85	
332,047	72,78	
332,304	6,14	
332,561	388,45	
332,818	-23,68	
333,076	60,5	
333,333	83,3	
333,59	102,59	
333,847	149,94	
334,104	158,71	
334,361	225,35	
334,618	42,97	
334,876	134,16	
335,133	-109,61	
335,39	25,43	
335,647	-60,5	
335,904	-39,46	
336,161	-120,13	
336,418	2,63	
336,675	28,94	
336,932	20,17	
337,189	181,51	
337,446	60,5	
337,703	170,99	
337,96	9,65	
338,216	4,38	
338,473	-100,84	
338,73	-90,32	
338,987	-35,95	
339,244	-67,52	
339,501	193,79	
339,757	-160,47	
340,014	-134,16	
340,271	-6,14	
340,528	97,33	
340,785	127,15	
341,041	-35,95	
341,298	113,12	
341,555	2,63	
341,811	-111,36	
342,068	58,75	
342,325	28,94	
342,581	51,73	
342,838	188,53	
343,094	139,42	
343,351	-92,07	
343,608	-49,98	
343,864	142,93	
344,121	-9,65	
344,377	78,04	
344,634	309,53	
344,89	-16,66	
345,147	-134,16	
345,403	53,49	
345,66	90,32	
345,916	-71,03	
346,172	-72,78	
346,429	179,76	
346,685	-16,66	
346,942	-23,68	
347,198	-104,35	
347,454	-107,85	
347,711	57	
347,967	0,88	
348,223	-83,3	
348,48	55,24	
348,736	60,5	
348,992	-0,88	
349,248	-53,49	
349,504	27,18	
349,761	99,09	
350,017	39,46	
350,273	-69,27	
350,529	-74,53	
350,785	130,65	
351,041	-42,97	
351,297	7,89	
351,554	51,73	
351,81	-109,61	
352,066	57	
352,322	35,95	
352,578	409,5	
352,834	55,24	
353,09	128,9	
353,346	34,2	
353,602	44,72	
353,858	-71,03	
354,114	-16,66	
354,369	41,21	
354,625	-23,68	
354,881	-78,04	
355,137	85,06	
355,393	-149,94	
355,649	-79,79	
355,905	-79,79	
356,16	21,92	
356,416	107,85	
356,672	-37,71	
356,928	35,95	
357,183	109,61	
357,439	-35,95	
357,695	2,63	
357,951	-55,24	
358,206	51,73	
358,462	60,5	
358,718	21,92	
358,973	27,18	
359,229	48,23	
359,484	-7,89	
359,74	-83,3	
359,996	41,21	
360,251	28,94	
360,507	-83,3	
360,762	39,46	
361,018	23,68	
361,273	0,88	
361,529	-7,89	
361,784	230,62	
362,04	-37,71	
362,295	9,65	
362,55	-81,55	
362,806	74,53	
363,061	113,12	
363,316	-6,14	
363,572	188,53	
363,827	-28,94	
364,082	214,83	
364,338	44,72	
364,593	-35,95	
364,848	155,2	
365,104	-44,72	
365,359	32,44	
365,614	65,76	
365,869	88,56	
366,124	23,68	
366,38	64,01	
366,635	197,29	
366,89	37,71	
367,145	71,03	
367,4	132,41	
367,655	20,17	
367,91	-92,07	
368,165	-7,89	
368,42	16,66	
368,675	106,1	
368,93	-48,23	
369,185	267,44	
369,44	53,49	
369,695	76,29	
369,95	55,24	
370,205	-102,59	
370,46	62,26	
370,715	74,53	
370,97	148,19	
371,225	232,37	
371,48	114,87	
371,734	25,43	
371,989	7,89	
372,244	-120,13	
372,499	44,72	
372,754	128,9	
373,008	-170,99	
373,263	20,17	
373,518	242,89	
373,773	-4,38	
374,027	6,14	
374,282	88,56	
374,537	158,71	
374,791	197,29	
375,046	-21,92	
375,301	200,8	
375,555	46,47	
375,81	-107,85	
376,064	86,81	
376,319	64,01	
376,573	-48,23	
376,828	-142,93	
377,082	-128,9	
377,337	174,5	
377,591	-4,38	
377,846	-99,09	
378,1	130,65	
378,355	35,95	
378,609	211,32	
378,863	-0,88	
379,118	123,64	
379,372	-23,68	
379,627	149,94	
379,881	156,96	
380,135	116,62	
380,389	-30,69	
380,644	-55,24	
380,898	206,06	
381,152	-78,04	
381,407	-48,23	
381,661	53,49	
381,915	146,44	
382,169	69,27	
382,423	25,43	
382,677	-21,92	
382,932	130,65	
383,186	-37,71	
383,44	42,97	
383,694	-62,26	
383,948	7,89	
384,202	151,7	
384,456	78,04	
384,71	-71,03	
384,964	-14,91	
385,218	55,24	
385,472	102,59	
385,726	114,87	
385,98	88,56	
386,234	-69,27	
386,488	-86,81	
386,742	120,13	
386,996	142,93	
387,249	81,55	
387,503	220,09	
387,757	4,38	
388,011	-25,43	
388,265	114,87	
388,518	-34,2	
388,772	79,79	
389,026	25,43	
389,28	111,36	
389,533	-21,92	
389,787	174,5	
390,041	16,66	
390,295	-72,78	
390,548	42,97	
390,802	11,4	
391,055	99,09	
391,309	83,3	
391,563	-41,21	
391,816	104,35	
392,07	137,67	
392,323	132,41	
392,577	127,15	
392,83	58,75	
393,084	14,91	
393,337	32,44	
393,591	214,83	
393,844	-53,49	
394,098	-35,95	
394,351	2,63	
394,604	277,97	
394,858	102,59	
395,111	62,26	
395,364	21,92	
395,618	-7,89	
395,871	35,95	
396,124	193,79	
396,378	102,59	
396,631	118,38	
396,884	439,31	
397,137	251,66	
397,391	123,64	
397,644	162,22	
397,897	327,07	
398,15	214,83	
398,403	207,82	
398,657	165,73	
398,91	41,21	
399,163	-16,66	
399,416	21,92	
399,669	-62,26	
399,922	39,46	
400,175	74,53	
400,428	92,07	
400,681	-35,95	
400,934	6,14	
401,187	49,98	
401,44	-51,73	
401,693	27,18	
401,946	92,07	
402,199	172,74	
402,452	107,85	
402,704	-34,2	
402,957	92,07	
403,21	55,24	
403,463	0,88	
403,716	-53,49	
403,969	-14,91	
404,221	-25,43	
404,474	106,1	
404,727	51,73	
404,98	167,48	
405,232	53,49	
405,485	51,73	
405,738	62,26	
405,99	-158,71	
406,243	106,1	
406,496	-111,36	
406,748	9,65	
407,001	14,91	
407,253	9,65	
407,506	37,71	
407,759	79,79	
408,011	-7,89	
408,264	290,24	
408,516	216,59	
408,769	160,47	
409,021	170,99	
409,274	106,1	
409,526	163,97	
409,778	183,26	
410,031	204,31	
410,283	251,66	
410,536	41,21	
410,788	-0,88	
411,04	86,81	
411,293	-25,43	
411,545	67,52	
411,797	-90,32	
412,049	39,46	
412,302	58,75	
412,554	-18,41	
412,806	211,32	
413,058	170,99	
413,311	204,31	
413,563	13,15	
413,815	185,02	
414,067	174,5	
414,319	234,12	
414,571	72,78	
414,823	53,49	
415,075	83,3	
415,328	120,13	
415,58	135,91	
415,832	-14,91	
416,084	277,97	
416,336	200,8	
416,588	-7,89	
416,84	-14,91	
417,091	232,37	
417,343	106,1	
417,595	116,62	
417,847	-16,66	
418,099	267,44	
418,351	118,38	
418,603	-39,46	
418,855	28,94	
419,106	200,8	
419,358	304,27	
419,61	165,73	
419,862	111,36	
420,114	114,87	
420,365	246,4	
420,617	251,66	
420,869	302,52	
421,12	-2,63	
421,372	241,14	
421,624	202,56	
421,875	270,95	
422,127	170,99	
422,379	225,35	
422,63	258,67	
422,882	172,74	
423,133	134,16	
423,385	125,39	
423,636	128,9	
423,888	232,37	
424,139	270,95	
424,391	142,93	
424,642	-76,29	
424,894	241,14	
425,145	335,84	
425,396	106,1	
425,648	199,05	
425,899	69,27	
426,151	185,02	
426,402	260,43	
426,653	6,14	
426,905	209,57	
427,156	284,98	
427,407	206,06	
427,658	381,44	
427,91	292	
428,161	113,12	
428,412	137,67	
428,663	220,09	
428,914	86,81	
429,166	74,53	
429,417	409,5	
429,668	99,09	
429,919	360,39	
430,17	170,99	
430,421	270,95	
430,672	146,44	
430,923	58,75	
431,174	206,06	
431,425	192,03	
431,676	134,16	
431,927	232,37	
432,178	290,24	
432,429	146,44	
432,68	377,93	
432,931	370,91	
433,182	300,76	
433,433	185,02	
433,683	71,03	
433,934	123,64	
434,185	221,85	
434,436	386,7	
434,687	283,23	
434,937	213,08	
435,188	316,55	
435,439	411,25	
435,69	170,99	
435,94	356,88	
436,191	279,72	
436,442	290,24	
436,692	446,32	
436,943	420,02	
437,194	393,71	
437,444	400,73	
437,695	472,63	
437,945	256,92	
438,196	334,08	
438,447	469,12	
438,697	346,36	
438,948	293,75	
439,198	320,06	
439,449	407,74	
439,699	341,1	
439,949	458,6	
440,2	362,14	
440,45	299,01	
440,701	374,42	
440,951	299,01	
441,201	556,81	
441,452	502,44	
441,702	590,13	
441,952	374,42	
442,203	519,98	
442,453	521,73	
442,703	498,94	
442,953	328,82	
443,204	384,94	
443,454	532,26	
443,704	588,38	
443,954	490,17	
444,204	705,87	
444,455	562,07	
444,705	695,35	
444,955	695,35	
445,205	512,96	
445,455	663,79	
445,705	595,39	
445,955	640,99	
446,205	493,67	
446,455	767,26	
446,705	776,02	
446,955	698,86	
447,205	602,41	
447,455	711,14	
447,705	672,55	
447,955	730,43	
448,205	849,68	
448,454	825,13	
448,704	770,76	
448,954	846,17	
449,204	732,18	
449,454	935,61	
449,704	800,58	
449,953	881,25	
450,203	1070,65	
450,453	1044,34	
450,703	858,45	
450,952	953,15	
451,202	1007,52	
451,452	870,73	
451,701	923,34	
451,951	1177,63	
452,201	972,44	
452,45	1260,05	
452,7	981,21	
452,949	1042,59	
453,199	1088,19	
453,448	965,43	
453,698	1032,07	
453,947	1172,37	
454,197	1063,64	
454,446	1254,79	
454,696	986,47	
454,945	1142,55	
455,195	1226,73	
455,444	1323,19	
455,693	1393,34	
455,943	1154,83	
456,192	1161,84	
456,442	1235,5	
456,691	1333,71	
456,94	1109,23	
457,189	1340,72	
457,439	1207,44	
457,688	1121,51	
457,937	1195,16	
458,186	1096,96	
458,436	1279,34	
458,685	1198,67	
458,934	1263,56	
459,183	1184,64	
459,432	1342,48	
459,681	1139,05	
459,93	1175,87	
460,179	1254,79	
460,429	1221,47	
460,678	1089,94	
460,927	1188,15	
461,176	1242,52	
461,425	1333,71	
461,674	1160,09	
461,923	1142,55	
462,172	1233,75	
462,42	1198,67	
462,669	1026,81	
462,918	1047,85	
463,167	1386,32	
463,416	1319,68	
463,665	1158,34	
463,914	1198,67	
464,162	1093,45	
464,411	1389,83	
464,66	1240,76	
464,909	1135,54	
465,158	1018,04	
465,406	1270,57	
465,655	1226,73	
465,904	982,96	
466,152	1014,53	
466,401	1268,82	
466,65	1061,88	
466,898	1081,17	
467,147	1012,78	
467,395	1126,77	
467,644	1077,66	
467,893	1233,75	
468,141	1149,57	
468,39	1226,73	
468,638	1004,01	
468,887	1207,44	
469,135	1144,31	
469,384	1235,5	
469,632	1189,9	
469,88	1237,25	
470,129	1040,84	
470,377	1209,19	
470,626	1047,85	
470,874	1098,71	
471,122	1265,31	
471,371	1181,13	
471,619	1002,25	
471,867	984,72	
472,115	1046,1	
472,364	1030,31	
472,612	1037,33	
472,86	965,43	
473,108	1233,75	
473,356	1100,46	
473,605	996,99	
473,853	1116,25	
474,101	972,44	
474,349	1309,16	
474,597	1246,02	
474,845	1160,09	
475,093	1093,45	
475,341	1137,29	
475,589	1256,54	
475,837	1028,56	
476,085	1132,03	
476,333	1147,81	
476,581	1040,84	
476,829	1230,24	
477,077	1207,44	
477,325	1054,87	
477,573	1144,31	
477,821	1089,94	
478,069	1128,52	
478,317	1275,84	
478,564	1047,85	
478,812	1153,08	
479,06	1100,46	
479,308	1182,89	
479,555	1151,32	
479,803	1367,03	
480,051	995,24	
480,299	1379,31	
480,546	1200,43	
480,794	1381,06	
481,042	1242,52	
481,289	1403,86	
481,537	1277,59	
481,784	1191,66	
482,032	1463,48	
482,28	1588	
482,527	1296,88	
482,775	1146,06	
483,022	1347,74	
483,27	1530,13	
483,517	1367,03	
483,765	1533,63	
484,012	1517,85	
484,259	1409,12	
484,507	1468,75	
484,754	1631,84	
485,002	1516,1	
485,249	1524,87	
485,496	1438,93	
485,744	1780,91	
485,991	1603,78	
486,238	1602,03	
486,486	1682,7	
486,733	1707,25	
486,98	1737,07	
487,227	1947,51	
487,474	1815,98	
487,722	1642,36	
487,969	1777,4	
488,216	1926,47	
488,463	2056,24	
488,71	1863,33	
488,957	1830,01	
489,204	2145,68	
489,451	1936,99	
489,699	2029,94	
489,946	2045,72	
490,193	2122,89	
490,44	2186,02	
490,687	2268,45	
490,934	2356,13	
491,18	2249,15	
491,427	2571,84	
491,674	2105,35	
491,921	2310,53	
492,168	2242,14	
492,415	2508,71	
492,662	2336,84	
492,909	2426,28	
493,155	2587,62	
493,402	2627,96	
493,649	2463,11	
493,896	2591,13	
494,142	2726,17	
494,389	2778,78	
494,636	2782,29	
494,883	2777,03	
495,129	2966,43	
495,376	3052,36	
495,623	3015,53	
495,869	3069,9	
496,116	3224,23	
496,362	3438,18	
496,609	3222,47	
496,855	3455,72	
497,102	3189,15	
497,348	3210,2	
497,595	3748,59	
497,841	3492,55	
498,088	3725,79	
498,334	3641,61	
498,581	3634,6	
498,827	3843,29	
499,074	4059	
499,32	4004,63	
499,566	4141,42	
499,813	4316,8	
500,059	4129,15	
500,305	4378,18	
500,552	4690,34	
500,798	4439,56	
501,044	4583,36	
501,29	4693,85	
501,537	4930,6	
501,783	4697,36	
502,029	5111,24	
502,275	4723,66	
502,521	5056,87	
502,767	5426,91	
503,013	5469	
503,26	5549,67	
503,506	5547,91	
503,752	5535,64	
503,998	5861,83	
504,244	5847,8	
504,49	6158,21	
504,736	6002,13	
504,982	5870,6	
505,228	6205,56	
505,474	6159,96	
505,72	6559,81	
505,966	6373,92	
506,211	6503,69	
506,457	6742,2	
506,703	7154,33	
506,949	6849,18	
507,195	7054,36	
507,441	7238,51	
507,686	7266,57	
507,932	7492,8	
508,178	7683,95	
508,424	7776,9	
508,669	7811,97	
508,915	8068,02	
509,161	8192,53	
509,406	8290,74	
509,652	8327,57	
509,898	8541,52	
510,143	8399,47	
510,389	8783,54	
510,634	8776,52	
510,88	9160,59	
511,125	8885,25	
511,371	9479,77	
511,616	9711,26	
511,862	9577,98	
512,107	9421,89	
512,353	9807,71	
512,598	9798,95	
512,844	10272,45	
513,089	10226,86	
513,335	10521,48	
513,58	10745,96	
513,825	10628,46	
514,071	10865,21	
514,316	10944,13	
514,561	11175,62	
514,806	11273,83	
515,052	11507,08	
515,297	11554,43	
515,542	11917,45	
515,787	11703,49	
516,033	12134,91	
516,278	12247,15	
516,523	12106,85	
516,768	12655,77	
517,013	12731,18	
517,258	12441,81	
517,503	13160,84	
517,748	12782,03	
517,993	13053,86	
518,238	13539,64	
518,483	13473	
518,728	13569,46	
518,973	13713,26	
519,218	13921,96	
519,463	14004,38	
519,708	14258,67	
519,953	14263,93	
520,198	14462,1	
520,443	14690,09	
520,688	14509,45	
520,933	15002,25	
521,177	15007,51	
521,422	15198,67	
521,667	15217,96	
521,912	15228,48	
522,157	15303,89	
522,401	15800,2	
522,646	15658,15	
522,891	15786,17	
523,135	15879,12	
523,38	15819,49	
523,625	16487,66	
523,869	16336,84	
524,114	16308,78	
524,358	16840,16	
524,603	16656,02	
524,848	16691,09	
525,092	17054,11	
525,337	17211,95	
525,581	16945,38	
525,826	17192,66	
526,07	17448,7	
526,315	17385,57	
526,559	17755,6	
526,803	17969,56	
527,048	18046,72	
527,292	17824	
527,537	18108,1	
527,781	18016,91	
528,025	17857,32	
528,269	18299,26	
528,514	18600,9	
528,758	18493,92	
529,002	18318,55	
529,247	18828,88	
529,491	19049,85	
529,735	18930,6	
529,979	18581,61	
530,223	18925,34	
530,467	18806,08	
530,712	19393,58	
530,956	18944,63	
531,2	19421,64	
531,444	19428,66	
531,688	19169,11	
531,932	20003,88	
532,176	19800,45	
532,42	19575,97	
532,664	19590	
532,908	20172,24	
533,152	19779,4	
533,396	20168,73	
533,64	20263,43	
533,884	20123,13	
534,128	19779,4	
534,371	20635,22	
534,615	20433,54	
534,859	20417,76	
535,103	20417,76	
535,347	20684,33	
535,59	20498,43	
535,834	20947,38	
536,078	20877,24	
536,322	21010,52	
536,565	20975,44	
536,809	21145,56	
537,053	21278,84	
537,296	20815,85	
537,54	21187,64	
537,784	21482,27	
538,027	21419,14	
538,271	21875,11	
538,514	21194,66	
538,758	21752,34	
539,001	21706,75	
539,245	21811,97	
539,488	21724,29	
539,732	21847,05	
539,975	21852,31	
540,219	22281,97	
540,462	22183,76	
540,706	22055,74	
540,949	22257,42	
541,192	22502,94	
541,436	22376,67	
541,679	22288,99	
541,922	22429,28	
542,166	22560,81	
542,409	22343,35	
542,652	22308,28	
542,895	23116,74	
543,139	22913,31	
543,382	22920,33	
543,625	22773,01	
543,868	23088,68	
544,111	22748,46	
544,354	23095,7	
544,598	23228,98	
544,841	23488,53	
545,084	23628,83	
545,327	23774,39	
545,57	23793,68	
545,813	23292,12	
546,056	23488,53	
546,299	23463,98	
546,542	23849,8	
546,785	23763,87	
547,028	23919,95	
547,271	23877,86	
547,514	23904,17	
547,756	24111,11	
547,999	24377,67	
548,242	23816,48	
548,485	24230,36	
548,728	24475,88	
548,971	24477,64	
549,213	24477,64	
549,456	24670,55	
549,699	24435,55	
549,942	24716,14	
550,184	25049,35	
550,427	24723,16	
550,67	25065,13	
550,912	25140,54	
551,155	25101,96	
551,398	24889,76	
551,64	25354,5	
551,883	25273,83	
552,125	25166,85	
552,368	25466,74	
552,61	25438,68	
552,853	26063	
553,095	25601,77	
553,338	25657,89	
553,58	25575,47	
553,823	25817,48	
554,065	25593,01	
554,308	26068,27	
554,55	25654,39	
554,792	26401,47	
555,035	26112,11	
555,277	26245,39	
555,519	26547,03	
555,762	26582,11	
556,004	26475,13	
556,246	26364,65	
556,488	26778,52	
556,731	26582,11	
556,973	26782,03	
557,215	27020,54	
557,457	26964,42	
557,699	27150,31	
557,941	26936,36	
558,183	27004,76	
558,426	27011,77	
558,668	27215,2	
558,91	27238	
559,152	27341,47	
559,394	27488,78	
559,636	27650,13	
559,878	27590,5	
560,12	27769,38	
560,362	27829,01	
560,604	27969,3	
560,845	27804,45	
561,087	28511,21	
561,329	28165,72	
561,571	28195,54	
561,813	28511,21	
562,055	28783,03	
562,297	28339,34	
562,538	28725,16	
562,78	28739,19	
563,022	28865,46	
563,264	28883	
563,505	29379,3	
563,747	29298,63	
563,989	29435,42	
564,23	29603,78	
564,472	30082,54	
564,714	29738,81	
564,955	30438,55	
565,197	30156,2	
565,438	30335,08	
565,68	30142,17	
565,921	30601,65	
566,163	30608,66	
566,404	31182,13	
566,646	31289,11	
566,887	31283,85	
567,129	31738,06	
567,37	31499,56	
567,612	31783,66	
567,853	32183,51	
568,094	31971,31	
568,336	33007,76	
568,577	33095,45	
568,818	32658,77	
569,06	33279,59	
569,301	33574,21	
569,542	33379,55	
569,783	33844,29	
570,025	33917,94	
570,266	34038,95	
570,507	34498,43	
570,748	34158,2	
570,989	34181	
571,23	34498,43	
571,472	34466,86	
571,713	34812,34	
571,954	34789,55	
572,195	34735,18	
572,436	34991,23	
572,677	35098,2	
572,918	34605,41	
573,159	34814,1	
573,4	34910,55	
573,641	35199,92	
573,882	35603,28	
574,123	35673,42	
574,364	35278,84	
574,604	35541,9	
574,845	35310,4	
575,086	35136,78	
575,327	35736,56	
575,568	35862,83	
575,809	35713,76	
576,049	36141,67	
576,29	35464,73	
576,531	35961,04	
576,771	35925,96	
577,012	35413,87	
577,253	35971,56	
577,494	35605,03	
577,734	36160,96	
577,975	35666,41	
578,215	36385,44	
578,456	35766,37	
578,697	36222,34	
578,937	36039,95	
579,178	36357,38	
579,418	36509,95	
579,659	35990,85	
579,899	36208,31	
580,14	36755,47	
580,38	36769,5	
580,62	36573,09	
580,861	36650,25	
581,101	36201,3	
581,342	37130,77	
581,582	36783,53	
581,822	36934,35	
582,063	36990,47	
582,303	36923,83	
582,543	37395,58	
582,783	36874,73	
583,024	37072,9	
583,264	36820,36	
583,504	37306,14	
583,744	37257,04	
583,984	36930,85	
584,224	37614,8	
584,465	37642,86	
584,705	37146,55	
584,945	37504,31	
585,185	37488,53	
585,425	37581,48	
585,665	37904,16	
585,905	37784,91	
586,145	37805,96	
586,385	38072,52	
586,625	38069,01	
586,865	38289,98	
587,105	37641,11	
587,345	38549,54	
587,585	38374,16	
587,824	38207,56	
588,064	38609,16	
588,304	38526,74	
588,544	38745,95	
588,784	38546,03	
589,024	38902,03	
589,263	38674,05	
589,503	38977,45	
589,743	39012,52	
589,982	38831,89	
590,222	39059,87	
590,462	39272,07	
590,701	38837,15	
590,941	39377,29	
591,181	39228,23	
591,42	39426,4	
591,66	39622,82	
591,899	39443,94	
592,139	39573,71	
592,378	39822,74	
592,618	39822,74	
592,857	40064,76	
593,097	40154,2	
593,336	40327,81	
593,576	40112,11	
593,815	40115,61	
594,055	40611,92	
594,294	40538,26	
594,533	41150,31	
594,773	40931,1	
595,012	41448,45	
595,251	41814,97	
595,491	41999,12	
595,73	41937,74	
595,969	41848,3	
596,208	41353,74	
596,447	42307,77	
596,687	42358,63	
596,926	42477,88	
597,165	42584,86	
597,404	42625,2	
597,643	43435,42	
597,882	43018,03	
598,121	42807,58	
598,36	43356,5	
598,599	44035,19	
598,838	43577,47	
599,077	44438,55	
599,316	43996,61	
599,555	43861,57	
599,794	44670,04	
600,033	44740,19	
600,272	44664,78	
600,511	44605,15	
600,75	44563,06	
600,989	44822,61	
601,228	44931,35	
601,466	44989,22	
601,705	44973,44	
601,944	44829,63	
602,183	45036,57	
602,422	44768,25	
602,66	45073,4	
602,899	45329,44	
603,138	45012,02	
603,376	44806,83	
603,615	44896,27	
603,854	44855,94	
604,092	44433,29	
604,331	44847,17	
604,569	44473,62	
604,808	44129,89	
605,047	44673,55	
605,285	44000,12	
605,524	44368,4	
605,762	44300	
606	43837,02	
606,239	43512,58	
606,477	44143,92	
606,716	43300,38	
606,954	43631,83	
607,193	43224,97	
607,431	42693,59	
607,669	42669,04	
607,908	43103,96	
608,146	42269,19	
608,384	42300,76	
608,622	42190,27	
608,861	42234,11	
609,099	42304,26	
609,337	41262,55	
609,575	42148,18	
609,813	41800,94	
610,052	41567,7	
610,29	41241,51	
610,528	41625,57	
610,766	40724,16	
611,004	41283,6	
611,242	40806,58	
611,48	40380,43	
611,718	40508,45	
611,956	40545,28	
612,194	40471,62	
612,432	39966,55	
612,67	40173,49	
612,908	39614,05	
613,146	39796,44	
613,384	40117,37	
613,621	39542,14	
613,859	39140,54	
614,097	38984,46	
614,335	38875,73	
614,573	38435,54	
614,811	39168,6	
615,048	38477,63	
615,286	38847,67	
615,524	38344,35	
615,761	38388,19	
615,999	38312,78	
616,237	37911,18	
616,474	38396,96	
616,712	37798,94	
616,95	37732,3	
617,187	37772,64	
617,425	37770,88	
617,662	36993,98	
617,9	37293,87	
618,137	37200,92	
618,375	37334,2	
618,612	36950,14	
618,85	36930,85	
619,087	36960,66	
619,325	36883,5	
619,562	36655,51	
619,799	36224,09	
620,037	36082,04	
620,274	36594,13	
620,511	35997,86	
620,749	36104,84	
620,986	36127,64	
621,223	35804,95	
621,461	36120,62	
621,698	35801,45	
621,935	35121	
622,172	35578,72	
622,409	35498,05	
622,647	35427,9	
622,884	34282,72	
623,121	35001,75	
623,358	35138,54	
623,595	34793,05	
623,832	34207,31	
624,069	34526,49	
624,306	34061,75	
624,543	34568,58	
624,78	33711	
625,017	34389,7	
625,254	34226,6	
625,491	33900,41	
625,728	33321,68	
625,965	33511,08	
626,202	33481,27	
626,438	33200,67	
626,675	33311,16	
626,912	33004,25	
627,149	32941,12	
627,386	32806,08	
627,622	32616,68	
627,859	32651,75	
628,096	33002,5	
628,333	32406,23	
628,569	32458,84	
628,806	32427,28	
629,043	31732,8	
629,279	31767,88	
629,516	31736,31	
629,752	31629,33	
629,989	31357,5	
630,225	31403,1	
630,462	31241,76	
630,699	30959,41	
630,935	31097,95	
631,171	30882,24	
631,408	30782,28	
631,644	30399,97	
631,881	30401,72	
632,117	30215,83	
632,354	30356,13	
632,59	30307,02	
632,826	30242,13	
633,063	30108,85	
633,299	29752,84	
633,535	29865,08	
633,771	29202,17	
634,008	29493,29	
634,244	29100,46	
634,48	29398,59	
634,716	28844,41	
634,953	28769	
635,189	28711,13	
635,425	28928,59	
635,661	28565,57	
635,897	28425,27	
636,133	28248,15	
636,369	28197,29	
636,605	28158,71	
636,841	28051,73	
637,077	27511,58	
637,313	27639,6	
637,549	27636,1	
637,785	27434,42	
638,021	27604,53	
638,257	27106,47	
638,493	26799,57	
638,729	27071,4	
638,965	27173,11	
639,2	26813,6	
639,436	26490,91	
639,672	26876,73	
639,908	26354,12	
640,144	25885,88	
640,379	26140,17	
640,615	26020,91	
640,851	25726,29	
641,086	25559,68	
641,322	25593,01	
641,558	25407,11	
641,793	25256,29	
642,029	25151,07	
642,264	25030,06	
642,5	25291,36	
642,736	24672,3	
642,971	24589,87	
643,207	24631,96	
643,442	24130,4	
643,678	24418,01	
643,913	24505,7	
644,148	24081,29	
644,384	23944,5	
644,619	23732,3	
644,855	23869,09	
645,09	23288,61	
645,325	23486,78	
645,561	23411,37	
645,796	23134,28	
646,031	23079,92	
646,266	22999,24	
646,502	23088,68	
646,737	22383,69	
646,972	22346,86	
647,207	22534,51	
647,442	22164,47	
647,678	22155,7	
647,913	22427,53	
648,148	21915,44	
648,383	21980,33	
648,618	21785,67	
648,853	21485,78	
649,088	21524,36	
649,323	21348,99	
649,558	21612,05	
649,793	20989,47	
650,028	20905,29	
650,263	20952,65	
650,498	20759,74	
650,733	20887,76	
650,968	20563,32	
651,202	20535,26	
651,437	20445,82	
651,672	20209,07	
651,907	19989,85	
652,142	20079,29	
652,376	19658,4	
652,611	20161,71	
652,846	19590	
653,081	19537,39	
653,315	19381,31	
653,55	19490,04	
653,785	18918,32	
654,019	18965,67	
654,254	18802,58	
654,488	18930,6	
654,723	18914,82	
654,958	18372,91	
655,192	18457,09	
655,427	18395,71	
655,661	18351,87	
655,896	18195,79	
656,13	18055,49	
656,364	18101,09	
656,599	17827,51	
656,833	17795,94	
657,068	17485,53	
657,302	17443,44	
657,536	17403,1	
657,771	17150,57	
658,005	17022,54	
658,239	16927,84	
658,474	16959,41	
658,708	16629,71	
658,942	16636,73	
659,176	16696,35	
659,41	16922,58	
659,645	16668,29	
659,879	16321,05	
660,113	16268,44	
660,347	16806,84	
660,581	16228,11	
660,815	15891,39	
661,049	15374,04	
661,283	15887,88	
661,517	15433,67	
661,751	15495,05	
661,985	15414,38	
662,219	15331,95	
662,453	15128,52	
662,687	14909,3	
662,921	14893,52	
663,155	14747,96	
663,389	14932,1	
663,622	14549,79	
663,856	14649,75	
664,09	14400,72	
664,324	14232,37	
664,558	14307,78	
664,791	14021,92	
665,025	13804,46	
665,259	14234,12	
665,492	13718,52	
665,726	13844,79	
665,96	13813,23	
666,193	13651,88	
666,427	13579,98	
666,661	13497,55	
666,894	13343,23	
667,128	13109,98	
667,361	13243,26	
667,595	13069,65	
667,828	13064,38	
668,062	12822,37	
668,295	12624,2	
668,529	12715,39	
668,762	12636,48	
668,995	12608,42	
669,229	12480,39	
669,462	12350,62	
669,695	12189,28	
669,929	12264,69	
670,162	12047,22	
670,395	11938,49	
670,629	11828,01	
670,862	11933,23	
671,095	11752,6	
671,328	11433,42	
671,561	11673,68	
671,795	11366,78	
672,028	11479,02	
672,261	11114,24	
672,494	11080,92	
672,727	11184,39	
672,96	11152,82	
673,193	11107,23	
673,426	10872,23	
673,659	10891,52	
673,892	10675,81	
674,125	10533,76	
674,358	10528,5	
674,591	10323,31	
674,824	10379,43	
675,057	10375,92	
675,29	10323,31	
675,523	9905,92	
675,755	10221,59	
675,988	10312,79	
676,221	9883,12	
676,454	9993,61	
676,687	9662,16	
676,919	10047,98	
677,152	9420,14	
677,385	9499,06	
677,617	9488,54	
677,85	9542,9	
678,083	9139,54	
678,315	9257,04	
678,548	9076,41	
678,78	8902,79	
679,013	9272,83	
679,246	8909,81	
679,478	8923,84	
679,711	9113,24	
679,943	8623,95	
680,175	9018,54	
680,408	8680,07	
680,64	8571,34	
680,873	8497,68	
681,105	8529,25	
681,338	8373,17	
681,57	8262,68	
681,802	8299,51	
682,034	8052,23	
682,267	7976,82	
682,499	8117,12	
682,731	8022,42	
682,964	7911,94	
683,196	7924,21	
683,428	7950,52	
683,66	7785,67	
683,892	8022,42	
684,124	7366,53	
684,356	7797,94	
684,589	7705	
684,821	7496,3	
685,053	7247,27	
685,285	7540,15	
685,517	7106,98	
685,749	7364,77	
685,981	7292,87	
686,213	7007,01	
686,445	6889,51	
686,676	7007,01	
686,908	7068,39	
687,14	6868,47	
687,372	7236,75	
687,604	6919,33	
687,836	6861,45	
688,068	6780,78	
688,299	6698,36	
688,531	6380,93	
688,763	6624,7	
688,995	6603,66	
689,226	6419,52	
689,458	6321,31	
689,69	6479,14	
689,921	6277,46	
690,153	6179,25	
690,384	6228,36	
690,616	6137,17	
690,848	6219,59	
691,079	5984,59	
691,311	6016,16	
691,542	5875,86	
691,774	5886,38	
692,005	6012,65	
692,237	5979,33	
692,468	5725,04	
692,699	5819,74	
692,931	5523,36	
693,162	5425,15	
693,393	5344,48	
693,625	5512,84	
693,856	5497,06	
694,087	5435,67	
694,319	5533,88	
694,55	5472,5	
694,781	5272,58	
695,012	5160,34	
695,243	4956,91	
695,475	5388,32	
695,706	5347,99	
695,937	5072,65	
696,168	5160,34	
696,399	4932,36	
696,63	4716,65	
696,861	4920,08	
697,092	4783,29	
697,323	4928,85	
697,554	4786,8	
697,785	4797,32	
698,016	4885	
698,247	4637,73	
698,478	4511,46	
698,709	4411,5	
698,94	4571,09	
699,171	4520,23	
699,401	4576,35	
699,632	4355,38	
699,863	4511,46	
700,094	4286,98	
700,325	4355,38	
700,555	4551,8	
700,786	4304,52	
701,017	4299,26	
701,247	4271,2	
701,478	4322,06	
701,709	4034,45	
701,939	4213,33	
702,17	4185,27	
702,401	4016,91	
702,631	4085,31	
702,862	3930,98	
703,092	4037,95	
703,323	3795,94	
703,553	3995,87	
703,784	3913,44	
704,014	3836,28	
704,244	3746,84	
704,475	3829,26	
704,705	3655,64	
704,936	3746,84	
705,166	3760,87	
705,396	3559,19	
705,627	3708,25	
705,857	3681,95	
706,087	3482,02	
706,317	3418,89	
706,548	3401,35	
706,778	3645,12	
707,008	3543,4	
707,238	3387,32	
707,468	3373,29	
707,698	3196,17	
707,928	3420,64	
708,158	3439,93	
708,389	3255,79	
708,619	3371,54	
708,849	3290,87	
709,079	3182,14	
709,309	3261,05	
709,539	3250,53	
709,768	3182,14	
709,998	2962,92	
710,228	2999,75	
710,458	2933,11	
710,688	3008,52	
710,918	2936,61	
711,148	2920,83	
711,378	2887,51	
711,607	2843,67	
711,837	2845,42	
712,067	2827,88	
712,297	2794,56	
712,526	2884	
712,756	2685,83	
712,986	2561,32	
713,215	2678,82	
713,445	2748,97	
713,674	2542,03	
713,904	2680,57	
714,134	2531,5	
714,363	2638,48	
714,593	2505,2	
714,822	2542,03	
715,052	2475,38	
715,281	2691,09	
715,511	2503,44	
715,74	2426,28	
715,969	2605,16	
716,199	2568,33	
716,428	2161,47	
716,657	2396,47	
716,887	2305,27	
717,116	2349,12	
717,345	2282,47	
717,575	2349,12	
717,804	2298,26	
718,033	2063,26	
718,262	2249,15	
718,492	2043,97	
718,721	2357,89	
718,95	2059,75	
719,179	2163,22	
719,408	2028,18	
719,637	2065,01	
719,866	2124,64	
720,095	2038,71	
720,324	2307,03	
720,553	2047,48	
720,782	2086,06	
721,011	2045,72	
721,24	2017,66	
721,469	1842,29	
721,698	1870,35	
721,927	2089,56	
722,156	2038,71	
722,385	2031,69	
722,613	1754,6	
722,842	2021,17	
723,071	1635,35	
723,3	1775,65	
723,529	1912,44	
723,757	1840,54	
723,986	1496,81	
724,215	1735,31	
724,443	1819,49	
724,672	1680,95	
724,901	1731,8	
725,129	1598,52	
725,358	1626,58	
725,586	1630,09	
725,815	1610,8	
726,043	1789,68	
726,272	1649,38	
726,5	1821,24	
726,729	1651,13	
726,957	1551,17	
727,186	1686,21	
727,414	1468,75	
727,642	1540,65	
727,871	1717,77	
728,099	1654,64	
728,327	1595,01	
728,556	1563,45	
728,784	1698,48	
729,012	1298,63	
729,241	1596,77	
729,469	1454,72	
729,697	1246,02	
729,925	1493,3	
730,153	1395,09	
730,381	1123,26	
730,61	1367,03	
730,838	1452,96	
731,066	1337,22	
731,294	1403,86	
731,522	1216,21	
731,75	1319,68	
731,978	1454,72	
732,206	1231,99	
732,434	1139,05	
732,662	1324,94	
732,89	1317,93	
733,118	1205,69	
733,346	1330,2	
733,573	1286,36	
733,801	1231,99	
734,029	1221,47	
734,257	1060,13	
734,485	1186,4	
734,712	1093,45	
734,94	1088,19	
735,168	1072,4	
735,396	1261,81	
735,623	1209,19	
735,851	1133,78	
736,078	1100,46	
736,306	1105,72	
736,534	1102,22	
736,761	953,15	
736,989	1270,57	
737,216	1084,68	
737,444	1333,71	
737,671	1044,34	
737,899	1291,62	
738,126	1198,67	
738,354	898,78	
738,581	1233,75	
738,809	1053,11	
739,036	1051,36	
739,263	1102,22	
739,491	1016,28	
739,718	1028,56	
739,945	942,63	
740,173	1007,52	
740,4	844,42	
740,627	968,93	
740,854	779,53	
741,081	970,69	
741,309	1091,69	
741,536	854,94	
741,763	823,37	
741,99	939,12	
742,217	925,09	
742,444	719,9	
742,671	839,16	
742,898	714,64	
743,125	811,1	
743,352	1126,77	
743,579	923,34	
743,806	776,02	
744,033	747,96	
744,26	846,17	
744,487	867,22	
744,714	723,41	
744,941	821,62	
745,167	793,56	
745,394	804,08	
745,621	961,92	
745,848	791,81	
746,075	872,48	
746,301	770,76	
746,528	691,85	
746,755	619,94	
746,981	618,19	
747,208	781,29	
747,435	874,23	
747,661	793,56	
747,888	612,93	
748,114	753,23	
748,341	802,33	
748,567	912,81	
748,794	542,78	
749,02	683,08	
749,247	704,12	
749,473	697,11	
749,7	911,06	
749,926	911,06	
750,152	497,18	
750,379	925,09	
750,605	788,3	
750,831	698,86	
751,058	719,9	
751,284	698,86	
751,51	569,08	
751,737	844,42	
751,963	684,83	
752,189	565,58	
752,415	495,43	
752,641	676,06	
752,867	563,82	
753,094	572,59	
753,32	716,4	
753,546	702,37	
753,772	556,81	
753,998	633,97	
754,224	569,08	
754,45	676,06	
754,676	455,09	
754,902	658,52	
755,128	812,85	
755,354	577,85	
755,579	609,42	
755,805	407,74	
756,031	456,85	
756,257	474,38	
756,483	560,32	
756,709	642,74	
756,934	584,87	
757,16	511,21	
757,386	649,76	
757,612	663,79	
757,837	579,61	
758,063	444,57	
758,289	477,89	
758,514	477,89	
758,74	537,52	
758,965	667,29	
759,191	465,61	
759,416	353,38	
759,642	427,03	
759,868	439,31	
760,093	349,87	
760,318	546,29	
760,544	402,48	
760,769	432,29	
760,995	323,56	
761,22	358,64	
761,445	614,68	
761,671	581,36	
761,896	362,14	
762,121	346,36	
762,347	318,3	
762,572	565,58	
762,797	267,44	
763,022	502,44	
763,248	370,91	
763,473	420,02	
763,698	320,06	
763,923	423,52	
764,148	400,73	
764,373	474,38	
764,598	502,44	
764,823	425,28	
765,048	574,35	
765,273	598,9	
765,498	320,06	
765,723	323,56	
765,948	306,03	
766,173	309,53	
766,398	360,39	
766,623	649,76	
766,848	398,97	
767,073	256,92	
767,298	328,82	
767,522	304,27	
767,747	253,41	
767,972	348,11	
768,197	274,46	
768,421	292	
768,646	234,12	
768,871	209,57	
769,095	263,94	
769,32	185,02	
769,545	348,11	
769,769	328,82	
769,994	92,07	
770,218	249,91	
770,443	149,94	
770,667	249,91	
770,892	299,01	
771,116	272,7	
771,341	393,71	
771,565	360,39	
771,79	207,82	
772,014	186,77	
772,238	218,34	
772,463	244,64	
772,687	391,96	
772,911	246,4	
773,136	302,52	
773,36	195,54	
773,584	327,07	
773,808	263,94	
774,033	276,21	
774,257	283,23	
774,481	141,17	
774,705	225,35	
774,929	204,31	
775,153	185,02	
775,377	181,51	
775,602	62,26	
775,826	220,09	
776,05	237,63	
776,274	118,38	
776,498	130,65	
776,722	344,61	
776,945	258,67	
777,169	35,95	
777,393	197,29	
777,617	232,37	
777,841	192,03	
778,065	179,76	
778,289	220,09	
778,512	328,82	
778,736	258,67	
778,96	104,35	
779,184	270,95	
779,407	398,97	
779,631	211,32	
779,855	148,19	
780,078	162,22	
780,302	200,8	
780,526	200,8	
780,749	170,99	
780,973	93,82	
781,196	276,21	
781,42	123,64	
781,643	74,53	
781,867	178	
782,09	146,44	
782,314	16,66	
782,537	228,86	
782,76	162,22	
782,984	223,6	
783,207	-41,21	
783,431	223,6	
783,654	92,07	
783,877	48,23	
784,1	28,94	
784,324	269,2	
784,547	158,71	
784,77	6,14	
784,993	137,67	
785,216	230,62	
785,44	146,44	
785,663	218,34	
785,886	60,5	
786,109	207,82	
786,332	390,2	
786,555	130,65	
786,778	58,75	
787,001	21,92	
787,224	-16,66	
787,447	88,56	
787,67	-16,66	
787,893	48,23	
788,116	-99,09	
788,339	11,4	
788,561	11,4	
788,784	53,49	
789,007	25,43	
789,23	302,52	
789,453	106,1	
789,675	151,7	
789,898	235,88	
790,121	99,09	
790,344	163,97	
790,566	139,42	
790,789	99,09	
791,012	155,2	
791,234	188,53	
791,457	128,9	
791,679	60,5	
791,902	90,32	
792,124	-25,43	
792,347	-2,63	
792,569	41,21	
792,792	7,89	
793,014	-111,36	
793,237	51,73	
793,459	-97,33	
793,681	169,23	
793,904	100,84	
794,126	69,27	
794,348	83,3	
794,571	283,23	
794,793	265,69	
795,015	-11,4	
795,237	25,43	
795,46	85,06	
795,682	16,66	
795,904	71,03	
796,126	-25,43	
796,348	358,64	
796,57	258,67	
796,792	156,96	
797,014	135,91	
797,237	-11,4	
797,459	23,68	
797,681	57	
797,903	195,54	
798,124	-0,88	
798,346	114,87	
798,568	-11,4	
798,79	51,73	
799,012	67,52	
799,234	102,59	
799,456	-88,56	
799,678	2,63	
799,899	272,7	
800,121	151,7	
800,343	270,95	
800,565	213,08	
800,786	230,62	
801,008	7,89	
801,23	-90,32	
801,451	249,91	
801,673	1026,81	
801,895	106,1	
802,116	244,64	
802,338	65,76	
802,559	85,06	
802,781	111,36	
803,002	188,53	
803,224	0,88	
803,445	41,21	
803,667	153,45	
803,888	81,55	
804,109	67,52	
804,331	170,99	
804,552	74,53	
804,773	197,29	
804,995	-65,76	
805,216	95,58	
805,437	202,56	
805,658	78,04	
805,88	34,2	
806,101	64,01	
806,322	120,13	
806,543	127,15	
806,764	30,69	
806,985	183,26	
807,207	23,68	
807,428	156,96	
807,649	107,85	
807,87	111,36	
808,091	128,9	
808,312	2,63	
808,533	-18,41	
808,754	-85,06	
808,975	-13,15	
809,195	-71,03	
809,416	135,91	
809,637	69,27	
809,858	88,56	
810,079	-109,61	
810,3	67,52	
810,52	181,51	
810,741	28,94	
810,962	-128,9	
811,183	-46,47	
811,403	53,49	
811,624	141,17	
811,845	304,27	
812,065	148,19	
812,286	9,65	
812,506	162,22	
812,727	118,38	
812,948	9,65	
813,168	16,66	
813,389	-85,06	
813,609	104,35	
813,83	85,06	
814,05	-120,13	
814,27	-21,92	
814,491	109,61	
814,711	49,98	
814,931	51,73	
815,152	78,04	
815,372	57	
815,592	35,95	
815,813	44,72	
816,033	-57	
816,253	174,5	
816,473	188,53	
816,694	2,63	
816,914	55,24	
817,134	7,89	
817,354	21,92	
817,574	46,47	
817,794	121,88	
818,014	-104,35	
818,234	-172,74	
818,454	146,44	
818,674	35,95	
818,894	65,76	
819,114	23,68	
819,334	69,27	
819,554	74,53	
819,774	-92,07	
819,994	125,39	
820,214	-18,41	
820,433	99,09	
820,653	7,89	
820,873	-16,66	
821,093	-16,66	
821,312	-71,03	
821,532	-21,92	
821,752	-53,49	
821,972	-58,75	
822,191	-90,32	
822,411	190,28	
822,63	-13,15	
822,85	100,84	
823,07	263,94	
823,289	-28,94	
823,509	-81,55	
823,728	93,82	
823,948	-42,97	
824,167	137,67	
824,387	25,43	
824,606	6,14	
824,825	44,72	
825,045	32,44	
825,264	46,47	
825,483	256,92	
825,703	-16,66	
825,922	-42,97	
826,141	144,68	
826,361	-97,33	
826,58	-2,63	
826,799	-62,26	
827,018	228,86	
827,237	-48,23	
827,456	-7,89	
827,676	-34,2	
827,895	125,39	
828,114	11,4	
828,333	16,66	
828,552	-65,76	
828,771	72,78	
828,99	95,58	
829,209	-51,73	
829,428	51,73	
829,647	46,47	
829,866	-123,64	
830,084	-90,32	
830,303	-79,79	
830,522	100,84	
830,741	141,17	
830,96	107,85	
831,179	48,23	
831,397	0,88	
831,616	34,2	
831,835	-35,95	
832,053	216,59	
832,272	67,52	
832,491	27,18	
832,709	158,71	
832,928	64,01	
833,147	7,89	
833,365	-20,17	
833,584	-149,94	
833,802	116,62	
834,021	-18,41	
834,239	30,69	
834,458	9,65	
834,676	-58,75	
834,894	-83,3	
835,113	-32,44	
835,331	16,66	
835,55	86,81	
835,768	4,38	
835,986	-99,09	
836,204	-18,41	
836,423	48,23	
836,641	-4,38	
836,859	116,62	
837,077	211,32	
837,296	51,73	
837,514	155,2	
837,732	97,33	
837,95	-178	
838,168	34,2	
838,386	-71,03	
838,604	-49,98	
838,822	35,95	
839,04	67,52	
839,258	95,58	
839,476	4,38	
839,694	148,19	
839,912	-116,62	
840,13	-170,99	
840,348	0,88	
840,566	4,38	
840,783	-28,94	
841,001	-109,61	
841,219	-90,32	
841,437	181,51	
841,655	-44,72	
841,872	151,7	
842,09	-4,38	
842,308	-28,94	
842,525	95,58	
842,743	102,59	
842,961	18,41	
843,178	-123,64	
843,396	14,91	
843,613	284,98	
843,831	-69,27	
844,048	162,22	
844,266	13,15	
844,483	188,53	
844,701	-51,73	
844,918	100,84	
845,136	-46,47	
845,353	4,38	
845,57	162,22	
845,788	141,17	
846,005	223,6	
846,222	-130,65	
846,439	-58,75	
846,657	251,66	
846,874	-120,13	
847,091	42,97	
847,308	2,63	
847,526	-93,82	
847,743	-69,27	
847,96	-163,97	
848,177	160,47	
848,394	-60,5	
848,611	-41,21	
848,828	79,79	
849,045	169,23	
849,262	-128,9	
849,479	-71,03	
849,696	160,47	
849,913	-14,91	
850,13	-25,43	
850,347	64,01	
850,564	-20,17	
850,78	127,15	
850,997	-27,18	
851,214	-57	
851,431	-25,43	
851,647	-7,89	
851,864	-141,17	
852,081	-57	
852,298	28,94	
852,514	37,71	
852,731	151,7	
852,948	-195,54	
853,164	-202,56	
853,381	-35,95	
853,597	202,56	
853,814	28,94	
854,03	-92,07	
854,247	-141,17	
854,463	-51,73	
854,68	-97,33	
854,896	-57	
855,113	-30,69	
855,329	144,68	
855,545	-195,54	
855,762	2,63	
855,978	-37,71	
856,194	99,09	
856,411	193,79	
856,627	2,63	
856,843	-21,92	
857,059	-93,82	
857,275	-169,23	
857,492	141,17	
857,708	51,73	
857,924	-20,17	
858,14	42,97	
858,356	11,4	
858,572	51,73	
858,788	65,76	
859,004	-53,49	
859,22	-120,13	
859,436	-58,75	
859,652	114,87	
859,868	65,76	
860,084	-49,98	
860,3	249,91	
860,516	-23,68	
860,731	-144,68	
860,947	100,84	
861,163	-2,63	
861,379	109,61	
861,595	-128,9	
861,81	-46,47	
862,026	-71,03	
862,242	-79,79	
862,457	-51,73	
862,673	-16,66	
862,889	16,66	
863,104	46,47	
863,32	-6,14	
863,535	0,88	
863,751	-9,65	
863,966	-148,19	
864,182	-16,66	
864,397	100,84	
864,613	97,33	
864,828	49,98	
865,044	95,58	
865,259	-37,71	
865,474	34,2	
865,69	-93,82	
865,905	-53,49	
866,12	-2,63	
866,336	67,52	
866,551	46,47	
866,766	49,98	
866,981	-81,55	
867,196	130,65	
867,412	120,13	
867,627	-51,73	
867,842	-130,65	
868,057	-7,89	
868,272	-34,2	
868,487	9,65	
868,702	-16,66	
868,917	83,3	
869,132	-44,72	
869,347	-214,83	
869,562	-64,01	
869,777	158,71	
869,992	-139,42	
870,207	-128,9	
870,422	-53,49	
870,636	-72,78	
870,851	-48,23	
871,066	-4,38	
871,281	-16,66	
871,495	-14,91	
871,71	18,41	
871,925	-123,64	
872,14	-11,4	
872,354	109,61	
872,569	4,38	
872,783	-58,75	
872,998	34,2	
873,213	-46,47	
873,427	-55,24	
873,642	-72,78	
873,856	-79,79	
874,071	-58,75	
874,285	-116,62	
874,5	-32,44	
874,714	-97,33	
874,928	204,31	
875,143	-163,97	
875,357	-127,15	
875,571	-85,06	
875,786	-102,59	
876	107,85	
876,214	-44,72	
876,429	102,59	
876,643	67,52	
876,857	6,14	
877,071	-116,62	
877,285	-100,84	
877,499	-72,78	
877,714	-104,35	
877,928	-37,71	
878,142	-0,88	
878,356	-83,3	
878,57	-79,79	
878,784	-127,15	
878,998	109,61	
879,212	172,74	
879,426	-7,89	
879,639	-167,48	
879,853	46,47	
880,067	95,58	
880,281	-16,66	
880,495	-86,81	
880,709	-162,22	
880,922	42,97	
881,136	123,64	
881,35	-185,02	
881,564	-62,26	
881,777	18,41	
881,991	44,72	
882,205	-216,59	
882,418	99,09	
882,632	23,68	
882,845	113,12	
883,059	-11,4	
883,273	72,78	
883,486	-32,44	
883,7	104,35	
883,913	163,97	
884,126	-46,47	
884,34	20,17	
884,553	58,75	
884,767	-97,33	
884,98	-155,2	
885,193	-46,47	
885,407	99,09	
885,62	104,35	
885,833	58,75	
886,046	-6,14	
886,26	-88,56	
886,473	-60,5	
886,686	-72,78	
886,899	156,96	
887,112	-106,1	
887,326	-109,61	
887,539	-214,83	
887,752	-83,3	
887,965	37,71	
888,178	28,94	
888,391	-64,01	
888,604	-46,47	
888,817	-18,41	
889,03	9,65	
889,243	65,76	
889,455	-6,14	
889,668	-53,49	
889,881	-32,44	
890,094	79,79	
890,307	-81,55	
890,52	-95,58	
890,732	100,84	
890,945	118,38	
891,158	-95,58	
891,37	6,14	
891,583	-39,46	
891,796	-0,88	
892,008	-16,66	
892,221	100,84	
892,434	-107,85	
892,646	-158,71	
892,859	14,91	
893,071	207,82	
893,284	-158,71	
893,496	0,88	
893,709	-57	
893,921	-67,52	
894,133	-69,27	
894,346	-32,44	
894,558	-60,5	
894,771	-48,23	
894,983	-25,43	
895,195	-214,83	
895,407	-81,55	
895,62	-218,34	
895,832	23,68	
896,044	-92,07	
896,256	20,17	
896,468	69,27	
896,681	-62,26	
896,893	-74,53	
897,105	14,91	
897,317	11,4	
897,529	7,89	
897,741	-25,43	
897,953	16,66	
898,165	-11,4	
898,377	28,94	
898,589	23,68	
898,801	-11,4	
899,013	13,15	
899,224	72,78	
899,436	-116,62	
899,648	72,78	
899,86	72,78	
900,072	28,94	
900,283	-49,98	
900,495	-151,7	
900,707	34,2	
900,919	-25,43	
901,13	104,35	
901,342	-72,78	
901,554	-113,12	
901,765	-93,82	
901,977	-169,23	
902,188	-27,18	
902,4	204,31	
902,611	123,64	
902,823	-6,14	
903,034	-76,29	
903,246	128,9	
903,457	-11,4	
903,669	39,46	
903,88	114,87	
904,091	-221,85	
904,303	20,17	
904,514	-95,58	
904,725	14,91	
904,936	34,2	
905,148	-88,56	
905,359	-121,88	
905,57	-99,09	
905,781	-71,03	
905,992	-153,45	
906,204	-42,97	
906,415	-48,23	
906,626	-41,21	
906,837	-135,91	
907,048	-85,06	
907,259	-20,17	
907,47	44,72	
907,681	-81,55	
907,892	95,58	
908,103	-104,35	
908,314	6,14	
908,525	51,73	
908,735	-11,4	
908,946	0,88	
909,157	-18,41	
909,368	14,91	
909,579	-25,43	
909,789	9,65	
910	195,54	
910,211	65,76	
910,421	27,18	
910,632	-148,19	
910,843	2,63	
911,053	116,62	
911,264	-25,43	
911,475	-104,35	
911,685	102,59	
911,896	51,73	
912,106	-114,87	
912,317	-169,23	
912,527	-28,94	
912,737	-20,17	
912,948	-211,32	
913,158	-178	
913,369	57	
913,579	-72,78	
913,789	65,76	
914	-104,35	
914,21	225,35	
914,42	156,96	
914,63	-100,84	
914,841	16,66	
915,051	34,2	
915,261	72,78	
915,471	-95,58	
915,681	120,13	
915,891	-21,92	
916,101	21,92	
916,311	16,66	
916,521	-81,55	
916,731	104,35	
916,941	57	
917,151	55,24	
917,361	-106,1	
917,571	44,72	
917,781	-125,39	
917,991	-151,7	
918,201	204,31	
918,411	-30,69	
918,621	100,84	
918,83	-0,88	
919,04	-11,4	
919,25	-85,06	
919,46	-118,38	
919,669	-7,89	
919,879	123,64	
920,089	79,79	
920,298	-86,81	
920,508	132,41	
920,717	-209,57	
920,927	49,98	
921,136	-176,25	
921,346	-72,78	
921,555	-132,41	
921,765	-21,92	
921,974	-53,49	
922,184	-13,15	
922,393	214,83	
922,603	111,36	
922,812	-111,36	
923,021	-14,91	
923,23	-46,47	
923,44	-65,76	
923,649	102,59	
923,858	62,26	
924,067	-37,71	
924,277	27,18	
924,486	-118,38	
924,695	-97,33	
924,904	21,92	
925,113	-41,21	
925,322	-174,5	
925,531	-14,91	
925,74	-144,68	
925,949	-64,01	
926,158	-18,41	
926,367	-11,4	
926,576	-199,05	
926,785	2,63	
926,994	0,88	
927,203	-141,17	
927,412	-53,49	
927,621	-111,36	
927,83	41,21	
928,038	-57	
928,247	28,94	
928,456	34,2	
928,665	37,71	
928,873	-97,33	
929,082	81,55	
929,291	55,24	
929,499	-16,66	
929,708	9,65	
929,916	-88,56	
930,125	-23,68	
930,333	134,16	
930,542	-37,71	
930,75	-28,94	
930,959	2,63	
931,167	-69,27	
931,376	-32,44	
931,584	-34,2	
931,793	-55,24	
932,001	149,94	
932,209	37,71	
932,418	65,76	
932,626	-14,91	
932,834	-95,58	
933,042	16,66	
933,251	-106,1	
933,459	-53,49	
933,667	106,1	
933,875	139,42	
934,083	-28,94	
934,291	4,38	
934,499	-7,89	
934,707	107,85	
934,915	-6,14	
935,123	-23,68	
935,331	-125,39	
935,539	-125,39	
935,747	-113,12	
935,955	-113,12	
936,163	-90,32	
936,371	-116,62	
936,579	-25,43	
936,787	-6,14	
936,995	-27,18	
937,202	13,15	
937,41	-11,4	
937,618	23,68	
937,826	23,68	
938,033	-165,73	
938,241	64,01	
938,449	-74,53	
938,656	-211,32	
938,864	-92,07	
939,071	79,79	
939,279	-21,92	
939,486	55,24	
939,694	28,94	
939,901	-90,32	
940,109	-46,47	
940,316	-104,35	
940,524	4,38	
940,731	-123,64	
940,939	6,14	
941,146	-169,23	
941,353	-102,59	
941,561	141,17	
941,768	-0,88	
941,975	-90,32	
942,182	21,92	
942,39	104,35	
942,597	86,81	
942,804	-160,47	
943,011	-67,52	
943,218	-0,88	
943,425	-58,75	
943,632	-18,41	
943,839	-95,58	
944,046	114,87	
944,253	-83,3	
944,46	-114,87	
944,667	13,15	
944,874	-102,59	
945,081	-57	
945,288	-109,61	
945,495	39,46	
945,702	92,07	
945,909	-81,55	
946,115	-79,79	
946,322	72,78	
946,529	0,88	
946,736	135,91	
946,942	-165,73	
947,149	-118,38	
947,356	-81,55	
947,562	-113,12	
947,769	153,45	
947,976	76,29	
948,182	114,87	
948,389	13,15	
948,595	95,58	
948,802	-27,18	
949,008	-163,97	
949,215	13,15	
949,421	-202,56	
949,628	-104,35	
949,834	-92,07	
950,04	123,64	
950,247	-86,81	
950,453	-109,61	
950,659	-109,61	
950,865	-111,36	
951,072	-97,33	
951,278	-37,71	
951,484	-144,68	
951,69	-39,46	
951,896	-18,41	
952,103	-28,94	
952,309	11,4	
952,515	-85,06	
952,721	-106,1	
952,927	65,76	
953,133	-27,18	
953,339	218,34	
953,545	-13,15	
953,751	-111,36	
953,957	-11,4	
954,163	-176,25	
954,369	248,15	
954,574	-42,97	
954,78	-155,2	
954,986	-85,06	
955,192	-72,78	
955,398	55,24	
955,603	28,94	
955,809	25,43	
956,015	148,19	
956,22	-153,45	
956,426	-23,68	
956,632	-127,15	
956,837	25,43	
957,043	6,14	
957,248	-179,76	
957,454	-2,63	
957,66	-107,85	
957,865	-128,9	
958,07	-6,14	
958,276	156,96	
958,481	-111,36	
958,687	-121,88	
958,892	85,06	
959,097	-71,03	
959,303	44,72	
959,508	62,26	
959,713	-97,33	
959,919	-81,55	
960,124	-86,81	
960,329	44,72	
960,534	-149,94	
960,739	16,66	
960,945	2,63	
961,15	-93,82	
961,355	-42,97	
961,56	-90,32	
961,765	-35,95	
961,97	-11,4	
962,175	-34,2	
962,38	-16,66	
962,585	-127,15	
962,79	-37,71	
962,995	-127,15	
963,2	-28,94	
963,404	120,13	
963,609	53,49	
963,814	95,58	
964,019	25,43	
964,224	-93,82	
964,428	16,66	
964,633	-167,48	
964,838	-125,39	
965,042	-156,96	
965,247	221,85	
965,452	-249,91	
965,656	9,65	
965,861	-99,09	
966,066	-76,29	
966,27	-132,41	
966,475	6,14	
966,679	-158,71	
966,884	-188,53	
967,088	-127,15	
967,292	-64,01	
967,497	113,12	
967,701	37,71	
967,906	48,23	
968,11	-76,29	
968,314	-132,41	
968,518	-106,1	
968,723	170,99	
968,927	-58,75	
969,131	-113,12	
969,335	41,21	
969,539	313,04	
969,744	-211,32	
969,948	99,09	
970,152	-149,94	
970,356	-111,36	
970,56	-13,15	
970,764	-69,27	
970,968	-102,59	
971,172	127,15	
971,376	185,02	
971,58	9,65	
971,784	-85,06	
971,988	135,91	
972,192	69,27	
972,395	100,84	
972,599	-109,61	
972,803	57	
973,007	23,68	
973,21	71,03	
973,414	34,2	
973,618	-74,53	
973,822	-42,97	
974,025	142,93	
974,229	51,73	
974,432	-72,78	
974,636	-25,43	
974,84	88,56	
975,043	2,63	
975,247	160,47	
975,45	-160,47	
975,654	-179,76	
975,857	7,89	
976,06	9,65	
976,264	25,43	
976,467	-123,64	
976,671	-42,97	
976,874	-35,95	
977,077	-67,52	
977,28	4,38	
977,484	-221,85	
977,687	7,89	
977,89	81,55	
978,093	-74,53	
978,297	-107,85	
978,5	-28,94	
978,703	107,85	
978,906	42,97	
979,109	-88,56	
979,312	-65,76	
979,515	74,53	
979,718	-99,09	
979,921	-28,94	
980,124	-109,61	
980,327	60,5	
980,53	-62,26	
980,733	-23,68	
980,936	57	
981,138	6,14	
981,341	92,07	
981,544	-25,43	
981,747	49,98	
981,949	-49,98	
982,152	78,04	
982,355	16,66	
982,558	2,63	
982,76	-183,26	
982,963	-104,35	
983,165	-186,77	
983,368	-155,2	
983,571	-92,07	
983,773	-23,68	
983,976	146,44	
984,178	-14,91	
984,381	14,91	
984,583	60,5	
984,785	-69,27	
984,988	25,43	
985,19	11,4	
985,392	-14,91	
985,595	116,62	
985,797	-99,09	
985,999	-55,24	
986,202	32,44	
986,404	-30,69	
986,606	14,91	
986,808	92,07	
987,01	13,15	
987,212	60,5	
987,415	-83,3	
987,617	-102,59	
987,819	16,66	
988,021	179,76	
988,223	81,55	
988,425	-67,52	
988,627	-158,71	
988,829	97,33	
989,031	92,07	
989,232	60,5	
989,434	-148,19	
989,636	135,91	
989,838	-128,9	
990,04	86,81	
990,242	49,98	
990,443	-170,99	
990,645	-11,4	
990,847	-55,24	
991,048	2,63	
991,25	-190,28	
991,452	-27,18	
991,653	-148,19	
991,855	-109,61	
992,057	132,41	
992,258	-93,82	
992,46	83,3	
992,661	32,44	
992,863	-60,5	
993,064	116,62	
993,265	-139,42	
993,467	7,89	
993,668	144,68	
993,87	9,65	
994,071	0,88	
994,272	9,65	
994,473	-57	
994,675	-90,32	
994,876	-67,52	
995,077	2,63	
995,278	23,68	
995,48	11,4	
995,681	-85,06	
995,882	-18,41	
996,083	34,2	
996,284	-14,91	
996,485	-72,78	
996,686	49,98	
996,887	104,35	
997,088	-27,18	
997,289	116,62	
997,49	-41,21	
997,691	62,26	
997,892	-34,2	
998,092	-60,5	
998,293	64,01	
998,494	-102,59	
998,695	-2,63	
998,896	-7,89	
999,096	44,72	
999,297	-144,68	
999,498	-57	
999,698	-90,32	
999,899	-44,72	
1000,1	-183,26	
1000,3	-53,49	
1000,501	-55,24	
1000,701	-39,46	
1000,902	-37,71	
1001,102	109,61	
1001,303	-130,65	
1001,503	48,23	
1001,704	-57	
1001,904	88,56	
1002,105	-65,76	
1002,305	-28,94	
1002,505	-216,59	
1002,706	-178	
1002,906	-216,59	
1003,106	-86,81	
1003,306	4,38	
1003,507	-18,41	
1003,707	-72,78	
1003,907	-39,46	
1004,107	-34,2	
1004,307	-51,73	
1004,507	-137,67	
1004,707	-34,2	
1004,907	-28,94	
1005,107	-0,88	
1005,308	-37,71	
1005,507	-113,12	
1005,707	-193,79	
1005,907	-76,29	
1006,107	-83,3	
1006,307	-86,81	
1006,507	64,01	
1006,707	-46,47	
1006,907	6,14	
1007,106	44,72	
1007,306	-2,63	
1007,506	20,17	
1007,706	-18,41	
1007,905	-118,38	
1008,105	-88,56	
1008,305	67,52	
1008,504	-139,42	
1008,704	93,82	
1008,903	-165,73	
1009,103	44,72	
1009,303	-76,29	
1009,502	-57	
1009,702	27,18	
1009,901	-4,38	
1010,1	-134,16	
1010,3	-49,98	
1010,499	11,4	
1010,699	-51,73	
1010,898	-207,82	
1011,097	-132,41	
1011,296	-6,14	
1011,496	57	
1011,695	235,88	
1011,894	-116,62	
1012,093	2,63	
1012,293	-155,2	
1012,492	-21,92	
1012,691	-51,73	
1012,89	-39,46	
1013,089	-53,49	
1013,288	81,55	
1013,487	-34,2	
1013,686	-20,17	
1013,885	-92,07	
1014,084	-35,95	
1014,283	35,95	
1014,482	-88,56	
1014,681	-88,56	
1014,88	-44,72	
1015,078	7,89	
1015,277	27,18	
1015,476	-78,04	
1015,675	-64,01	
1015,873	85,06	
1016,072	-190,28	
1016,271	-6,14	
1016,47	-111,36	
1016,668	35,95	
1016,867	-148,19	
1017,065	-9,65	
1017,264	-85,06	
1017,463	-99,09	
1017,661	9,65	
1017,86	-34,2	
1018,058	28,94	
1018,256	-76,29	
1018,455	-178	
1018,653	-32,44	
1018,852	6,14	
1019,05	-197,29	
1019,248	97,33	
1019,447	-97,33	
1019,645	41,21	
1019,843	-27,18	
1020,041	-234,12	
1020,24	-100,84	
1020,438	-88,56	
1020,636	-100,84	
1020,834	-60,5	
1021,032	-44,72	
1021,23	-86,81	
1021,428	-7,89	
1021,626	18,41	
1021,824	-39,46	
1022,022	-44,72	
1022,22	-220,09	
1022,418	-114,87	
1022,616	-111,36	
1022,814	-148,19	
1023,012	35,95	
1023,21	-135,91	
1023,408	253,41	
1023,606	-113,12	
1023,803	-128,9	
1024,001	100,84	
1024,199	-114,87	
1024,397	48,23	
1024,594	141,17	
1024,792	-27,18	
1024,99	-53,49	
1025,187	-23,68	
1025,385	214,83	
1025,582	-172,74	
1025,78	-42,97	
1025,977	-95,58	
1026,175	60,5	
1026,372	-181,51	
1026,57	-32,44	
1026,767	284,98	
1026,965	-57	
1027,162	-251,66	
1027,359	34,2	
1027,557	-78,04	
1027,754	-163,97	
1027,951	-2,63	
1028,148	-116,62	
1028,346	28,94	
1028,543	-55,24	
1028,74	-153,45	
1028,937	-34,2	
1029,134	-71,03	
1029,331	-85,06	
1029,528	13,15	
1029,725	-35,95	
1029,923	-32,44	
1030,12	99,09	
1030,317	-86,81	
1030,513	88,56	
1030,71	-93,82	
1030,907	-95,58	
1031,104	79,79	
1031,301	-86,81	
1031,498	-20,17	
1031,695	-167,48	
1031,892	-193,79	
1032,088	-169,23	
1032,285	-76,29	
1032,482	-57	
1032,678	-113,12	
1032,875	34,2	
1033,072	190,28	
1033,268	-151,7	
1033,465	123,64	
1033,662	4,38	
1033,858	18,41	
1034,055	-18,41	
1034,251	-162,22	
1034,448	88,56	
1034,644	-167,48	
1034,84	-23,68	
1035,037	-42,97	
1035,233	-142,93	
1035,43	-185,02	
1035,626	-221,85	
1035,822	-62,26	
1036,019	42,97	
1036,215	60,5	
1036,411	-135,91	
1036,607	-130,65	
1036,803	-99,09	
1037	-74,53	
1037,196	207,82	
1037,392	-163,97	
1037,588	41,21	
1037,784	71,03	
1037,98	13,15	
1038,176	-65,76	
1038,372	4,38	
1038,568	-111,36	
1038,764	-81,55	
1038,96	-125,39	
1039,156	-97,33	
1039,352	-132,41	
1039,547	-28,94	
1039,743	-95,58	
1039,939	-42,97	
1040,135	-71,03	
1040,331	-92,07	
1040,526	-156,96	
1040,722	-0,88	
1040,918	-139,42	
1041,113	-34,2	
1041,309	-163,97	
1041,505	25,43	
1041,7	21,92	
1041,896	69,27	
1042,091	-169,23	
1042,287	28,94	
1042,482	-62,26	
1042,678	-35,95	
1042,873	74,53	
1043,069	-37,71	
1043,264	27,18	
1043,459	72,78	
1043,655	-146,44	
1043,85	-44,72	
1044,045	-244,64	
1044,24	-135,91	
1044,436	-200,8	
1044,631	-85,06	
1044,826	-55,24	
1045,021	-55,24	
1045,216	-55,24	
