couleur : rouge
angle source :0
angle capteur :30
source : 2700K
FLMT02171_1:101		
194,658	-577,27	
194,923	-577,27	
195,188	-577,27	
195,453	-563,24	
195,717	-2,05	
195,982	215,42	
196,247	10,23	
196,512	-94,99	
196,777	-49,4	
197,042	-45,89	
197,307	-0,29	
197,572	48,81	
197,837	6,72	
198,101	-82,72	
198,366	-17,83	
198,631	-23,09	
198,896	33,03	
199,161	176,83	
199,425	-37,12	
199,69	192,62	
199,955	-7,31	
200,22	3,22	
200,484	-223,02	
200,749	10,23	
201,014	24,26	
201,278	-51,15	
201,543	104,93	
201,807	-26,6	
202,072	154,04	
202,337	104,93	
202,601	143,51	
202,866	-152,87	
203,13	11,98	
203,395	1,46	
203,659	173,33	
203,924	-63,43	
204,189	33,03	
204,453	-73,95	
204,717	-79,21	
204,982	66,35	
205,246	15,49	
205,511	175,08	
205,775	62,84	
206,04	97,92	
206,304	-45,89	
206,568	-72,2	
206,833	-117,79	
207,097	61,09	
207,361	75,12	
207,626	-52,9	
207,89	66,35	
208,154	8,48	
208,419	31,27	
208,683	-42,38	
208,947	136,5	
209,211	108,44	
209,476	68,1	
209,74	108,44	
210,004	348,7	
210,268	168,07	
210,532	255,75	
210,796	41,8	
211,061	-45,89	
211,325	157,54	
211,589	334,67	
211,853	196,13	
212,117	47,06	
212,381	206,65	
212,645	34,78	
212,909	118,96	
213,173	22,51	
213,437	-24,84	
213,701	147,02	
213,965	68,1	
214,229	99,67	
214,493	180,34	
214,757	59,33	
215,021	-40,63	
215,285	122,47	
215,549	-54,66	
215,813	111,95	
216,077	-10,81	
216,34	50,57	
216,604	87,39	
216,868	-86,22	
217,132	-124,81	
217,396	101,42	
217,659	110,19	
217,923	147,02	
218,187	-35,37	
218,451	99,67	
218,714	143,51	
218,978	108,44	
219,242	285,57	
219,505	225,94	
219,769	-16,08	
220,033	157,54	
220,296	164,56	
220,56	55,83	
220,824	92,66	
221,087	168,07	
221,351	45,3	
221,614	-28,35	
221,878	-47,64	
222,142	29,52	
222,405	124,22	
222,669	-35,37	
222,932	15,49	
223,196	106,69	
223,459	162,8	
223,722	97,92	
223,986	-2,05	
224,249	222,43	
224,513	89,15	
224,776	-72,2	
225,04	11,98	
225,303	-24,84	
225,566	140,01	
225,83	196,13	
226,093	10,23	
226,356	-38,87	
226,62	248,74	
226,883	-65,18	
227,146	-44,14	
227,409	-35,37	
227,673	196,13	
227,936	-38,87	
228,199	38,29	
228,462	245,23	
228,725	71,61	
228,989	75,12	
229,252	62,84	
229,515	-14,32	
229,778	117,21	
230,041	138,25	
230,304	-94,99	
230,567	-68,69	
230,83	92,66	
231,093	13,74	
231,356	52,32	
231,619	45,3	
231,882	-61,67	
232,145	-23,09	
232,408	-58,17	
232,671	125,98	
232,934	-77,46	
233,197	173,33	
233,46	353,96	
233,723	27,77	
233,986	103,18	
234,249	-19,58	
234,512	17,24	
234,775	104,93	
235,037	78,63	
235,3	-49,4	
235,563	429,37	
235,826	136,5	
236,089	124,22	
236,351	33,03	
236,614	61,09	
236,877	117,21	
237,14	-45,89	
237,402	-3,8	
237,665	69,86	
237,928	-63,43	
238,19	20,75	
238,453	132,99	
238,716	255,75	
238,978	15,49	
239,241	11,98	
239,503	64,6	
239,766	15,49	
240,029	136,5	
240,291	11,98	
240,554	192,62	
240,816	134,74	
241,079	117,21	
241,341	97,92	
241,604	-73,95	
241,866	-73,95	
242,129	-128,31	
242,391	125,98	
242,653	-5,55	
242,916	90,9	
243,178	-28,35	
243,441	66,35	
243,703	96,16	
243,965	47,06	
244,228	352,21	
244,49	-23,09	
244,752	69,86	
245,015	94,41	
245,277	-38,87	
245,539	-12,57	
245,801	-119,55	
246,064	110,19	
246,326	234,71	
246,588	-45,89	
246,85	275,04	
247,112	-51,15	
247,374	171,57	
247,637	-7,31	
247,899	-66,93	
248,161	89,15	
248,423	-31,86	
248,685	248,74	
248,947	120,71	
249,209	227,69	
249,471	-24,84	
249,733	-45,89	
249,995	-116,04	
250,257	-75,7	
250,519	122,47	
250,781	213,66	
251,043	97,92	
251,305	196,13	
251,567	215,42	
251,829	41,8	
252,091	59,33	
252,353	-44,14	
252,615	68,1	
252,876	104,93	
253,138	155,79	
253,4	-0,29	
253,662	-28,35	
253,924	-175,66	
254,185	89,15	
254,447	36,54	
254,709	208,4	
254,971	57,58	
255,232	64,6	
255,494	185,6	
255,756	36,54	
256,017	-102,01	
256,279	-131,82	
256,541	-33,61	
256,802	132,99	
257,064	75,12	
257,326	41,8	
257,587	8,48	
257,849	278,55	
258,11	8,48	
258,372	-31,86	
258,633	110,19	
258,895	264,52	
259,156	199,63	
259,418	92,66	
259,679	69,86	
259,941	136,5	
260,202	140,01	
260,464	66,35	
260,725	-9,06	
260,987	85,64	
261,248	41,8	
261,509	141,76	
261,771	164,56	
262,032	80,38	
262,293	106,69	
262,555	89,15	
262,816	131,24	
263,077	13,74	
263,338	-0,29	
263,6	-138,84	
263,861	-154,62	
264,122	192,62	
264,383	8,48	
264,645	-30,11	
264,906	43,55	
265,167	-2,05	
265,428	3,22	
265,689	71,61	
265,95	259,26	
266,211	61,09	
266,473	-21,34	
266,734	-63,43	
266,995	-2,05	
267,256	33,03	
267,517	59,33	
267,778	4,97	
268,039	-12,57	
268,3	259,26	
268,561	76,87	
268,822	-14,32	
269,083	164,56	
269,344	11,98	
269,604	162,8	
269,865	-72,2	
270,126	120,71	
270,387	108,44	
270,648	-109,02	
270,909	-184,43	
271,17	6,72	
271,43	162,8	
271,691	213,66	
271,952	125,98	
272,213	-14,32	
272,473	-159,88	
272,734	155,79	
272,995	-109,02	
273,256	-128,31	
273,516	-33,61	
273,777	-23,09	
274,038	-58,17	
274,298	129,48	
274,559	27,77	
274,82	4,97	
275,08	-17,83	
275,341	-140,59	
275,601	-84,47	
275,862	-44,14	
276,122	157,54	
276,383	27,77	
276,643	159,3	
276,904	138,25	
277,164	122,47	
277,425	196,13	
277,685	64,6	
277,946	90,9	
278,206	-45,89	
278,467	83,89	
278,727	208,4	
278,987	89,15	
279,248	92,66	
279,508	13,74	
279,768	22,51	
280,029	122,47	
280,289	73,36	
280,549	-40,63	
280,81	120,71	
281,07	190,86	
281,33	-10,81	
281,59	287,32	
281,851	54,07	
282,111	120,71	
282,371	197,88	
282,631	76,87	
282,891	-30,11	
283,151	-87,98	
283,412	61,09	
283,672	75,12	
283,932	33,03	
284,192	-49,4	
284,452	-73,95	
284,712	111,95	
284,972	48,81	
285,232	269,78	
285,492	19	
285,752	262,77	
286,012	138,25	
286,272	-131,82	
286,532	150,53	
286,792	136,5	
287,052	31,27	
287,312	34,78	
287,571	103,18	
287,831	45,3	
288,091	147,02	
288,351	-24,84	
288,611	-184,43	
288,871	-45,89	
289,13	-38,87	
289,39	176,83	
289,65	140,01	
289,91	494,26	
290,17	69,86	
290,429	-24,84	
290,689	78,63	
290,949	106,69	
291,208	10,23	
291,468	-51,15	
291,728	189,11	
291,987	-58,17	
292,247	-12,57	
292,506	231,2	
292,766	122,47	
293,026	40,04	
293,285	-7,31	
293,545	134,74	
293,804	-54,66	
294,064	252,24	
294,323	76,87	
294,583	19	
294,842	-103,76	
295,102	131,24	
295,361	187,36	
295,621	78,63	
295,88	161,05	
296,139	-16,08	
296,399	66,35	
296,658	104,93	
296,917	-61,67	
297,177	19	
297,436	217,17	
297,695	154,04	
297,955	215,42	
298,214	15,49	
298,473	83,89	
298,732	117,21	
298,992	92,66	
299,251	73,36	
299,51	-2,05	
299,769	148,77	
300,028	-35,37	
300,287	19	
300,547	-49,4	
300,806	94,41	
301,065	-152,87	
301,324	106,69	
301,583	80,38	
301,842	190,86	
302,101	94,41	
302,36	176,83	
302,619	110,19	
302,878	97,92	
303,137	92,66	
303,396	6,72	
303,655	120,71	
303,914	118,96	
304,173	8,48	
304,432	71,61	
304,691	-117,79	
304,95	117,21	
305,208	155,79	
305,467	64,6	
305,726	-156,37	
305,985	22,51	
306,244	48,81	
306,503	26,01	
306,761	103,18	
307,02	-84,47	
307,279	197,88	
307,537	99,67	
307,796	-116,04	
308,055	-10,81	
308,314	33,03	
308,572	138,25	
308,831	-68,69	
309,09	227,69	
309,348	48,81	
309,607	-14,32	
309,865	118,96	
310,124	155,79	
310,382	83,89	
310,641	19	
310,9	-131,82	
311,158	106,69	
311,417	78,63	
311,675	-47,64	
311,933	-77,46	
312,192	106,69	
312,45	-30,11	
312,709	113,7	
312,967	215,42	
313,226	292,58	
313,484	-72,2	
313,742	157,54	
314,001	-16,08	
314,259	168,07	
314,517	73,36	
314,776	-21,34	
315,034	24,26	
315,292	132,99	
315,55	145,27	
315,809	-63,43	
316,067	148,77	
316,325	38,29	
316,583	43,55	
316,841	-70,44	
317,1	145,27	
317,358	-19,58	
317,616	-84,47	
317,874	29,52	
318,132	33,03	
318,39	196,13	
318,648	103,18	
318,906	36,54	
319,164	-100,25	
319,422	-84,47	
319,68	-103,76	
319,938	87,39	
320,196	-89,73	
320,454	87,39	
320,712	-9,06	
320,97	-16,08	
321,228	-3,8	
321,486	-100,25	
321,744	-14,32	
322,002	-42,38	
322,26	48,81	
322,517	20,75	
322,775	-42,38	
323,033	-19,58	
323,291	29,52	
323,549	19	
323,806	4,97	
324,064	92,66	
324,322	159,3	
324,58	19	
324,837	-80,96	
325,095	-31,86	
325,353	211,91	
325,61	20,75	
325,868	161,05	
326,126	-66,93	
326,383	132,99	
326,641	-37,12	
326,898	-68,69	
327,156	15,49	
327,413	80,38	
327,671	187,36	
327,928	52,32	
328,186	85,64	
328,443	-40,63	
328,701	111,95	
328,958	-140,59	
329,216	73,36	
329,473	138,25	
329,731	8,48	
329,988	155,79	
330,245	-19,58	
330,503	3,22	
330,76	62,84	
331,017	-44,14	
331,275	75,12	
331,532	47,06	
331,789	129,48	
332,047	92,66	
332,304	-3,8	
332,561	367,99	
332,818	41,8	
333,076	83,89	
333,333	40,04	
333,59	80,38	
333,847	185,6	
334,104	110,19	
334,361	201,39	
334,618	13,74	
334,876	164,56	
335,133	-45,89	
335,39	62,84	
335,647	-109,02	
335,904	26,01	
336,161	-158,13	
336,418	13,74	
336,675	-37,12	
336,932	55,83	
337,189	108,44	
337,446	27,77	
337,703	117,21	
337,96	69,86	
338,216	-5,55	
338,473	-70,44	
338,73	61,09	
338,987	-35,37	
339,244	-100,25	
339,501	180,34	
339,757	-152,87	
340,014	-49,4	
340,271	103,18	
340,528	69,86	
340,785	118,96	
341,041	43,55	
341,298	99,67	
341,555	-21,34	
341,811	-93,24	
342,068	124,22	
342,325	36,54	
342,581	19	
342,838	110,19	
343,094	136,5	
343,351	-66,93	
343,608	-107,27	
343,864	69,86	
344,121	-38,87	
344,377	108,44	
344,634	161,05	
344,89	52,32	
345,147	-124,81	
345,403	41,8	
345,66	3,22	
345,916	-145,85	
346,172	-42,38	
346,429	225,94	
346,685	54,07	
346,942	6,72	
347,198	-33,61	
347,454	-58,17	
347,711	68,1	
347,967	-42,38	
348,223	-26,6	
348,48	71,61	
348,736	87,39	
348,992	-56,41	
349,248	-33,61	
349,504	-72,2	
349,761	29,52	
350,017	-28,35	
350,273	-89,73	
350,529	1,46	
350,785	31,27	
351,041	-152,87	
351,297	127,73	
351,554	8,48	
351,81	-103,76	
352,066	3,22	
352,322	4,97	
352,578	485,49	
352,834	-33,61	
353,09	141,76	
353,346	10,23	
353,602	41,8	
353,858	-44,14	
354,114	4,97	
354,369	54,07	
354,625	-28,35	
354,881	-110,78	
355,137	111,95	
355,393	-105,52	
355,649	-21,34	
355,905	-9,06	
356,16	15,49	
356,416	61,09	
356,672	-19,58	
356,928	57,58	
357,183	108,44	
357,439	-82,72	
357,695	-24,84	
357,951	-72,2	
358,206	99,67	
358,462	94,41	
358,718	-2,05	
358,973	129,48	
359,229	-77,46	
359,484	-9,06	
359,74	-28,35	
359,996	3,22	
360,251	122,47	
360,507	-30,11	
360,762	38,29	
361,018	29,52	
361,273	62,84	
361,529	-38,87	
361,784	189,11	
362,04	-109,02	
362,295	-9,06	
362,55	-68,69	
362,806	62,84	
363,061	36,54	
363,316	-45,89	
363,572	168,07	
363,827	1,46	
364,082	162,8	
364,338	-12,57	
364,593	-73,95	
364,848	236,46	
365,104	-131,82	
365,359	26,01	
365,614	-79,21	
365,869	140,01	
366,124	24,26	
366,38	148,77	
366,635	164,56	
366,89	185,6	
367,145	8,48	
367,4	20,75	
367,655	103,18	
367,91	-161,64	
368,165	83,89	
368,42	-37,12	
368,675	47,06	
368,93	3,22	
369,185	190,86	
369,44	1,46	
369,695	-3,8	
369,95	48,81	
370,205	-38,87	
370,46	110,19	
370,715	43,55	
370,97	83,89	
371,225	176,83	
371,48	168,07	
371,734	48,81	
371,989	47,06	
372,244	-114,28	
372,499	99,67	
372,754	225,94	
373,008	-233,54	
373,263	48,81	
373,518	210,15	
373,773	29,52	
374,027	-54,66	
374,282	-52,9	
374,537	124,22	
374,791	138,25	
375,046	68,1	
375,301	92,66	
375,555	76,87	
375,81	10,23	
376,064	27,77	
376,319	76,87	
376,573	-37,12	
376,828	-142,34	
377,082	-56,41	
377,337	190,86	
377,591	-58,17	
377,846	-102,01	
378,1	196,13	
378,355	96,16	
378,609	211,91	
378,863	-112,53	
379,118	90,9	
379,372	-128,31	
379,627	104,93	
379,881	89,15	
380,135	187,36	
380,389	-9,06	
380,644	-56,41	
380,898	159,3	
381,152	-24,84	
381,407	-14,32	
381,661	69,86	
381,915	134,74	
382,169	69,86	
382,423	45,3	
382,677	-117,79	
382,932	152,28	
383,186	-5,55	
383,44	-37,12	
383,694	-245,81	
383,948	1,46	
384,202	66,35	
384,456	85,64	
384,71	-38,87	
384,964	-37,12	
385,218	155,79	
385,472	122,47	
385,726	22,51	
385,98	136,5	
386,234	-59,92	
386,488	-47,64	
386,742	41,8	
386,996	106,69	
387,249	129,48	
387,503	115,45	
387,757	-26,6	
388,011	54,07	
388,265	197,88	
388,518	24,26	
388,772	24,26	
389,026	-9,06	
389,28	45,3	
389,533	-12,57	
389,787	132,99	
390,041	-28,35	
390,295	-165,14	
390,548	62,84	
390,802	15,49	
391,055	120,71	
391,309	159,3	
391,563	-87,98	
391,816	148,77	
392,07	71,61	
392,323	166,31	
392,577	45,3	
392,83	87,39	
393,084	19	
393,337	85,64	
393,591	182,1	
393,844	-31,86	
394,098	45,3	
394,351	-42,38	
394,604	264,52	
394,858	92,66	
395,111	-31,86	
395,364	101,42	
395,618	11,98	
395,871	45,3	
396,124	261,01	
396,378	161,05	
396,631	115,45	
396,884	487,24	
397,137	297,84	
397,391	85,64	
397,644	117,21	
397,897	280,3	
398,15	136,5	
398,403	276,8	
398,657	92,66	
398,91	185,6	
399,163	-79,21	
399,416	132,99	
399,669	-109,02	
399,922	-82,72	
400,175	97,92	
400,428	73,36	
400,681	-121,3	
400,934	34,78	
401,187	96,16	
401,44	-40,63	
401,693	-24,84	
401,946	59,33	
402,199	190,86	
402,452	24,26	
402,704	-72,2	
402,957	164,56	
403,21	132,99	
403,463	-30,11	
403,716	-137,08	
403,969	90,9	
404,221	-0,29	
404,474	127,73	
404,727	6,72	
404,98	217,17	
405,232	-5,55	
405,485	4,97	
405,738	43,55	
405,99	-117,79	
406,243	89,15	
406,496	-47,64	
406,748	41,8	
407,001	89,15	
407,253	-9,06	
407,506	20,75	
407,759	120,71	
408,011	29,52	
408,264	231,2	
408,516	199,63	
408,769	124,22	
409,021	176,83	
409,274	169,82	
409,526	169,82	
409,778	17,24	
410,031	199,63	
410,283	218,92	
410,536	8,48	
410,788	15,49	
411,04	157,54	
411,293	-77,46	
411,545	29,52	
411,797	-117,79	
412,049	43,55	
412,302	168,07	
412,554	-19,58	
412,806	201,39	
413,058	71,61	
413,311	208,4	
413,563	54,07	
413,815	141,76	
414,067	150,53	
414,319	271,54	
414,571	-119,55	
414,823	10,23	
415,075	159,3	
415,328	3,22	
415,58	94,41	
415,832	-12,57	
416,084	157,54	
416,336	206,65	
416,588	45,3	
416,84	-28,35	
417,091	141,76	
417,343	178,59	
417,595	97,92	
417,847	-0,29	
418,099	254	
418,351	61,09	
418,603	-21,34	
418,855	68,1	
419,106	113,7	
419,358	197,88	
419,61	-14,32	
419,862	169,82	
420,114	111,95	
420,365	204,89	
420,617	141,76	
420,869	243,48	
421,12	-75,7	
421,372	215,42	
421,624	225,94	
421,875	197,88	
422,127	206,65	
422,379	166,31	
422,63	101,42	
422,882	78,63	
423,133	99,67	
423,385	196,13	
423,636	171,57	
423,888	52,32	
424,139	218,92	
424,391	117,21	
424,642	-114,28	
424,894	97,92	
425,145	101,42	
425,396	36,54	
425,648	90,9	
425,899	-42,38	
426,151	176,83	
426,402	115,45	
426,653	1,46	
426,905	131,24	
427,156	299,59	
427,407	218,92	
427,658	336,42	
427,91	271,54	
428,161	136,5	
428,412	52,32	
428,663	159,3	
428,914	-9,06	
429,166	59,33	
429,417	339,93	
429,668	62,84	
429,919	280,3	
430,17	189,11	
430,421	231,2	
430,672	41,8	
430,923	4,97	
431,174	141,76	
431,425	159,3	
431,676	134,74	
431,927	117,21	
432,178	322,39	
432,429	89,15	
432,68	301,35	
432,931	232,95	
433,182	192,62	
433,433	64,6	
433,683	-31,86	
433,934	138,25	
434,185	225,94	
434,436	294,33	
434,687	183,85	
434,937	259,26	
435,188	234,71	
435,439	313,62	
435,69	96,16	
435,94	239,97	
436,191	225,94	
436,442	290,83	
436,692	301,35	
436,943	417,09	
437,194	271,54	
437,444	299,59	
437,695	318,89	
437,945	124,22	
438,196	150,53	
438,447	252,24	
438,697	231,2	
438,948	203,14	
439,198	157,54	
439,449	252,24	
439,699	246,98	
439,949	489	
440,2	229,45	
440,45	231,2	
440,701	257,51	
440,951	222,43	
441,201	431,12	
441,452	325,9	
441,702	334,67	
441,952	238,21	
442,203	336,42	
442,453	431,12	
442,703	294,33	
442,953	115,45	
443,204	127,73	
443,454	338,18	
443,704	476,72	
443,954	327,65	
444,204	550,38	
444,455	397,8	
444,705	467,95	
444,955	478,48	
445,205	364,48	
445,455	490,75	
445,705	445,15	
445,955	448,66	
446,205	443,4	
446,455	506,53	
446,705	390,79	
446,955	462,69	
447,205	499,52	
447,455	531,09	
447,705	489	
447,955	560,9	
448,205	688,92	
448,454	664,37	
448,704	487,24	
448,954	581,94	
449,204	439,89	
449,454	636,31	
449,704	641,57	
449,953	620,53	
450,203	731,01	
450,453	669,63	
450,703	585,45	
450,952	725,75	
451,202	732,77	
451,452	604,74	
451,701	624,03	
451,951	802,91	
452,201	781,87	
452,45	918,66	
452,7	801,16	
452,949	787,13	
453,199	823,96	
453,448	680,15	
453,698	755,56	
453,947	766,09	
454,197	755,56	
454,446	939,71	
454,696	702,95	
454,945	743,29	
455,195	825,71	
455,444	953,73	
455,693	1050,19	
455,943	794,15	
456,192	829,22	
456,442	908,14	
456,691	899,37	
456,94	683,66	
457,189	980,04	
457,439	843,25	
457,688	795,9	
457,937	731,01	
458,186	753,81	
458,436	971,27	
458,685	762,58	
458,934	792,39	
459,183	804,67	
459,432	971,27	
459,681	718,74	
459,93	866,05	
460,179	962,5	
460,429	887,09	
460,678	655,6	
460,927	736,27	
461,176	852,02	
461,425	832,73	
461,674	743,29	
461,923	715,23	
462,172	913,4	
462,42	767,84	
462,669	560,9	
462,918	787,13	
463,167	1032,65	
463,416	923,92	
463,665	620,53	
463,914	695,94	
464,162	601,24	
464,411	895,86	
464,66	855,53	
464,909	764,33	
465,158	573,18	
465,406	813,44	
465,655	669,63	
465,904	618,77	
466,152	611,76	
466,401	806,42	
466,65	674,89	
466,898	610	
467,147	653,85	
467,395	671,38	
467,644	797,65	
467,893	643,33	
468,141	618,77	
468,39	759,07	
468,638	557,39	
468,887	697,69	
469,135	718,74	
469,384	759,07	
469,632	709,97	
469,88	722,24	
470,129	722,24	
470,377	655,6	
470,626	499,52	
470,874	604,74	
471,122	629,3	
471,371	741,53	
471,619	525,83	
471,867	524,07	
472,115	611,76	
472,364	518,81	
472,612	645,08	
472,86	601,24	
473,108	704,71	
473,356	636,31	
473,605	531,09	
473,853	706,46	
474,101	539,86	
474,349	704,71	
474,597	739,78	
474,845	620,53	
475,093	487,24	
475,341	559,15	
475,589	820,45	
475,837	578,44	
476,085	588,96	
476,333	652,09	
476,581	581,94	
476,829	776,61	
477,077	764,33	
477,325	562,65	
477,573	517,06	
477,821	541,61	
478,069	501,27	
478,317	783,62	
478,564	496,01	
478,812	557,39	
479,06	485,49	
479,308	574,93	
479,555	508,29	
479,803	736,27	
480,051	420,6	
480,299	643,33	
480,546	562,65	
480,794	799,41	
481,042	601,24	
481,289	611,76	
481,537	599,48	
481,784	590,71	
482,032	783,62	
482,28	859,03	
482,527	485,49	
482,775	525,83	
483,022	471,46	
483,27	792,39	
483,517	648,59	
483,765	702,95	
484,012	650,34	
484,259	667,88	
484,507	573,18	
484,754	795,9	
485,002	541,61	
485,249	659,11	
485,496	660,86	
485,744	904,63	
485,991	617,02	
486,238	506,53	
486,486	794,15	
486,733	759,07	
486,98	790,64	
487,227	916,91	
487,474	776,61	
487,722	562,65	
487,969	590,71	
488,216	732,77	
488,463	950,23	
488,71	610	
488,957	664,37	
489,204	934,44	
489,451	641,57	
489,699	795,9	
489,946	762,58	
490,193	890,6	
490,44	759,07	
490,687	837,99	
490,934	830,97	
491,18	876,57	
491,427	969,52	
491,674	731,01	
491,921	743,29	
492,168	764,33	
492,415	776,61	
492,662	706,46	
492,909	804,67	
493,155	846,76	
493,402	966,01	
493,649	680,15	
493,896	753,81	
494,142	869,56	
494,389	981,79	
494,636	781,87	
494,883	839,74	
495,129	939,71	
495,376	944,97	
495,623	776,61	
495,869	922,17	
496,116	946,72	
496,362	1050,19	
496,609	967,76	
496,855	992,32	
497,102	809,93	
497,348	913,4	
497,595	1030,9	
497,841	776,61	
498,088	873,06	
498,334	915,15	
498,581	871,31	
498,827	927,43	
499,074	1111,57	
499,32	1051,94	
499,566	1153,66	
499,813	1018,62	
500,059	1025,64	
500,305	1090,53	
500,552	1362,35	
500,798	1002,84	
501,044	962,5	
501,29	916,91	
501,537	1258,88	
501,783	1039,67	
502,029	1190,49	
502,275	923,92	
502,521	1122,09	
502,767	1234,33	
503,013	1218,55	
503,26	1360,6	
503,506	1118,59	
503,752	1148,4	
503,998	1267,65	
504,244	1251,87	
504,49	1074,74	
504,736	1416,72	
504,982	1041,42	
505,228	1160,67	
505,474	1269,41	
505,72	1411,46	
505,966	1046,68	
506,211	1058,96	
506,457	1350,08	
506,703	1513,17	
506,949	1134,37	
507,195	1201,01	
507,441	1376,38	
507,686	1283,44	
507,932	1465,82	
508,178	1469,33	
508,424	1355,34	
508,669	1348,32	
508,915	1450,04	
509,161	1537,73	
509,406	1371,12	
509,652	1292,2	
509,898	1464,07	
510,143	1385,15	
510,389	1474,59	
510,634	1343,06	
510,88	1579,82	
511,125	1258,88	
511,371	1665,75	
511,616	1530,71	
511,862	1651,72	
512,107	1288,7	
512,353	1490,38	
512,598	1420,23	
512,844	1555,26	
513,089	1511,42	
513,335	1592,09	
513,58	1595,6	
513,825	1458,81	
514,071	1514,93	
514,316	1486,87	
514,561	1621,9	
514,806	1553,51	
515,052	1779,74	
515,297	1660,49	
515,542	1460,56	
515,787	1523,7	
516,033	1711,34	
516,278	1644,7	
516,523	1553,51	
516,768	1685,04	
517,013	1755,19	
517,258	1530,71	
517,503	1816,57	
517,748	1560,52	
517,993	1635,93	
518,238	1649,96	
518,483	1621,9	
518,728	1576,31	
518,973	1683,29	
519,218	1765,71	
519,463	1867,43	
519,708	1772,73	
519,953	1662,24	
520,198	1667,5	
520,443	1707,84	
520,688	1611,38	
520,933	1792,02	
521,177	1751,68	
521,422	1644,7	
521,667	1630,67	
521,912	1735,9	
522,157	1725,37	
522,401	1749,93	
522,646	1665,75	
522,891	1774,48	
523,135	1749,93	
523,38	1614,89	
523,625	1718,36	
523,869	1792,02	
524,114	1695,56	
524,358	1963,88	
524,603	1758,7	
524,848	1702,58	
525,092	1658,73	
525,337	1960,37	
525,581	1723,62	
525,826	1620,15	
526,07	1981,42	
526,315	1704,33	
526,559	1802,54	
526,803	1949,85	
527,048	2007,72	
527,292	1795,52	
527,537	1934,07	
527,781	1804,29	
528,025	1762,2	
528,269	1832,35	
528,514	1699,07	
528,758	1693,81	
529,002	1937,58	
529,247	2000,71	
529,491	2018,25	
529,735	1923,55	
529,979	2076,12	
530,223	1902,5	
530,467	1723,62	
530,712	2146,27	
530,956	1818,32	
531,2	1870,93	
531,444	1937,58	
531,688	1728,88	
531,932	2098,92	
532,176	1976,16	
532,42	1746,42	
532,664	1769,22	
532,908	2219,93	
533,152	1783,25	
533,396	2020	
533,64	1955,11	
533,884	1909,52	
534,128	1644,7	
534,371	1909,52	
534,615	1986,68	
534,859	1893,73	
535,103	1937,58	
535,347	1942,84	
535,59	1786,75	
535,834	1955,11	
536,078	1951,61	
536,322	1860,41	
536,565	1909,52	
536,809	1977,91	
537,053	1981,42	
537,296	1786,75	
537,54	1793,77	
537,784	1828,84	
538,027	1944,59	
538,271	2174,33	
538,514	1802,54	
538,758	1844,63	
539,001	1914,78	
539,245	2112,95	
539,488	1948,1	
539,732	2053,32	
539,975	1888,47	
540,219	2137,5	
540,462	2063,84	
540,706	1956,87	
540,949	1974,4	
541,192	2039,29	
541,436	1844,63	
541,679	1969,14	
541,922	1828,84	
542,166	1858,66	
542,409	1939,33	
542,652	1800,78	
542,895	2037,54	
543,139	2005,97	
543,382	2095,41	
543,625	2044,55	
543,868	2142,76	
544,111	1977,91	
544,354	2077,87	
544,598	2041,05	
544,841	1876,19	
545,084	2311,12	
545,327	2267,28	
545,57	1937,58	
545,813	1920,04	
546,056	1886,72	
546,299	2020	
546,542	2144,52	
546,785	2042,8	
547,028	2328,66	
547,271	2035,78	
547,514	2000,71	
547,756	2090,15	
547,999	2070,86	
548,242	2053,32	
548,485	1948,1	
548,728	2049,81	
548,971	1895,49	
549,213	2088,4	
549,456	2163,81	
549,699	1960,37	
549,942	2011,23	
550,184	1997,2	
550,427	2177,84	
550,67	2111,19	
550,912	2135,75	
551,155	2104,18	
551,398	2090,15	
551,64	2041,05	
551,883	2133,99	
552,125	1928,81	
552,368	2112,95	
552,61	2046,31	
552,853	2428,62	
553,095	2035,78	
553,338	2155,04	
553,58	1969,14	
553,823	2072,61	
554,065	2014,74	
554,308	2144,52	
554,55	2007,72	
554,792	2297,09	
555,035	2121,72	
555,277	2070,86	
555,519	2146,27	
555,762	2112,95	
556,004	2226,94	
556,246	2034,03	
556,488	2193,62	
556,731	2232,2	
556,973	2172,57	
557,215	2223,43	
557,457	2049,81	
557,699	2377,76	
557,941	2032,28	
558,183	2146,27	
558,426	2176,08	
558,668	2123,47	
558,91	2018,25	
559,152	2283,06	
559,394	2162,05	
559,636	2225,19	
559,878	1939,33	
560,12	2240,97	
560,362	2265,52	
560,604	2309,37	
560,845	2256,75	
561,087	2262,01	
561,329	2395,3	
561,571	2084,89	
561,813	2291,83	
562,055	2458,43	
562,297	2219,93	
562,538	2430,37	
562,78	2470,71	
563,022	2374,25	
563,264	2444,4	
563,505	2518,06	
563,747	2251,49	
563,989	2561,9	
564,23	2416,34	
564,472	2388,28	
564,714	2354,96	
564,955	2509,29	
565,197	2491,75	
565,438	2339,18	
565,68	2391,79	
565,921	2535,6	
566,163	2567,16	
566,404	2733,77	
566,646	2486,49	
566,887	2628,54	
567,129	2651,34	
567,37	2716,23	
567,612	2549,63	
567,853	2539,1	
568,094	2654,85	
568,336	2947,72	
568,577	2849,51	
568,818	2637,31	
569,06	2944,21	
569,301	3075,74	
569,542	2888,1	
569,783	2916,15	
570,025	2916,15	
570,266	2924,92	
570,507	3209,03	
570,748	2938,95	
570,989	2886,34	
571,23	3173,95	
571,472	2986,3	
571,713	3082,76	
571,954	3088,02	
572,195	3103,8	
572,436	3314,25	
572,677	3075,74	
572,918	2960	
573,159	3116,08	
573,4	3279,18	
573,641	3251,12	
573,882	3387,91	
574,123	3379,14	
574,364	3266,9	
574,604	3335,3	
574,845	3293,21	
575,086	3249,36	
575,327	3261,64	
575,568	3517,68	
575,809	3387,91	
576,049	3636,94	
576,29	3505,41	
576,531	3747,42	
576,771	3517,68	
577,012	3382,65	
577,253	3587,83	
577,494	3535,22	
577,734	3628,17	
577,975	3496,64	
578,215	3750,93	
578,456	3489,62	
578,697	3824,58	
578,937	3652,72	
579,178	3703,58	
579,418	3689,55	
579,659	3808,8	
579,899	3771,97	
580,14	4152,53	
580,38	4045,55	
580,62	4045,55	
580,861	4119,21	
581,101	4159,55	
581,342	4241,97	
581,582	4215,67	
581,822	4159,55	
582,063	4189,36	
582,303	4473,46	
582,543	4583,95	
582,783	4382,27	
583,024	4448,91	
583,264	4533,09	
583,504	4612,01	
583,744	4619,02	
583,984	4759,32	
584,224	4932,94	
584,465	4978,54	
584,705	4811,93	
584,945	5060,96	
585,185	4675,14	
585,425	5150,4	
585,665	5201,26	
585,905	5122,34	
586,145	5274,92	
586,385	5432,75	
586,625	5627,42	
586,865	5604,62	
587,105	5325,77	
587,345	5644,95	
587,585	5895,74	
587,824	5785,25	
588,064	5841,37	
588,304	6107,94	
588,544	6113,2	
588,784	6306,11	
589,024	6534,09	
589,263	6372,75	
589,503	6555,14	
589,743	6684,91	
589,982	6634,05	
590,222	7039,17	
590,462	6909,39	
590,701	6888,34	
590,941	7184,72	
591,181	7263,64	
591,42	7512,67	
591,66	7556,51	
591,899	7682,78	
592,139	7780,99	
592,378	7719,61	
592,618	8051,07	
592,857	8254,5	
593,097	8303,6	
593,336	8798,15	
593,576	8585,95	
593,815	8873,56	
594,055	9024,38	
594,294	9062,97	
594,533	9569,79	
594,773	9425,99	
595,012	9846,88	
595,251	10199,38	
595,491	10341,43	
595,73	10439,64	
595,969	10539,6	
596,208	10553,63	
596,447	10828,97	
596,687	11169,19	
596,926	11239,34	
597,165	11605,87	
597,404	11574,3	
597,643	12047,81	
597,882	12245,98	
598,121	12393,29	
598,36	12612,51	
598,599	12863,29	
598,838	12987,81	
599,077	13534,97	
599,316	13773,47	
599,555	13708,59	
599,794	14085,64	
600,033	14723,99	
600,272	14601,23	
600,511	14850,26	
600,75	14560,9	
600,989	15402,69	
601,228	15367,61	
601,466	15688,54	
601,705	15788,51	
601,944	15906,01	
602,183	16200,63	
602,422	16063,84	
602,66	16877,57	
602,899	16923,17	
603,138	16968,76	
603,376	17561,52	
603,615	17626,41	
603,854	17693,05	
604,092	17796,52	
604,331	18138,5	
604,569	18280,55	
604,808	18340,18	
605,047	18468,2	
605,285	18608,5	
605,524	18627,79	
605,762	18941,71	
606	19125,85	
606,239	19290,7	
606,477	19623,91	
606,716	19662,49	
606,954	19909,76	
607,193	19634,43	
607,431	19846,63	
607,669	20058,83	
607,908	20355,21	
608,146	20204,39	
608,384	20393,79	
608,622	20741,03	
608,861	20434,13	
609,099	20826,96	
609,337	20741,03	
609,575	21607,37	
609,813	21177,71	
610,052	21512,67	
610,29	21172,45	
610,528	21567,03	
610,766	21403,94	
611,004	21414,46	
611,242	21535,47	
611,48	21723,12	
611,718	22015,99	
611,956	21877,44	
612,194	22145,76	
612,432	22179,08	
612,67	22321,14	
612,908	22233,45	
613,146	22478,97	
613,384	22877,07	
613,621	22500,02	
613,859	22442,14	
614,097	22664,87	
614,335	22812,18	
614,573	22680,65	
614,811	23008,6	
615,048	22764,83	
615,286	23031,4	
615,524	23283,93	
615,761	23273,41	
615,999	23287,44	
616,237	23196,25	
616,474	23848,63	
616,712	23631,17	
616,95	23597,85	
617,187	23692,55	
617,425	23769,71	
617,662	23534,72	
617,9	23650,46	
618,137	23666,24	
618,375	23653,97	
618,612	23843,37	
618,85	23690,8	
619,087	24113,45	
619,325	23969,64	
619,562	24038,03	
619,799	23803,04	
620,037	23964,38	
620,274	24222,18	
620,511	24048,56	
620,749	24285,31	
620,986	24213,41	
621,223	24031,02	
621,461	23995,95	
621,698	24020,5	
621,935	24013,48	
622,172	24197,62	
622,409	24159,04	
622,647	24467,7	
622,884	24097,66	
623,121	24202,89	
623,358	24334,41	
623,595	23859,15	
623,832	23911,77	
624,069	24325,65	
624,306	23883,71	
624,543	24076,62	
624,78	23645,2	
625,017	24036,28	
625,254	24194,12	
625,491	23980,16	
625,728	23943,33	
625,965	24123,97	
626,202	23727,63	
626,438	23792,51	
626,675	23734,64	
626,912	23497,89	
627,149	23610,13	
627,386	23724,12	
627,622	23373,37	
627,859	23597,85	
628,096	23699,57	
628,333	23443,52	
628,569	23431,25	
628,806	23585,57	
629,043	23062,96	
629,279	23250,61	
629,516	23252,37	
629,752	23119,08	
629,989	23178,71	
630,225	23008,6	
630,462	22938,45	
630,699	22952,48	
630,935	23124,34	
631,171	23052,44	
631,408	22813,93	
631,644	22831,47	
631,881	22529,83	
632,117	22384,27	
632,354	22421,1	
632,59	22522,82	
632,826	22668,37	
633,063	22058,08	
633,299	22305,35	
633,535	22357,96	
633,771	21837,11	
634,008	21637,18	
634,244	21735,39	
634,48	22008,97	
634,716	21835,35	
634,953	21691,55	
635,189	21335,54	
635,425	21686,29	
635,661	21391,66	
635,897	21437,26	
636,133	21351,33	
636,369	21226,81	
636,605	21254,87	
636,841	20798,9	
637,077	20790,13	
637,313	20588,46	
637,549	21021,63	
637,785	20583,19	
638,021	20860,28	
638,257	20669,13	
638,493	20078,12	
638,729	20500,77	
638,965	20727	
639,2	20090,4	
639,436	19981,67	
639,672	20144,76	
639,908	19725,62	
640,144	19525,7	
640,379	19727,38	
640,615	19915,02	
640,851	19623,91	
641,086	19239,84	
641,322	19381,89	
641,558	19345,06	
641,793	19039,91	
642,029	19357,34	
642,264	19203,01	
642,5	18948,72	
642,736	19020,62	
642,971	18601,48	
643,207	18529,58	
643,442	18462,94	
643,678	18647,08	
643,913	18680,4	
644,148	18399,8	
644,384	18343,69	
644,619	18254,25	
644,855	18191,11	
645,09	18001,71	
645,325	18001,71	
645,561	17661,49	
645,796	17643,95	
646,031	17552,75	
646,266	17444,02	
646,502	17707,08	
646,737	16947,72	
646,972	17303,73	
647,207	17240,59	
647,442	16954,73	
647,678	16872,31	
647,913	17152,91	
648,148	16793,39	
648,383	17154,66	
648,618	16700,44	
648,853	16609,25	
649,088	16623,28	
649,323	16416,34	
649,558	16491,75	
649,793	16218,17	
650,028	16288,32	
650,263	16288,32	
650,498	15953,36	
650,733	16062,09	
650,968	15770,97	
651,202	15686,79	
651,437	15700,82	
651,672	15763,95	
651,907	15348,32	
652,142	15378,13	
652,376	15072,99	
652,611	15434,25	
652,846	15150,15	
653,081	15023,88	
653,315	14802,91	
653,55	14685,41	
653,785	14652,09	
654,019	14538,1	
654,254	14261,01	
654,488	14455,67	
654,723	14425,86	
654,958	14229,44	
655,192	14015,49	
655,427	14024,26	
655,661	14282,06	
655,896	13780,49	
656,13	13819,07	
656,364	13813,81	
656,599	13789,26	
656,833	13666,5	
657,068	13496,39	
657,302	13449,04	
657,536	13249,11	
657,771	13278,92	
658,005	13101,8	
658,239	13126,35	
658,474	12943,96	
658,708	12773,85	
658,942	12775,6	
659,176	12910,64	
659,41	12786,13	
659,645	12943,96	
659,879	12459,93	
660,113	12414,34	
660,347	12342,43	
660,581	12658,1	
660,815	12070,61	
661,049	11958,37	
661,283	12191,61	
661,517	11953,11	
661,751	12037,29	
661,985	11574,3	
662,219	11911,02	
662,453	11656,73	
662,687	11376,13	
662,921	11379,64	
663,155	11439,26	
663,389	11544,49	
663,622	11097,29	
663,856	11177,96	
664,09	11021,88	
664,324	11058,71	
664,558	10876,32	
664,791	10888,59	
665,025	10567,66	
665,259	10986,8	
665,492	10623,78	
665,726	10637,81	
665,96	10376,51	
666,193	10739,53	
666,427	10330,91	
666,661	10504,53	
666,894	9978,41	
667,128	10152,03	
667,361	10173,07	
667,595	10301,1	
667,828	10090,65	
668,062	10150,28	
668,295	9660,99	
668,529	9962,63	
668,762	9546,99	
668,995	9750,43	
669,229	9748,67	
669,462	9531,21	
669,695	9148,9	
669,929	9282,18	
670,162	9254,12	
670,395	9241,85	
670,629	9164,68	
670,862	9120,84	
671,095	8966,51	
671,328	8963	
671,561	8789,38	
671,795	8750,8	
672,028	8808,68	
672,261	8485,99	
672,494	8680,65	
672,727	8482,48	
672,96	8491,25	
673,193	8557,89	
673,426	8372	
673,659	8189,61	
673,892	8384,27	
674,125	7996,7	
674,358	8198,38	
674,591	8042,3	
674,824	7807,3	
675,057	7910,77	
675,29	8015,99	
675,523	7649,46	
675,755	7930,06	
675,988	7823,08	
676,221	7614,39	
676,454	7554,76	
676,687	7716,1	
676,919	7958,12	
677,152	7444,28	
677,385	7389,91	
677,617	7177,71	
677,85	7461,81	
678,083	7189,99	
678,315	7174,2	
678,548	6962	
678,78	6932,19	
679,013	7182,97	
679,246	6872,56	
679,478	6979,54	
679,711	6983,05	
679,943	6826,96	
680,175	6770,85	
680,408	6776,11	
680,64	6556,89	
680,873	6670,88	
681,105	6683,16	
681,338	6574,43	
681,57	6360,47	
681,802	6411,33	
682,034	6307,86	
682,267	6235,96	
682,499	6276,29	
682,731	6162,3	
682,964	6311,37	
683,196	5946,59	
683,428	5953,61	
683,66	5955,36	
683,892	6207,9	
684,124	5909,77	
684,356	6018,5	
684,589	5737,9	
684,821	5995,7	
685,053	5518,68	
685,285	5716,86	
685,517	5567,79	
685,749	5616,89	
685,981	5548,5	
686,213	5537,98	
686,445	5378,39	
686,676	5257,38	
686,908	5334,54	
687,14	5367,86	
687,372	5495,89	
687,604	5334,54	
687,836	5404,69	
688,068	5334,54	
688,299	5206,52	
688,531	4994,32	
688,763	5053,95	
688,995	5257,38	
689,226	4917,16	
689,458	5052,19	
689,69	4771,6	
689,921	4797,9	
690,153	4857,53	
690,384	4708,46	
690,616	4743,54	
690,848	4708,46	
691,079	4596,22	
691,311	4573,43	
691,542	4638,31	
691,774	4487,49	
692,005	4638,31	
692,237	4894,36	
692,468	4392,79	
692,699	4610,25	
692,931	4142,01	
693,162	4322,64	
693,393	4233,2	
693,625	4347,2	
693,856	4091,15	
694,087	4142,01	
694,319	4287,57	
694,55	4282,31	
694,781	4029,77	
695,012	3964,88	
695,243	3980,67	
695,475	4210,4	
695,706	4187,61	
695,937	3840,37	
696,168	4056,08	
696,399	3843,88	
696,63	3789,51	
696,861	3778,99	
697,092	3780,74	
697,323	3877,2	
697,554	3694,81	
697,785	3768,47	
698,016	3689,55	
698,247	3607,12	
698,478	3615,89	
698,709	3437,01	
698,94	3572,05	
699,171	3515,93	
699,401	3456,3	
699,632	3321,27	
699,863	3438,77	
700,094	3256,38	
700,325	3347,57	
700,555	3545,74	
700,786	3458,06	
701,017	3424,74	
701,247	3305,48	
701,478	3368,62	
701,709	3089,77	
701,939	3147,65	
702,17	3319,51	
702,401	3182,72	
702,631	3151,15	
702,862	2981,04	
703,092	3138,88	
703,323	2937,2	
703,553	2963,51	
703,784	3010,86	
704,014	2891,6	
704,244	3054,7	
704,475	3005,59	
704,705	2823,21	
704,936	2800,41	
705,166	2895,11	
705,396	2647,83	
705,627	2949,48	
705,857	2840,74	
706,087	2688,17	
706,317	2626,79	
706,548	2595,22	
706,778	2753,06	
707,008	2712,72	
707,238	2589,96	
707,468	2560,15	
707,698	2432,13	
707,928	2574,18	
708,158	2623,28	
708,389	2481,23	
708,619	2474,22	
708,849	2626,79	
709,079	2326,9	
709,309	2498,77	
709,539	2542,61	
709,768	2353,21	
709,998	2269,03	
710,228	2293,58	
710,458	2162,05	
710,688	2381,27	
710,918	2149,78	
711,148	2177,84	
711,378	2190,11	
711,607	2091,9	
711,837	2311,12	
712,067	2132,24	
712,297	2146,27	
712,526	2046,31	
712,756	2035,78	
712,986	2041,05	
713,215	2000,71	
713,445	2197,13	
713,674	2023,51	
713,904	2053,32	
714,134	1951,61	
714,363	1906,01	
714,593	2007,72	
714,822	1886,72	
715,052	1862,17	
715,281	2130,49	
715,511	1974,4	
715,74	1888,47	
715,969	2018,25	
716,199	2065,6	
716,428	1777,99	
716,657	1742,91	
716,887	1972,65	
717,116	1830,6	
717,345	1865,67	
717,575	1886,72	
717,804	1809,55	
718,033	1628,92	
718,262	1709,59	
718,492	1663,99	
718,721	1800,78	
718,95	1513,17	
719,179	1614,89	
719,408	1634,18	
719,637	1548,25	
719,866	1739,4	
720,095	1557,02	
720,324	1723,62	
720,553	1414,96	
720,782	1700,82	
721,011	1635,93	
721,24	1509,67	
721,469	1399,18	
721,698	1444,78	
721,927	1427,24	
722,156	1513,17	
722,385	1450,04	
722,613	1430,75	
722,842	1537,73	
723,071	1269,41	
723,3	1286,94	
723,529	1521,94	
723,757	1457,05	
723,986	1215,04	
724,215	1271,16	
724,443	1455,3	
724,672	1250,11	
724,901	1241,35	
725,129	1334,29	
725,358	1334,29	
725,586	1146,64	
725,815	1288,7	
726,043	1407,95	
726,272	1183,47	
726,5	1299,22	
726,729	1255,38	
726,957	1160,67	
727,186	1269,41	
727,414	1188,73	
727,642	1078,25	
727,871	1436,01	
728,099	1441,27	
728,327	1239,59	
728,556	1283,44	
728,784	1286,94	
729,012	1006,35	
729,241	1199,26	
729,469	1044,93	
729,697	962,5	
729,925	1065,97	
730,153	1083,51	
730,381	885,34	
730,61	1008,1	
730,838	1092,28	
731,066	966,01	
731,294	1072,99	
731,522	825,71	
731,75	1041,42	
731,978	1150,15	
732,206	1072,99	
732,434	874,82	
732,662	1143,14	
732,89	971,27	
733,118	906,38	
733,346	1067,73	
733,573	992,32	
733,801	1074,74	
734,029	925,68	
734,257	801,16	
734,485	966,01	
734,712	908,14	
734,94	815,19	
735,168	811,68	
735,396	829,22	
735,623	753,81	
735,851	869,56	
736,078	874,82	
736,306	753,81	
736,534	822,21	
736,761	652,09	
736,989	871,31	
737,216	823,96	
737,444	1072,99	
737,671	892,35	
737,899	1057,2	
738,126	944,97	
738,354	799,41	
738,581	1018,62	
738,809	871,31	
739,036	820,45	
739,263	866,05	
739,491	720,49	
739,718	846,76	
739,945	674,89	
740,173	724	
740,4	641,57	
740,627	795,9	
740,854	564,41	
741,081	881,83	
741,309	962,5	
741,536	532,84	
741,763	613,51	
741,99	683,66	
742,217	655,6	
742,444	569,67	
742,671	583,7	
742,898	581,94	
743,125	634,56	
743,352	1002,84	
743,579	685,41	
743,806	601,24	
744,033	534,59	
744,26	599,48	
744,487	573,18	
744,714	550,38	
744,941	648,59	
745,167	720,49	
745,394	631,05	
745,621	880,08	
745,848	571,42	
746,075	722,24	
746,301	613,51	
746,528	481,98	
746,755	455,68	
746,981	578,44	
747,208	531,09	
747,435	725,75	
747,661	662,62	
747,888	418,85	
748,114	508,29	
748,341	743,29	
748,567	711,72	
748,794	448,66	
749,02	560,9	
749,247	574,93	
749,473	576,68	
749,7	795,9	
749,926	738,03	
750,152	373,25	
750,379	650,34	
750,605	625,79	
750,831	539,86	
751,058	548,62	
751,284	555,64	
751,51	371,5	
751,737	590,71	
751,963	667,88	
752,189	275,04	
752,415	489	
752,641	513,55	
752,867	478,48	
753,094	443,4	
753,32	460,94	
753,546	659,11	
753,772	425,86	
753,998	492,5	
754,224	418,85	
754,45	497,77	
754,676	397,8	
754,902	504,78	
755,128	541,61	
755,354	455,68	
755,579	569,67	
755,805	252,24	
756,031	418,85	
756,257	366,24	
756,483	317,13	
756,709	506,53	
756,934	422,36	
757,16	455,68	
757,386	453,92	
757,612	492,5	
757,837	338,18	
758,063	404,82	
758,289	397,8	
758,514	315,38	
758,74	439,89	
758,965	629,3	
759,191	410,08	
759,416	241,72	
759,642	236,46	
759,868	290,83	
760,093	203,14	
760,318	424,11	
760,544	343,44	
760,769	273,29	
760,995	192,62	
761,22	232,95	
761,445	574,93	
761,671	439,89	
761,896	324,15	
762,121	252,24	
762,347	250,49	
762,572	457,43	
762,797	336,42	
763,022	471,46	
763,248	362,73	
763,473	301,35	
763,698	317,13	
763,923	261,01	
764,148	313,62	
764,373	462,69	
764,598	415,34	
764,823	471,46	
765,048	496,01	
765,273	539,86	
765,498	278,55	
765,723	282,06	
765,948	225,94	
766,173	231,2	
766,398	120,71	
766,623	624,03	
766,848	218,92	
767,073	127,73	
767,298	338,18	
767,522	225,94	
767,747	197,88	
767,972	271,54	
768,197	271,54	
768,421	162,8	
768,646	113,7	
768,871	152,28	
769,095	206,65	
769,32	217,17	
769,545	303,1	
769,769	229,45	
769,994	87,39	
770,218	224,18	
770,443	96,16	
770,667	208,4	
770,892	252,24	
771,116	276,8	
771,341	239,97	
771,565	266,27	
771,79	196,13	
772,014	183,85	
772,238	217,17	
772,463	268,03	
772,687	317,13	
772,911	110,19	
773,136	271,54	
773,36	197,88	
773,584	243,48	
773,808	218,92	
774,033	143,51	
774,257	259,26	
774,481	96,16	
774,705	175,08	
774,929	152,28	
775,153	175,08	
775,377	127,73	
775,602	55,83	
775,826	155,79	
776,05	154,04	
776,274	117,21	
776,498	155,79	
776,722	236,46	
776,945	289,07	
777,169	22,51	
777,393	168,07	
777,617	113,7	
777,841	59,33	
778,065	173,33	
778,289	254	
778,512	282,06	
778,736	271,54	
778,96	94,41	
779,184	220,68	
779,407	201,39	
779,631	215,42	
779,855	115,45	
780,078	157,54	
780,302	168,07	
780,526	157,54	
780,749	90,9	
780,973	104,93	
781,196	318,89	
781,42	155,79	
781,643	59,33	
781,867	4,97	
782,09	148,77	
782,314	59,33	
782,537	232,95	
782,76	129,48	
782,984	199,63	
783,207	-26,6	
783,431	206,65	
783,654	29,52	
783,877	-52,9	
784,1	73,36	
784,324	211,91	
784,547	125,98	
784,77	-12,57	
784,993	41,8	
785,216	206,65	
785,44	22,51	
785,663	131,24	
785,886	50,57	
786,109	218,92	
786,332	273,29	
786,555	75,12	
786,778	175,08	
787,001	36,54	
787,224	-19,58	
787,447	61,09	
787,67	17,24	
787,893	50,57	
788,116	-33,61	
788,339	-33,61	
788,561	24,26	
788,784	73,36	
789,007	1,46	
789,23	296,09	
789,453	19	
789,675	143,51	
789,898	175,08	
790,121	110,19	
790,344	246,98	
790,566	143,51	
790,789	150,53	
791,012	113,7	
791,234	178,59	
791,457	124,22	
791,679	41,8	
791,902	-14,32	
792,124	-16,08	
792,347	-45,89	
792,569	38,29	
792,792	-19,58	
793,014	4,97	
793,237	108,44	
793,459	-94,99	
793,681	73,36	
793,904	127,73	
794,126	-17,83	
794,348	48,81	
794,571	171,57	
794,793	301,35	
795,015	50,57	
795,237	-59,92	
795,46	4,97	
795,682	-77,46	
795,904	22,51	
796,126	1,46	
796,348	329,41	
796,57	147,02	
796,792	257,51	
797,014	57,58	
797,237	-37,12	
797,459	54,07	
797,681	-30,11	
797,903	189,11	
798,124	-12,57	
798,346	150,53	
798,568	41,8	
798,79	31,27	
799,012	8,48	
799,234	75,12	
799,456	-59,92	
799,678	4,97	
799,899	238,21	
800,121	169,82	
800,343	241,72	
800,565	196,13	
800,786	227,69	
801,008	68,1	
801,23	-33,61	
801,451	161,05	
801,673	1099,29	
801,895	104,93	
802,116	185,6	
802,338	99,67	
802,559	40,04	
802,781	66,35	
803,002	152,28	
803,224	6,72	
803,445	-33,61	
803,667	129,48	
803,888	17,24	
804,109	94,41	
804,331	120,71	
804,552	-58,17	
804,773	164,56	
804,995	-59,92	
805,216	69,86	
805,437	148,77	
805,658	129,48	
805,88	-49,4	
806,101	-7,31	
806,322	138,25	
806,543	113,7	
806,764	-63,43	
806,985	229,45	
807,207	33,03	
807,428	129,48	
807,649	162,8	
807,87	11,98	
808,091	129,48	
808,312	-59,92	
808,533	-21,34	
808,754	-30,11	
808,975	3,22	
809,195	17,24	
809,416	125,98	
809,637	169,82	
809,858	115,45	
810,079	-80,96	
810,3	80,38	
810,52	85,64	
810,741	64,6	
810,962	-91,49	
811,183	-28,35	
811,403	125,98	
811,624	183,85	
811,845	289,07	
812,065	187,36	
812,286	-30,11	
812,506	271,54	
812,727	64,6	
812,948	-26,6	
813,168	-80,96	
813,389	-31,86	
813,609	196,13	
813,83	113,7	
814,05	-86,22	
814,27	24,26	
814,491	45,3	
814,711	57,58	
814,931	33,03	
815,152	129,48	
815,372	129,48	
815,592	66,35	
815,813	40,04	
816,033	-49,4	
816,253	111,95	
816,473	168,07	
816,694	-42,38	
816,914	52,32	
817,134	-58,17	
817,354	33,03	
817,574	75,12	
817,794	117,21	
818,014	-91,49	
818,234	-172,16	
818,454	90,9	
818,674	115,45	
818,894	132,99	
819,114	-37,12	
819,334	101,42	
819,554	208,4	
819,774	-119,55	
819,994	120,71	
820,214	122,47	
820,433	76,87	
820,653	-7,31	
820,873	-16,08	
821,093	-30,11	
821,312	-38,87	
821,532	78,63	
821,752	11,98	
821,972	-165,14	
822,191	-31,86	
822,411	196,13	
822,63	29,52	
822,85	94,41	
823,07	210,15	
823,289	-38,87	
823,509	-51,15	
823,728	-23,09	
823,948	-59,92	
824,167	261,01	
824,387	136,5	
824,606	38,29	
824,825	38,29	
825,045	111,95	
825,264	-61,67	
825,483	189,11	
825,703	-42,38	
825,922	-94,99	
826,141	61,09	
826,361	-16,08	
826,58	36,54	
826,799	8,48	
827,018	157,54	
827,237	-3,8	
827,456	-94,99	
827,676	-54,66	
827,895	85,64	
828,114	-31,86	
828,333	20,75	
828,552	-24,84	
828,771	43,55	
828,99	54,07	
829,209	-0,29	
829,428	50,57	
829,647	45,3	
829,866	4,97	
830,084	-123,05	
830,303	-44,14	
830,522	43,55	
830,741	108,44	
830,96	213,66	
831,179	52,32	
831,397	108,44	
831,616	68,1	
831,835	34,78	
832,053	87,39	
832,272	-45,89	
832,491	52,32	
832,709	150,53	
832,928	78,63	
833,147	-14,32	
833,365	-45,89	
833,584	-45,89	
833,802	136,5	
834,021	4,97	
834,239	50,57	
834,458	-35,37	
834,676	3,22	
834,894	17,24	
835,113	6,72	
835,331	-16,08	
835,55	-5,55	
835,768	118,96	
835,986	-17,83	
836,204	29,52	
836,423	161,05	
836,641	-9,06	
836,859	113,7	
837,077	132,99	
837,296	82,13	
837,514	183,85	
837,732	-10,81	
837,95	-170,4	
838,168	99,67	
838,386	-38,87	
838,604	-72,2	
838,822	62,84	
839,04	38,29	
839,258	103,18	
839,476	-56,41	
839,694	136,5	
839,912	22,51	
840,13	-154,62	
840,348	-31,86	
840,566	50,57	
840,783	-21,34	
841,001	-12,57	
841,219	-82,72	
841,437	182,1	
841,655	-131,82	
841,872	155,79	
842,09	1,46	
842,308	-75,7	
842,525	47,06	
842,743	85,64	
842,961	-26,6	
843,178	8,48	
843,396	-33,61	
843,613	252,24	
843,831	-103,76	
844,048	134,74	
844,266	15,49	
844,483	127,73	
844,701	4,97	
844,918	50,57	
845,136	-40,63	
845,353	-40,63	
845,57	106,69	
845,788	66,35	
846,005	176,83	
846,222	-110,78	
846,439	-33,61	
846,657	246,98	
846,874	-70,44	
847,091	78,63	
847,308	11,98	
847,526	22,51	
847,743	-110,78	
847,96	-114,28	
848,177	190,86	
848,394	-105,52	
848,611	71,61	
848,828	78,63	
849,045	154,04	
849,262	-54,66	
849,479	-37,12	
849,696	64,6	
849,913	-12,57	
850,13	-9,06	
850,347	106,69	
850,564	87,39	
850,78	22,51	
850,997	1,46	
851,214	52,32	
851,431	-54,66	
851,647	34,78	
851,864	-82,72	
852,081	-65,18	
852,298	97,92	
852,514	-5,55	
852,731	141,76	
852,948	-173,91	
853,164	-91,49	
853,381	-58,17	
853,597	71,61	
853,814	57,58	
854,03	-117,79	
854,247	-142,34	
854,463	13,74	
854,68	-54,66	
854,896	29,52	
855,113	1,46	
855,329	108,44	
855,545	-156,37	
855,762	71,61	
855,978	22,51	
856,194	106,69	
856,411	147,02	
856,627	24,26	
856,843	-93,24	
857,059	-47,64	
857,275	-180,93	
857,492	159,3	
857,708	27,77	
857,924	-21,34	
858,14	54,07	
858,356	1,46	
858,572	6,72	
858,788	26,01	
859,004	-37,12	
859,22	-91,49	
859,436	22,51	
859,652	110,19	
859,868	55,83	
860,084	-38,87	
860,3	208,4	
860,516	-131,82	
860,731	59,33	
860,947	201,39	
861,163	90,9	
861,379	115,45	
861,595	-128,31	
861,81	-119,55	
862,026	-24,84	
862,242	-5,55	
862,457	-105,52	
862,673	125,98	
862,889	29,52	
863,104	13,74	
863,32	-68,69	
863,535	36,54	
863,751	-72,2	
863,966	-138,84	
864,182	11,98	
864,397	141,76	
864,613	50,57	
864,828	38,29	
865,044	92,66	
865,259	-21,34	
865,474	120,71	
865,69	-47,64	
865,905	6,72	
866,12	64,6	
866,336	43,55	
866,551	36,54	
866,766	43,55	
866,981	-93,24	
867,196	106,69	
867,412	68,1	
867,627	1,46	
867,842	-47,64	
868,057	-7,31	
868,272	43,55	
868,487	136,5	
868,702	1,46	
868,917	33,03	
869,132	-86,22	
869,347	-82,72	
869,562	-28,35	
869,777	169,82	
869,992	-42,38	
870,207	-94,99	
870,422	1,46	
870,636	-89,73	
870,851	22,51	
871,066	99,67	
871,281	55,83	
871,495	22,51	
871,71	4,97	
871,925	-138,84	
872,14	11,98	
872,354	131,24	
872,569	78,63	
872,783	-80,96	
872,998	15,49	
873,213	-3,8	
873,427	-70,44	
873,642	-128,31	
873,856	-14,32	
874,071	-54,66	
874,285	-73,95	
874,5	11,98	
874,714	-105,52	
874,928	166,31	
875,143	-96,75	
875,357	-112,53	
875,571	-116,04	
875,786	-103,76	
876	118,96	
876,214	-47,64	
876,429	40,04	
876,643	111,95	
876,857	-37,12	
877,071	36,54	
877,285	-89,73	
877,499	-63,43	
877,714	-23,09	
877,928	-45,89	
878,142	4,97	
878,356	40,04	
878,57	-65,18	
878,784	-42,38	
878,998	140,01	
879,212	150,53	
879,426	76,87	
879,639	-70,44	
879,853	61,09	
880,067	50,57	
880,281	-0,29	
880,495	-117,79	
880,709	-237,05	
880,922	66,35	
881,136	68,1	
881,35	-230,03	
881,564	33,03	
881,777	-44,14	
881,991	-7,31	
882,205	-80,96	
882,418	96,16	
882,632	-66,93	
882,845	164,56	
883,059	-75,7	
883,273	41,8	
883,486	-59,92	
883,7	66,35	
883,913	118,96	
884,126	1,46	
884,34	-12,57	
884,553	97,92	
884,767	-98,5	
884,98	-201,97	
885,193	54,07	
885,407	134,74	
885,62	61,09	
885,833	11,98	
886,046	29,52	
886,26	-7,31	
886,473	64,6	
886,686	20,75	
886,899	168,07	
887,112	-159,88	
887,326	-107,27	
887,539	-180,93	
887,752	-72,2	
887,965	75,12	
888,178	-19,58	
888,391	-144,1	
888,604	-47,64	
888,817	38,29	
889,03	136,5	
889,243	78,63	
889,455	-49,4	
889,668	-82,72	
889,881	-3,8	
890,094	83,89	
890,307	4,97	
890,52	-138,84	
890,732	120,71	
890,945	129,48	
891,158	-51,15	
891,37	20,75	
891,583	-75,7	
891,796	-68,69	
892,008	24,26	
892,221	118,96	
892,434	-114,28	
892,646	-96,75	
892,859	-19,58	
893,071	140,01	
893,284	-72,2	
893,496	-87,98	
893,709	22,51	
893,921	-19,58	
894,133	-149,36	
894,346	-66,93	
894,558	-31,86	
894,771	57,58	
894,983	110,19	
895,195	-158,13	
895,407	-28,35	
895,62	-189,69	
895,832	26,01	
896,044	-63,43	
896,256	87,39	
896,468	68,1	
896,681	19	
896,893	-70,44	
897,105	4,97	
897,317	3,22	
897,529	90,9	
897,741	-17,83	
897,953	40,04	
898,165	108,44	
898,377	41,8	
898,589	26,01	
898,801	-56,41	
899,013	3,22	
899,224	122,47	
899,436	-86,22	
899,648	48,81	
899,86	57,58	
900,072	41,8	
900,283	3,22	
900,495	-91,49	
900,707	8,48	
900,919	26,01	
901,13	176,83	
901,342	-31,86	
901,554	-114,28	
901,765	8,48	
901,977	-91,49	
902,188	71,61	
902,4	196,13	
902,611	76,87	
902,823	-9,06	
903,034	75,12	
903,246	197,88	
903,457	103,18	
903,669	82,13	
903,88	76,87	
904,091	-109,02	
904,303	40,04	
904,514	-116,04	
904,725	-3,8	
904,936	47,06	
905,148	-84,47	
905,359	-70,44	
905,57	-91,49	
905,781	-63,43	
905,992	-179,17	
906,204	-117,79	
906,415	-138,84	
906,626	-44,14	
906,837	-156,37	
907,048	-28,35	
907,259	-5,55	
907,47	11,98	
907,681	45,3	
907,892	76,87	
908,103	-19,58	
908,314	-89,73	
908,525	20,75	
908,735	13,74	
908,946	29,52	
909,157	4,97	
909,368	57,58	
909,579	22,51	
909,789	54,07	
910	166,31	
910,211	-17,83	
910,421	15,49	
910,632	-142,34	
910,843	-28,35	
911,053	97,92	
911,264	-91,49	
911,475	-191,45	
911,685	62,84	
911,896	26,01	
912,106	-131,82	
912,317	-93,24	
912,527	6,72	
912,737	-2,05	
912,948	-123,05	
913,158	-131,82	
913,369	-7,31	
913,579	-159,88	
913,789	38,29	
914	-154,62	
914,21	218,92	
914,42	289,07	
914,63	-79,21	
914,841	17,24	
915,051	89,15	
915,261	85,64	
915,471	-142,34	
915,681	196,13	
915,891	-10,81	
916,101	87,39	
916,311	36,54	
916,521	-3,8	
916,731	61,09	
916,941	157,54	
917,151	115,45	
917,361	-51,15	
917,571	41,8	
917,781	13,74	
917,991	-31,86	
918,201	185,6	
918,411	-17,83	
918,621	106,69	
918,83	-47,64	
919,04	3,22	
919,25	-130,07	
919,46	-116,04	
919,669	-51,15	
919,879	159,3	
920,089	83,89	
920,298	-45,89	
920,508	66,35	
920,717	-105,52	
920,927	147,02	
921,136	-265,1	
921,346	-35,37	
921,555	-130,07	
921,765	-75,7	
921,974	57,58	
922,184	-9,06	
922,393	194,37	
922,603	140,01	
922,812	-156,37	
923,021	11,98	
923,23	101,42	
923,44	-31,86	
923,649	78,63	
923,858	3,22	
924,067	-45,89	
924,277	-14,32	
924,486	-266,86	
924,695	-16,08	
924,904	48,81	
925,113	-70,44	
925,322	-216	
925,531	-86,22	
925,74	-87,98	
925,949	78,63	
926,158	54,07	
926,367	-54,66	
926,576	-119,55	
926,785	-28,35	
926,994	68,1	
927,203	-105,52	
927,412	-110,78	
927,621	15,49	
927,83	4,97	
928,038	27,77	
928,247	19	
928,456	22,51	
928,665	29,52	
928,873	-70,44	
929,082	26,01	
929,291	55,83	
929,499	57,58	
929,708	120,71	
929,916	-93,24	
930,125	-66,93	
930,333	82,13	
930,542	-75,7	
930,75	-54,66	
930,959	31,27	
931,167	-84,47	
931,376	52,32	
931,584	-9,06	
931,793	-187,94	
932,001	62,84	
932,209	61,09	
932,418	52,32	
932,626	41,8	
932,834	-65,18	
933,042	-2,05	
933,251	-84,47	
933,459	-59,92	
933,667	117,21	
933,875	125,98	
934,083	34,78	
934,291	-72,2	
934,499	24,26	
934,707	122,47	
934,915	110,19	
935,123	4,97	
935,331	-109,02	
935,539	-112,53	
935,747	-42,38	
935,955	-59,92	
936,163	-112,53	
936,371	-35,37	
936,579	26,01	
936,787	36,54	
936,995	-3,8	
937,202	64,6	
937,41	43,55	
937,618	27,77	
937,826	-61,67	
938,033	-112,53	
938,241	1,46	
938,449	-5,55	
938,656	-65,18	
938,864	-33,61	
939,071	-2,05	
939,279	-93,24	
939,486	57,58	
939,694	76,87	
939,901	-40,63	
940,109	10,23	
940,316	-66,93	
940,524	-47,64	
940,731	-110,78	
940,939	-40,63	
941,146	-196,71	
941,353	20,75	
941,561	208,4	
941,768	82,13	
941,975	-89,73	
942,182	-16,08	
942,39	127,73	
942,597	27,77	
942,804	-49,4	
943,011	-124,81	
943,218	150,53	
943,425	-61,67	
943,632	-86,22	
943,839	-19,58	
944,046	36,54	
944,253	-31,86	
944,46	-9,06	
944,667	52,32	
944,874	-72,2	
945,081	-33,61	
945,288	-94,99	
945,495	-80,96	
945,702	118,96	
945,909	-42,38	
946,115	-2,05	
946,322	24,26	
946,529	-63,43	
946,736	120,71	
946,942	-100,25	
947,149	-154,62	
947,356	24,26	
947,562	-180,93	
947,769	152,28	
947,976	69,86	
948,182	89,15	
948,389	38,29	
948,595	22,51	
948,802	175,08	
949,008	-114,28	
949,215	73,36	
949,421	-196,71	
949,628	-79,21	
949,834	-54,66	
950,04	27,77	
950,247	13,74	
950,453	-51,15	
950,659	-119,55	
950,865	-107,27	
951,072	15,49	
951,278	68,1	
951,484	-133,58	
951,69	-68,69	
951,896	-17,83	
952,103	-30,11	
952,309	24,26	
952,515	-30,11	
952,721	-79,21	
952,927	27,77	
953,133	-7,31	
953,339	269,78	
953,545	-14,32	
953,751	-158,13	
953,957	-54,66	
954,163	-173,91	
954,369	220,68	
954,574	8,48	
954,78	-186,19	
954,986	47,06	
955,192	29,52	
955,398	-73,95	
955,603	11,98	
955,809	80,38	
956,015	31,27	
956,22	-110,78	
956,426	20,75	
956,632	-123,05	
956,837	94,41	
957,043	-21,34	
957,248	-216	
957,454	61,09	
957,66	-73,95	
957,865	-28,35	
958,07	43,55	
958,276	117,21	
958,481	10,23	
958,687	-217,75	
958,892	169,82	
959,097	-47,64	
959,303	115,45	
959,508	-7,31	
959,713	-47,64	
959,919	-12,57	
960,124	-89,73	
960,329	52,32	
960,534	-82,72	
960,739	96,16	
960,945	4,97	
961,15	8,48	
961,355	-102,01	
961,56	-103,76	
961,765	-87,98	
961,97	20,75	
962,175	61,09	
962,38	34,78	
962,585	-184,43	
962,79	-42,38	
962,995	-65,18	
963,2	-63,43	
963,404	19	
963,609	59,33	
963,814	54,07	
964,019	20,75	
964,224	-19,58	
964,428	-116,04	
964,633	-140,59	
964,838	-116,04	
965,042	-96,75	
965,247	47,06	
965,452	-189,69	
965,656	64,6	
965,861	-35,37	
966,066	-121,3	
966,27	-158,13	
966,475	-2,05	
966,679	-142,34	
966,884	-107,27	
967,088	-102,01	
967,292	-221,26	
967,497	59,33	
967,701	-10,81	
967,906	59,33	
968,11	-42,38	
968,314	-179,17	
968,518	-24,84	
968,723	150,53	
968,927	-119,55	
969,131	-40,63	
969,335	129,48	
969,539	150,53	
969,744	-200,22	
969,948	89,15	
970,152	-110,78	
970,356	-31,86	
970,56	10,23	
970,764	-137,08	
970,968	45,3	
971,172	71,61	
971,376	189,11	
971,58	27,77	
971,784	69,86	
971,988	125,98	
972,192	15,49	
972,395	57,58	
972,599	-72,2	
972,803	36,54	
973,007	85,64	
973,21	11,98	
973,414	-9,06	
973,618	-144,1	
973,822	-89,73	
974,025	173,33	
974,229	59,33	
974,432	20,75	
974,636	10,23	
974,84	-33,61	
975,043	-21,34	
975,247	157,54	
975,45	-180,93	
975,654	-123,05	
975,857	54,07	
976,06	-114,28	
976,264	111,95	
976,467	-89,73	
976,671	-7,31	
976,874	-28,35	
977,077	-80,96	
977,28	-96,75	
977,484	-124,81	
977,687	-40,63	
977,89	96,16	
978,093	-38,87	
978,297	-58,17	
978,5	-54,66	
978,703	43,55	
978,906	140,01	
979,109	-35,37	
979,312	-24,84	
979,515	64,6	
979,718	-33,61	
979,921	-5,55	
980,124	-107,27	
980,327	118,96	
980,53	-93,24	
980,733	-44,14	
980,936	96,16	
981,138	-52,9	
981,341	211,91	
981,544	3,22	
981,747	-56,41	
981,949	-119,55	
982,152	59,33	
982,355	19	
982,558	-38,87	
982,76	-184,43	
982,963	-86,22	
983,165	-186,19	
983,368	-123,05	
983,571	-21,34	
983,773	-17,83	
983,976	203,14	
984,178	13,74	
984,381	31,27	
984,583	-9,06	
984,785	-42,38	
984,988	19	
985,19	22,51	
985,392	-17,83	
985,595	189,11	
985,797	-86,22	
985,999	-42,38	
986,202	26,01	
986,404	-140,59	
986,606	106,69	
986,808	122,47	
987,01	19	
987,212	111,95	
987,415	64,6	
987,617	-75,7	
987,819	20,75	
988,021	80,38	
988,223	120,71	
988,425	-100,25	
988,627	-152,87	
988,829	-5,55	
989,031	94,41	
989,232	141,76	
989,434	-119,55	
989,636	96,16	
989,838	-184,43	
990,04	108,44	
990,242	-9,06	
990,443	-16,08	
990,645	101,42	
990,847	-3,8	
991,048	48,81	
991,25	-147,61	
991,452	-3,8	
991,653	-105,52	
991,855	-144,1	
992,057	33,03	
992,258	-96,75	
992,46	150,53	
992,661	-68,69	
992,863	-31,86	
993,064	129,48	
993,265	-68,69	
993,467	-63,43	
993,668	204,89	
993,87	125,98	
994,071	20,75	
994,272	-44,14	
994,473	4,97	
994,675	-68,69	
994,876	-117,79	
995,077	-5,55	
995,278	90,9	
995,48	10,23	
995,681	-65,18	
995,882	71,61	
996,083	29,52	
996,284	-65,18	
996,485	-49,4	
996,686	76,87	
996,887	64,6	
997,088	-30,11	
997,289	24,26	
997,49	64,6	
997,691	-33,61	
997,892	47,06	
998,092	-24,84	
998,293	97,92	
998,494	-82,72	
998,695	-2,05	
998,896	45,3	
999,096	27,77	
999,297	-86,22	
999,498	-93,24	
999,698	-91,49	
999,899	24,26	
1000,1	-100,25	
1000,3	-84,47	
1000,501	24,26	
1000,701	36,54	
1000,902	-28,35	
1001,102	154,04	
1001,303	47,06	
1001,503	115,45	
1001,704	4,97	
1001,904	64,6	
1002,105	26,01	
1002,305	-7,31	
1002,505	-3,8	
1002,706	-140,59	
1002,906	-163,39	
1003,106	-112,53	
1003,306	-16,08	
1003,507	-14,32	
1003,707	-19,58	
1003,907	34,78	
1004,107	-82,72	
1004,307	69,86	
1004,507	-40,63	
1004,707	43,55	
1004,907	-131,82	
1005,107	-51,15	
1005,308	-12,57	
1005,507	-142,34	
1005,707	-121,3	
1005,907	-72,2	
1006,107	-38,87	
1006,307	47,06	
1006,507	83,89	
1006,707	-59,92	
1006,907	101,42	
1007,106	52,32	
1007,306	24,26	
1007,506	138,25	
1007,706	-38,87	
1007,905	-73,95	
1008,105	-14,32	
1008,305	3,22	
1008,504	-105,52	
1008,704	69,86	
1008,903	-168,65	
1009,103	127,73	
1009,303	41,8	
1009,502	-51,15	
1009,702	50,57	
1009,901	47,06	
1010,1	-47,64	
1010,3	-30,11	
1010,499	6,72	
1010,699	-54,66	
1010,898	-123,05	
1011,097	-40,63	
1011,296	-98,5	
1011,496	26,01	
1011,695	225,94	
1011,894	-14,32	
1012,093	92,66	
1012,293	-173,91	
1012,492	-59,92	
1012,691	-33,61	
1012,89	-44,14	
1013,089	8,48	
1013,288	117,21	
1013,487	-42,38	
1013,686	-117,79	
1013,885	-137,08	
1014,084	-5,55	
1014,283	17,24	
1014,482	-142,34	
1014,681	-198,46	
1014,88	-87,98	
1015,078	57,58	
1015,277	27,77	
1015,476	-56,41	
1015,675	-70,44	
1015,873	20,75	
1016,072	-180,93	
1016,271	43,55	
1016,47	-23,09	
1016,668	29,52	
1016,867	-44,14	
1017,065	36,54	
1017,264	-44,14	
1017,463	-52,9	
1017,661	-2,05	
1017,86	-31,86	
1018,058	15,49	
1018,256	-119,55	
1018,455	-154,62	
1018,653	-31,86	
1018,852	-35,37	
1019,05	-184,43	
1019,248	148,77	
1019,447	-114,28	
1019,645	24,26	
1019,843	-23,09	
1020,041	-203,72	
1020,24	-117,79	
1020,438	20,75	
1020,636	-0,29	
1020,834	-123,05	
1021,032	64,6	
1021,23	-44,14	
1021,428	26,01	
1021,626	-16,08	
1021,824	62,84	
1022,022	-79,21	
1022,22	-259,84	
1022,418	-38,87	
1022,616	-66,93	
1022,814	-114,28	
1023,012	-3,8	
1023,21	-40,63	
1023,408	304,86	
1023,606	-73,95	
1023,803	-87,98	
1024,001	62,84	
1024,199	-107,27	
1024,397	52,32	
1024,594	164,56	
1024,792	3,22	
1024,99	-40,63	
1025,187	66,35	
1025,385	245,23	
1025,582	-130,07	
1025,78	-0,29	
1025,977	-93,24	
1026,175	3,22	
1026,372	-124,81	
1026,57	45,3	
1026,767	362,73	
1026,965	-77,46	
1027,162	-200,22	
1027,359	1,46	
1027,557	-59,92	
1027,754	-147,61	
1027,951	106,69	
1028,148	-66,93	
1028,346	103,18	
1028,543	41,8	
1028,74	-110,78	
1028,937	19	
1029,134	-28,35	
1029,331	17,24	
1029,528	64,6	
1029,725	103,18	
1029,923	31,27	
1030,12	138,25	
1030,317	-59,92	
1030,513	64,6	
1030,71	-168,65	
1030,907	-28,35	
1031,104	69,86	
1031,301	-133,58	
1031,498	8,48	
1031,695	-107,27	
1031,892	-149,36	
1032,088	-100,25	
1032,285	-75,7	
1032,482	-68,69	
1032,678	-52,9	
1032,875	6,72	
1033,072	171,57	
1033,268	-47,64	
1033,465	134,74	
1033,662	94,41	
1033,858	166,31	
1034,055	-17,83	
1034,251	-96,75	
1034,448	68,1	
1034,644	-42,38	
1034,84	17,24	
1035,037	-66,93	
1035,233	-163,39	
1035,43	-168,65	
1035,626	-159,88	
1035,822	-77,46	
1036,019	-3,8	
1036,215	150,53	
1036,411	-37,12	
1036,607	-163,39	
1036,803	-135,33	
1037	-0,29	
1037,196	259,26	
1037,392	-116,04	
1037,588	-17,83	
1037,784	62,84	
1037,98	1,46	
1038,176	-128,31	
1038,372	101,42	
1038,568	-165,14	
1038,764	-40,63	
1038,96	-37,12	
1039,156	-52,9	
1039,352	-252,83	
1039,547	24,26	
1039,743	-93,24	
1039,939	-80,96	
1040,135	-151,11	
1040,331	-184,43	
1040,526	-158,13	
1040,722	45,3	
1040,918	-133,58	
1041,113	34,78	
1041,309	-130,07	
1041,505	87,39	
1041,7	20,75	
1041,896	68,1	
1042,091	-145,85	
1042,287	-24,84	
1042,482	41,8	
1042,678	40,04	
1042,873	115,45	
1043,069	-72,2	
1043,264	90,9	
1043,459	57,58	
1043,655	-49,4	
1043,85	-7,31	
1044,045	-210,74	
1044,24	-114,28	
1044,436	-145,85	
1044,631	-26,6	
1044,826	-61,67	
1045,021	-61,67	
1045,216	-61,67	
