couleur : blanc
angle source :0
angle capteur :30
source : 6500K
FLMT02171_1:101		
194,658	-1964,17	
194,923	-1964,17	
195,188	-1964,17	
195,453	-1818,61	
195,717	-94,7	
195,982	643,62	
196,247	182,39	
196,512	-271,83	
196,777	-43,84	
197,042	-59,63	
197,307	50,86	
197,572	78,92	
197,837	-45,6	
198,101	-240,26	
198,366	-115,75	
198,631	-87,69	
198,896	-91,19	
199,161	515,6	
199,425	-296,38	
199,69	329,7	
199,955	14,03	
200,22	-8,77	
200,484	-589,25	
200,749	-113,99	
201,014	96,45	
201,278	-271,83	
201,543	499,81	
201,807	-208,69	
202,072	212,2	
202,337	352,5	
202,601	242,01	
202,866	-455,97	
203,13	-368,28	
203,395	-238,51	
203,659	368,28	
203,924	-203,43	
204,189	36,83	
204,453	66,64	
204,717	-341,98	
204,982	143,81	
205,246	19,29	
205,511	396,34	
205,775	0	
206,04	108,73	
206,304	-206,94	
206,568	-110,48	
206,833	-284,1	
207,097	110,48	
207,361	-21,04	
207,626	-252,54	
207,89	94,7	
208,154	38,58	
208,419	177,13	
208,683	-64,89	
208,947	128,02	
209,211	224,48	
209,476	182,39	
209,74	294,63	
210,004	692,72	
210,268	319,18	
210,532	538,39	
210,796	198,17	
211,061	-149,07	
211,325	1,75	
211,589	533,13	
211,853	503,32	
212,117	3,51	
212,381	363,02	
212,645	185,89	
212,909	187,65	
213,173	47,35	
213,437	-203,43	
213,701	363,02	
213,965	98,21	
214,229	278,84	
214,493	173,62	
214,757	-61,38	
215,021	-135,04	
215,285	184,14	
215,549	-254,29	
215,813	-5,26	
216,077	84,18	
216,34	149,07	
216,604	203,43	
216,868	-15,78	
217,132	-427,91	
217,396	320,93	
217,659	143,81	
217,923	429,66	
218,187	-243,77	
218,451	433,17	
218,714	222,72	
218,978	171,87	
219,242	561,19	
219,505	263,06	
219,769	-75,41	
220,033	359,51	
220,296	333,21	
220,56	194,66	
220,824	122,76	
221,087	364,78	
221,351	98,21	
221,614	-140,3	
221,878	-380,56	
222,142	56,12	
222,405	222,72	
222,669	-187,65	
222,932	40,34	
223,196	394,59	
223,459	208,69	
223,722	82,43	
223,986	-112,24	
224,249	356,01	
224,513	217,46	
224,776	-243,77	
225,04	-19,29	
225,303	-317,42	
225,566	261,31	
225,83	327,95	
226,093	87,69	
226,356	-105,22	
226,62	387,57	
226,883	-441,94	
227,146	-299,89	
227,409	-245,52	
227,673	583,99	
227,936	-270,07	
228,199	78,92	
228,462	315,67	
228,725	135,04	
228,989	112,24	
229,252	126,27	
229,515	-24,55	
229,778	278,84	
230,041	249,03	
230,304	-348,99	
230,567	-106,98	
230,83	112,24	
231,093	29,81	
231,356	52,61	
231,619	-105,22	
231,882	-121,01	
232,145	26,31	
232,408	-154,33	
232,671	14,03	
232,934	-177,13	
233,197	159,59	
233,46	573,47	
233,723	22,8	
233,986	187,65	
234,249	-268,32	
234,512	135,04	
234,775	159,59	
235,037	150,82	
235,3	-89,44	
235,563	640,11	
235,826	448,95	
236,089	254,29	
236,351	-3,51	
236,614	210,45	
236,877	150,82	
237,14	-198,17	
237,402	-38,58	
237,665	315,67	
237,928	5,26	
238,19	-242,01	
238,453	282,35	
238,716	564,7	
238,978	71,9	
239,241	50,86	
239,503	196,42	
239,766	45,6	
240,029	284,1	
240,291	-66,64	
240,554	347,24	
240,816	124,51	
241,079	213,95	
241,341	105,22	
241,604	-462,98	
241,866	-108,73	
242,129	-271,83	
242,391	375,3	
242,653	-124,51	
242,916	159,59	
243,178	7,01	
243,441	294,63	
243,703	31,57	
243,965	-108,73	
244,228	545,41	
244,49	-22,8	
244,752	99,96	
245,015	115,75	
245,277	-133,28	
245,539	-306,9	
245,801	-356,01	
246,064	217,46	
246,326	270,07	
246,588	-135,04	
246,85	536,64	
247,112	-91,19	
247,374	198,17	
247,637	-52,61	
247,899	-352,5	
248,161	182,39	
248,423	-89,44	
248,685	378,8	
248,947	406,86	
249,209	524,36	
249,471	-71,9	
249,733	-154,33	
249,995	-208,69	
250,257	-401,6	
250,519	380,56	
250,781	377,05	
251,043	352,5	
251,305	249,03	
251,567	492,8	
251,829	45,6	
252,091	92,95	
252,353	-140,3	
252,615	182,39	
252,876	-28,06	
253,138	252,54	
253,4	-108,73	
253,662	-89,44	
253,924	-633,1	
254,185	92,95	
254,447	22,8	
254,709	445,45	
254,971	0	
255,232	64,89	
255,494	459,48	
255,756	175,37	
256,017	-298,13	
256,279	-471,75	
256,541	-91,19	
256,802	147,31	
257,064	-40,34	
257,326	-273,58	
257,587	170,11	
257,849	247,28	
258,11	117,5	
258,372	-182,39	
258,633	222,72	
258,895	550,67	
259,156	547,16	
259,418	-57,87	
259,679	226,23	
259,941	275,34	
260,202	150,82	
260,464	-135,04	
260,725	-8,77	
260,987	199,92	
261,248	157,84	
261,509	171,87	
261,771	135,04	
262,032	124,51	
262,293	213,95	
262,555	161,34	
262,816	392,83	
263,077	-59,63	
263,338	-78,92	
263,6	-445,45	
263,861	-377,05	
264,122	243,77	
264,383	105,22	
264,645	-128,02	
264,906	-87,69	
265,167	10,52	
265,428	121,01	
265,689	-205,19	
265,95	503,32	
266,211	21,04	
266,473	-182,39	
266,734	-38,58	
266,995	68,4	
267,256	138,54	
267,517	71,9	
267,778	40,34	
268,039	73,66	
268,3	489,29	
268,561	36,83	
268,822	-31,57	
269,083	338,47	
269,344	-77,16	
269,604	387,57	
269,865	-347,24	
270,126	329,7	
270,387	56,12	
270,648	-436,68	
270,909	-336,72	
271,17	63,13	
271,43	419,14	
271,691	278,84	
271,952	-36,83	
272,213	-68,4	
272,473	-436,68	
272,734	401,6	
272,995	-468,24	
273,256	-468,24	
273,516	-178,88	
273,777	-50,86	
274,038	-210,45	
274,298	238,51	
274,559	94,7	
274,82	-7,01	
275,08	-99,96	
275,341	-468,24	
275,601	-341,98	
275,862	-150,82	
276,122	405,11	
276,383	96,45	
276,643	347,24	
276,904	333,21	
277,164	473,51	
277,425	591,01	
277,685	-47,35	
277,946	63,13	
278,206	-227,98	
278,467	63,13	
278,727	634,85	
278,987	224,48	
279,248	317,42	
279,508	14,03	
279,768	-57,87	
280,029	0	
280,289	5,26	
280,549	-10,52	
280,81	113,99	
281,07	366,53	
281,33	-275,34	
281,59	524,36	
281,851	21,04	
282,111	-77,16	
282,371	536,64	
282,631	26,31	
282,891	-170,11	
283,151	-187,65	
283,412	50,86	
283,672	126,27	
283,932	310,41	
284,192	-324,44	
284,452	-203,43	
284,712	189,4	
284,972	-50,86	
285,232	364,78	
285,492	43,84	
285,752	341,98	
286,012	71,9	
286,272	-436,68	
286,532	341,98	
286,792	238,51	
287,052	-57,87	
287,312	-21,04	
287,571	-15,78	
287,831	-124,51	
288,091	180,63	
288,351	-398,1	
288,611	-440,19	
288,871	-103,47	
289,13	-126,27	
289,39	163,1	
289,65	87,69	
289,91	575,22	
290,17	389,33	
290,429	19,29	
290,689	31,57	
290,949	122,76	
291,208	-113,99	
291,468	-319,18	
291,728	68,4	
291,987	-259,55	
292,247	-52,61	
292,506	608,54	
292,766	171,87	
293,026	-40,34	
293,285	-152,57	
293,545	231,49	
293,804	-103,47	
294,064	526,12	
294,323	185,89	
294,583	-210,45	
294,842	-366,53	
295,102	291,12	
295,361	548,92	
295,621	263,06	
295,88	331,45	
296,139	-170,11	
296,399	203,43	
296,658	150,82	
296,917	-438,43	
297,177	45,6	
297,436	678,69	
297,695	121,01	
297,955	403,36	
298,214	-157,84	
298,473	203,43	
298,732	36,83	
298,992	336,72	
299,251	-119,25	
299,51	-108,73	
299,769	257,8	
300,028	-322,69	
300,287	117,5	
300,547	-313,92	
300,806	157,84	
301,065	-450,71	
301,324	208,69	
301,583	-26,31	
301,842	329,7	
302,101	70,15	
302,36	387,57	
302,619	517,35	
302,878	126,27	
303,137	180,63	
303,396	-166,6	
303,655	389,33	
303,914	278,84	
304,173	-36,83	
304,432	163,1	
304,691	-266,57	
304,95	347,24	
305,208	205,19	
305,467	-68,4	
305,726	-529,63	
305,985	-113,99	
306,244	7,01	
306,503	28,06	
306,761	213,95	
307,02	-252,54	
307,279	310,41	
307,537	170,11	
307,796	-327,95	
308,055	-185,89	
308,314	-47,35	
308,572	277,09	
308,831	-175,37	
309,09	505,07	
309,348	238,51	
309,607	-80,67	
309,865	322,69	
310,124	548,92	
310,382	261,31	
310,641	-85,93	
310,9	-368,28	
311,158	222,72	
311,417	213,95	
311,675	-252,54	
311,933	-198,17	
312,192	245,52	
312,45	-275,34	
312,709	-3,51	
312,967	517,35	
313,226	492,8	
313,484	-198,17	
313,742	212,2	
314,001	-3,51	
314,259	401,6	
314,517	308,66	
314,776	-156,08	
315,034	21,04	
315,292	147,31	
315,55	284,1	
315,809	-135,04	
316,067	50,86	
316,325	-117,5	
316,583	184,14	
316,841	-371,79	
317,1	292,87	
317,358	175,37	
317,616	-291,12	
317,874	-98,21	
318,132	36,83	
318,39	433,17	
318,648	261,31	
318,906	238,51	
319,164	-121,01	
319,422	-266,57	
319,68	-271,83	
319,938	-140,3	
320,196	-92,95	
320,454	145,56	
320,712	-170,11	
320,97	-101,72	
321,228	-106,98	
321,486	-278,84	
321,744	-113,99	
322,002	-131,53	
322,26	217,46	
322,517	-36,83	
322,775	-133,28	
323,033	-149,07	
323,291	21,04	
323,549	-117,5	
323,806	-78,92	
324,064	152,57	
324,322	306,9	
324,58	201,68	
324,837	-164,85	
325,095	-128,02	
325,353	433,17	
325,61	85,93	
325,868	380,56	
326,126	-217,46	
326,383	289,36	
326,641	-177,13	
326,898	-178,88	
327,156	224,48	
327,413	152,57	
327,671	35,07	
327,928	61,38	
328,186	235	
328,443	-99,96	
328,701	163,1	
328,958	-398,1	
329,216	187,65	
329,473	150,82	
329,731	-159,59	
329,988	245,52	
330,245	-52,61	
330,503	-163,1	
330,76	129,78	
331,017	-66,64	
331,275	85,93	
331,532	231,49	
331,789	219,22	
332,047	24,55	
332,304	-175,37	
332,561	610,3	
332,818	47,35	
333,076	80,67	
333,333	217,46	
333,59	135,04	
333,847	327,95	
334,104	401,6	
334,361	462,98	
334,618	-19,29	
334,876	298,13	
335,133	-264,81	
335,39	150,82	
335,647	-334,96	
335,904	-59,63	
336,161	-329,7	
336,418	-56,12	
336,675	-115,75	
336,932	42,09	
337,189	413,88	
337,446	113,99	
337,703	289,36	
337,96	80,67	
338,216	-191,16	
338,473	-247,28	
338,73	-224,48	
338,987	-136,79	
339,244	-70,15	
339,501	215,71	
339,757	-338,47	
340,014	-373,54	
340,271	-49,1	
340,528	113,99	
340,785	327,95	
341,041	-152,57	
341,298	121,01	
341,555	-47,35	
341,811	-357,76	
342,068	236,75	
342,325	-66,64	
342,581	94,7	
342,838	270,07	
343,094	429,66	
343,351	-254,29	
343,608	-168,36	
343,864	259,55	
344,121	-91,19	
344,377	84,18	
344,634	650,63	
344,89	50,86	
345,147	-285,86	
345,403	110,48	
345,66	128,02	
345,916	-341,98	
346,172	-70,15	
346,429	424,4	
346,685	19,29	
346,942	10,52	
347,198	-133,28	
347,454	-261,31	
347,711	133,28	
347,967	57,87	
348,223	-105,22	
348,48	12,28	
348,736	-110,48	
348,992	-50,86	
349,248	7,01	
349,504	68,4	
349,761	-12,28	
350,017	-59,63	
350,273	-264,81	
350,529	-198,17	
350,785	194,66	
351,041	-340,22	
351,297	-45,6	
351,554	-150,82	
351,81	-489,29	
352,066	121,01	
352,322	-105,22	
352,578	813,73	
352,834	-14,03	
353,09	263,06	
353,346	154,33	
353,602	117,5	
353,858	-222,72	
354,114	-61,38	
354,369	73,66	
354,625	15,78	
354,881	-250,78	
355,137	105,22	
355,393	-392,83	
355,649	-287,61	
355,905	-217,46	
356,16	-56,12	
356,416	215,71	
356,672	-131,53	
356,928	-177,13	
357,183	96,45	
357,439	-370,04	
357,695	-19,29	
357,951	-273,58	
358,206	110,48	
358,462	152,57	
358,718	-98,21	
358,973	192,91	
359,229	43,84	
359,484	64,89	
359,74	-240,26	
359,996	131,53	
360,251	94,7	
360,507	-206,94	
360,762	98,21	
361,018	187,65	
361,273	47,35	
361,529	-256,04	
361,784	368,28	
362,04	-187,65	
362,295	40,34	
362,55	-440,19	
362,806	157,84	
363,061	249,03	
363,316	-168,36	
363,572	373,54	
363,827	-63,13	
364,082	420,89	
364,338	38,58	
364,593	-198,17	
364,848	371,79	
365,104	-324,44	
365,359	33,32	
365,614	-238,51	
365,869	240,26	
366,124	-113,99	
366,38	275,34	
366,635	334,96	
366,89	152,57	
367,145	-7,01	
367,4	110,48	
367,655	196,42	
367,91	-408,62	
368,165	22,8	
368,42	71,9	
368,675	194,66	
368,93	-50,86	
369,185	443,69	
369,44	-77,16	
369,695	143,81	
369,95	1,75	
370,205	-145,56	
370,46	157,84	
370,715	173,62	
370,97	171,87	
371,225	382,31	
371,48	308,66	
371,734	-87,69	
371,989	19,29	
372,244	-512,09	
372,499	136,79	
372,754	454,22	
373,008	-592,76	
373,263	-68,4	
373,518	471,75	
373,773	-28,06	
374,027	-57,87	
374,282	45,6	
374,537	357,76	
374,791	354,25	
375,046	78,92	
375,301	334,96	
375,555	227,98	
375,81	-254,29	
376,064	66,64	
376,319	182,39	
376,573	-138,54	
376,828	-501,57	
377,082	-391,08	
377,337	375,3	
377,591	-113,99	
377,846	-305,15	
378,1	206,94	
378,355	115,75	
378,609	441,94	
378,863	-131,53	
379,118	273,58	
379,372	-91,19	
379,627	126,27	
379,881	289,36	
380,135	284,1	
380,389	-233,25	
380,644	-299,89	
380,898	359,51	
381,152	-333,21	
381,407	-224,48	
381,661	173,62	
381,915	357,76	
382,169	168,36	
382,423	66,64	
382,677	-233,25	
382,932	408,62	
383,186	47,35	
383,44	-215,71	
383,694	-466,49	
383,948	47,35	
384,202	259,55	
384,456	170,11	
384,71	-119,25	
384,964	-108,73	
385,218	341,98	
385,472	243,77	
385,726	182,39	
385,98	261,31	
386,234	-45,6	
386,488	-201,68	
386,742	166,6	
386,996	306,9	
387,249	119,25	
387,503	519,1	
387,757	-164,85	
388,011	54,37	
388,265	366,53	
388,518	-57,87	
388,772	138,54	
389,026	70,15	
389,28	-26,31	
389,533	-24,55	
389,787	306,9	
390,041	57,87	
390,295	-461,23	
390,548	119,25	
390,802	-42,09	
391,055	142,05	
391,309	336,72	
391,563	-259,55	
391,816	159,59	
392,07	313,92	
392,323	322,69	
392,577	194,66	
392,83	124,51	
393,084	-159,59	
393,337	-64,89	
393,591	527,87	
393,844	-92,95	
394,098	-43,84	
394,351	-101,72	
394,604	538,39	
394,858	147,31	
395,111	-92,95	
395,364	184,14	
395,618	136,79	
395,871	-89,44	
396,124	429,66	
396,378	285,86	
396,631	235	
396,884	655,89	
397,137	803,21	
397,391	189,4	
397,644	198,17	
397,897	669,92	
398,15	438,43	
398,403	410,37	
398,657	194,66	
398,91	277,09	
399,163	-308,66	
399,416	231,49	
399,669	-199,92	
399,922	170,11	
400,175	178,88	
400,428	212,2	
400,681	-415,63	
400,934	-168,36	
401,187	168,36	
401,44	-35,07	
401,693	10,52	
401,946	208,69	
402,199	443,69	
402,452	401,6	
402,704	-22,8	
402,957	196,42	
403,21	85,93	
403,463	-150,82	
403,716	-308,66	
403,969	128,02	
404,221	103,47	
404,474	256,04	
404,727	280,6	
404,98	520,86	
405,232	213,95	
405,485	103,47	
405,738	91,19	
405,99	-454,22	
406,243	259,55	
406,496	-357,76	
406,748	152,57	
407,001	240,26	
407,253	-35,07	
407,506	142,05	
407,759	517,35	
408,011	71,9	
408,264	529,63	
408,516	503,32	
408,769	529,63	
409,021	461,23	
409,274	431,42	
409,526	508,58	
409,778	264,81	
410,031	603,28	
410,283	622,57	
410,536	231,49	
410,788	129,78	
411,04	415,63	
411,293	152,57	
411,545	296,38	
411,797	-257,8	
412,049	606,79	
412,302	589,25	
412,554	208,69	
412,806	824,25	
413,058	540,15	
413,311	813,73	
413,563	391,08	
413,815	429,66	
414,067	627,83	
414,319	976,83	
414,571	257,8	
414,823	398,1	
415,075	697,98	
415,328	641,86	
415,58	701,49	
415,832	356,01	
416,084	934,74	
416,336	982,09	
416,588	540,15	
416,84	408,62	
417,091	962,8	
417,343	817,24	
417,595	826,01	
417,847	748,84	
418,099	1059,25	
418,351	1020,67	
418,603	354,25	
418,855	787,42	
419,106	966,3	
419,358	1331,08	
419,61	813,73	
419,862	1297,76	
420,114	1017,16	
420,365	1422,27	
420,617	1201,3	
420,869	1632,72	
421,12	829,51	
421,372	1548,54	
421,624	1446,82	
421,875	1701,11	
422,127	1706,38	
422,379	1694,1	
422,63	1674,81	
422,882	1627,46	
423,133	1683,58	
423,385	1648,5	
423,636	1887,01	
423,888	1737,94	
424,139	1997,49	
424,391	2004,51	
424,642	1352,12	
424,894	1927,35	
425,145	2250,03	
425,396	1993,99	
425,648	2246,52	
425,899	1867,72	
426,151	2418,39	
426,402	2449,96	
426,653	1823,88	
426,905	2455,22	
427,156	2925,22	
427,407	2604,28	
427,658	2995,36	
427,91	3053,24	
428,161	2628,84	
428,412	2769,13	
428,663	3170,74	
428,914	2905,92	
429,166	2928,72	
429,417	3698,61	
429,668	3172,49	
429,919	3824,88	
430,17	3742,45	
430,421	3735,44	
430,672	3454,84	
430,923	3304,02	
431,174	3886,26	
431,425	3984,47	
431,676	3661,78	
431,927	4429,91	
432,178	4550,92	
432,429	4322,94	
432,68	4901,67	
432,931	4929,72	
433,182	4934,99	
433,433	4719,28	
433,683	4265,06	
433,934	5038,46	
434,185	5189,28	
434,436	5625,95	
434,687	5589,13	
434,937	5610,17	
435,188	5882	
435,439	6301,14	
435,69	5971,44	
435,94	6511,59	
436,191	6294,12	
436,442	6629,09	
436,692	7120,13	
436,943	7267,44	
437,194	7123,64	
437,444	7519,98	
437,695	7500,69	
437,945	7258,67	
438,196	7763,75	
438,447	8070,65	
438,697	8026,81	
438,948	7874,23	
439,198	8293,37	
439,449	8763,37	
439,699	8863,33	
439,949	9164,97	
440,2	9021,17	
440,45	9620,94	
440,701	9673,55	
440,951	9484,15	
441,201	10234,75	
441,452	10418,89	
441,702	10925,72	
441,952	10373,29	
442,203	10913,44	
442,453	11018,66	
442,703	11476,39	
442,953	11009,89	
443,204	11264,18	
443,454	12120	
443,704	12628,58	
443,954	12263,81	
444,204	13054,74	
444,455	13052,99	
444,705	13393,21	
444,955	14061,38	
445,205	13745,71	
445,455	13877,24	
445,705	14477,01	
445,955	14783,91	
446,205	14506,82	
446,455	15380,18	
446,705	15552,05	
446,955	16202,68	
447,205	15580,1	
447,455	15946,63	
447,705	16204,43	
447,955	16827	
448,205	17370,66	
448,454	18026,55	
448,704	17351,37	
448,954	17265,44	
449,204	18177,37	
449,454	18884,13	
449,704	18282,6	
449,953	18975,32	
450,203	19371,66	
450,453	19445,32	
450,703	19303,27	
450,952	19624,2	
451,202	20124,01	
451,452	18978,83	
451,701	19983,71	
451,951	20986,84	
452,201	21121,88	
452,45	20892,14	
452,7	20623,82	
452,949	20313,41	
453,199	20906,17	
453,448	20506,32	
453,698	20704,49	
453,947	21025,43	
454,197	20762,37	
454,446	21307,78	
454,696	20553,67	
454,945	20553,67	
455,195	20718,52	
455,444	20509,83	
455,693	21051,73	
455,943	20537,89	
456,192	20492,29	
456,442	19862,7	
456,691	20246,77	
456,94	19520,73	
457,189	20039,83	
457,439	19701,36	
457,688	18771,89	
457,937	18505,32	
458,186	18745,58	
458,436	18942	
458,685	18249,28	
458,934	17879,24	
459,183	17717,9	
459,432	17933,61	
459,681	16912,94	
459,93	17414,5	
460,179	16946,26	
460,429	16844,54	
460,678	15962,42	
460,927	16065,89	
461,176	16221,97	
461,425	16265,81	
461,674	15629,21	
461,923	15011,9	
462,172	15327,57	
462,42	15018,91	
462,669	14308,65	
462,918	14424,4	
463,167	15097,83	
463,416	14824,25	
463,665	13582,61	
463,914	14245,52	
464,162	13335,34	
464,411	14317,42	
464,66	13917,57	
464,909	13086,31	
465,158	12930,22	
465,406	13452,83	
465,655	12905,67	
465,904	12681,2	
466,152	12335,71	
466,401	12598,77	
466,65	12067,39	
466,898	12063,88	
467,147	12014,78	
467,395	12732,05	
467,644	12109,48	
467,893	11900,79	
468,141	11842,91	
468,39	11621,94	
468,638	11102,84	
468,887	11785,04	
469,135	11101,09	
469,384	11651,76	
469,632	11130,9	
469,88	11025,68	
470,129	10994,11	
470,377	10802,95	
470,626	10366,28	
470,874	10475,01	
471,122	10597,77	
471,371	10473,25	
471,619	10064,64	
471,867	9885,76	
472,115	9926,09	
472,364	9699,86	
472,612	9485,91	
472,86	9461,35	
473,108	9968,18	
473,356	9531,5	
473,605	9377,17	
473,853	9757,73	
474,101	8830,01	
474,349	9468,37	
474,597	9335,09	
474,845	9191,28	
475,093	8889,64	
475,341	8844,04	
475,589	9531,5	
475,837	9036,95	
476,085	8940,5	
476,333	8989,6	
476,581	8665,16	
476,829	8959,79	
477,077	8951,02	
477,325	8887,89	
477,573	8449,45	
477,821	8323,19	
478,069	8337,22	
478,317	8566,95	
478,564	8181,13	
478,812	8256,54	
479,06	8161,84	
479,308	8358,26	
479,555	8372,29	
479,803	8533,63	
480,051	7830,39	
480,299	8586,24	
480,546	8018,04	
480,794	8540,65	
481,042	8354,75	
481,289	8631,84	
481,537	8395,09	
481,784	8430,16	
482,032	8638,86	
482,28	8770,39	
482,527	7912,81	
482,775	8156,58	
483,022	8230,24	
483,27	8908,93	
483,517	8677,44	
483,765	8840,53	
484,012	8854,56	
484,259	8635,35	
484,507	8363,52	
484,754	9022,92	
485,002	8733,56	
485,249	8652,89	
485,496	8637,1	
485,744	9315,79	
485,991	8740,57	
486,238	8595,01	
486,486	8975,57	
486,733	9119,38	
486,98	9243,89	
487,227	9563,07	
487,474	9312,29	
487,722	8824,75	
487,969	9121,13	
488,216	9363,14	
488,463	9620,94	
488,71	9347,36	
488,957	9310,53	
489,204	9810,35	
489,451	9468,37	
489,699	9733,18	
489,946	9810,35	
490,193	10048,85	
490,44	10048,85	
490,687	10110,23	
490,934	9887,51	
491,18	9936,61	
491,427	10354	
491,674	9698,11	
491,921	9954,15	
492,168	10189,15	
492,415	9975,2	
492,662	9962,92	
492,909	10424,15	
493,155	10285,61	
493,402	10729,3	
493,649	9868,22	
493,896	9954,15	
494,142	10524,11	
494,389	10648,63	
494,636	10567,95	
494,883	10695,98	
495,129	11071,27	
495,376	11220,34	
495,623	10801,2	
495,869	10967,8	
496,116	11183,51	
496,362	11374,67	
496,609	11521,98	
496,855	11397,47	
497,102	10995,86	
497,348	11336,09	
497,595	11764	
497,841	11378,18	
498,088	11692,09	
498,334	11967,43	
498,581	11579,86	
498,827	11786,79	
499,074	11885	
499,32	12211,2	
499,566	12390,08	
499,813	12270,82	
500,059	12234	
500,305	12528,62	
500,552	12968,81	
500,798	12160,34	
501,044	12714,52	
501,29	12235,75	
501,537	12895,15	
501,783	12428,66	
502,029	12833,77	
502,275	12276,08	
502,521	12728,55	
502,767	13335,34	
503,013	13203,81	
503,26	13377,42	
503,506	13280,97	
503,752	12819,74	
503,998	13196,79	
504,244	13195,04	
504,49	13130,15	
504,736	13479,14	
504,982	12903,92	
505,228	13191,53	
505,474	13554,55	
505,72	14266,56	
505,966	13110,86	
506,211	13398,47	
506,457	13608,92	
506,703	14401,6	
506,949	13295	
507,195	13410,75	
507,441	14206,94	
507,686	13796,57	
507,932	14371,79	
508,178	14247,27	
508,424	14420,89	
508,669	13882,5	
508,915	14505,07	
509,161	14389,32	
509,406	14448,95	
509,652	14182,38	
509,898	14427,91	
510,143	14115,74	
510,389	14331,45	
510,634	14526,12	
510,88	14915,44	
511,125	13873,73	
511,371	15082,05	
511,616	14624,32	
511,862	15041,71	
512,107	14327,94	
512,353	14652,38	
512,598	14726,04	
512,844	15129,4	
513,089	15039,96	
513,335	15008,39	
513,58	15101,34	
513,825	14804,96	
514,071	14697,98	
514,316	15055,74	
514,561	15201,3	
514,806	15048,73	
515,052	15794,06	
515,297	15278,46	
515,542	14885,63	
515,787	14915,44	
516,033	15492,42	
516,278	15373,17	
516,523	15111,86	
516,768	14985,59	
517,013	15236,37	
517,258	15180,26	
517,503	15474,88	
517,748	15134,66	
517,993	15331,08	
518,238	15669,54	
518,483	15616,93	
518,728	15504,69	
518,973	15702,87	
519,218	15811,6	
519,463	15995,74	
519,708	15664,28	
519,953	15446,82	
520,198	15303,02	
520,443	15813,35	
520,688	15296	
520,933	15915,07	
521,177	15722,16	
521,422	15706,37	
521,667	15685,33	
521,912	15513,46	
522,157	15736,19	
522,401	15755,48	
522,646	15536,26	
522,891	15774,77	
523,135	15622,19	
523,38	15474,88	
523,625	16023,8	
523,869	15799,32	
524,114	16213,2	
524,358	16272,83	
524,603	15746,71	
524,848	15716,9	
525,092	15692,34	
525,337	15955,4	
525,581	15560,81	
525,826	15536,26	
526,07	16407,86	
526,315	15908,05	
526,559	16207,94	
526,803	16288,61	
527,048	16627,08	
527,292	15939,62	
527,537	16672,68	
527,781	16158,83	
528,025	15858,95	
528,269	16001	
528,514	15927,34	
528,758	16023,8	
529,002	16148,31	
529,247	16286,86	
529,491	16251,78	
529,735	16057,12	
529,979	15979,95	
530,223	15743,2	
530,467	15680,07	
530,712	16700,74	
530,956	15785,29	
531,2	16339,47	
531,444	16078,16	
531,688	15650,25	
531,932	16567,45	
532,176	16348,24	
532,42	15811,6	
532,664	15995,74	
532,908	17040,96	
533,152	15855,44	
533,396	16400,85	
533,64	16556,93	
533,884	16151,82	
534,128	15727,42	
534,371	16236	
534,615	16413,12	
534,859	16127,27	
535,103	16257,04	
535,347	16206,19	
535,59	15909,81	
535,834	16146,56	
536,078	16086,93	
536,322	16193,91	
536,565	15801,07	
536,809	16093,95	
537,053	16434,17	
537,296	15797,57	
537,54	15895,78	
537,784	15576,6	
538,027	16407,86	
538,271	16802,45	
538,514	15739,69	
538,758	15865,96	
539,001	15927,34	
539,245	15981,71	
539,488	15794,06	
539,732	16683,2	
539,975	16265,81	
540,219	16495,55	
540,462	16439,43	
540,706	16232,49	
540,949	16060,63	
541,192	16244,77	
541,436	15976,45	
541,679	15923,84	
541,922	15915,07	
542,166	15976,45	
542,409	15950,14	
542,652	15580,1	
542,895	16378,05	
543,139	16104,47	
543,382	16523,61	
543,625	16230,74	
543,868	16420,14	
544,111	15932,6	
544,354	16353,5	
544,598	16281,6	
544,841	16160,59	
545,084	16556,93	
545,327	16969,06	
545,57	16095,7	
545,813	15694,1	
546,056	15637,98	
546,299	16032,57	
546,542	16251,78	
546,785	16071,15	
547,028	16625,33	
547,271	15976,45	
547,514	15822,12	
547,756	16114,99	
547,999	15932,6	
548,242	15908,05	
548,485	16151,82	
548,728	16022,04	
548,971	15815,1	
549,213	16362,27	
549,456	16016,78	
549,699	15839,66	
549,942	15750,22	
550,184	16078,16	
550,427	16257,04	
550,67	16130,77	
550,912	15985,22	
551,155	15878,24	
551,398	15851,93	
551,64	15744,96	
551,883	15986,97	
552,125	15480,14	
552,368	16001	
552,61	15704,62	
552,853	16036,07	
553,095	15585,37	
553,338	15602,9	
553,58	15613,43	
553,823	15406,49	
554,065	15606,41	
554,308	15950,14	
554,55	15239,88	
554,792	15837,9	
555,035	15601,15	
555,277	15504,69	
555,519	15606,41	
555,762	15257,42	
556,004	15567,83	
556,246	15083,8	
556,488	15534,51	
556,731	15508,2	
556,973	15466,11	
557,215	15446,82	
557,457	15204,81	
557,699	15937,87	
557,941	15357,38	
558,183	15238,13	
558,426	14789,17	
558,668	15201,3	
558,91	15027,68	
559,152	15573,09	
559,394	15229,36	
559,636	15169,73	
559,878	14571,71	
560,12	15366,15	
560,362	15315,29	
560,604	15546,78	
560,845	15015,41	
561,087	15450,33	
561,329	15569,58	
561,571	14766,38	
561,813	15053,99	
562,055	15846,67	
562,297	14913,69	
562,538	15404,73	
562,78	15283,73	
563,022	15259,17	
563,264	15227,61	
563,505	15546,78	
563,747	14785,67	
563,989	15325,81	
564,23	15106,6	
564,472	15038,2	
564,714	15190,78	
564,955	15532,75	
565,197	15003,13	
565,438	15075,03	
565,68	14712,01	
565,921	15345,11	
566,163	15225,85	
566,404	15588,87	
566,646	15238,13	
566,887	15446,82	
567,129	15229,36	
567,37	15180,26	
567,612	15001,38	
567,853	15373,17	
568,094	15350,37	
568,336	15809,84	
568,577	15792,31	
568,818	15439,81	
569,06	15615,18	
569,301	16179,88	
569,542	15553,8	
569,783	15836,15	
570,025	15522,23	
570,266	16009,77	
570,507	16264,06	
570,748	16190,4	
570,989	15506,45	
571,23	15592,38	
571,472	15748,46	
571,713	15850,18	
571,954	15595,89	
572,195	15727,42	
572,436	15922,08	
572,677	15192,53	
572,918	14920,7	
573,159	15383,69	
573,4	15536,26	
573,641	15353,87	
573,882	15259,17	
574,123	15192,53	
574,364	15301,26	
574,604	15125,89	
574,845	15094,32	
575,086	14478,76	
575,327	14764,62	
575,568	15050,48	
575,809	14608,54	
576,049	15441,56	
576,29	15055,74	
576,531	15073,28	
576,771	14587,5	
577,012	14166,6	
577,253	14647,12	
577,494	14454,21	
577,734	14427,91	
577,975	13594,89	
578,215	14573,47	
578,456	13926,34	
578,697	14524,36	
578,937	14312,16	
579,178	14491,04	
579,418	14166,6	
579,659	13959,66	
579,899	13857,95	
580,14	14797,94	
580,38	14610,29	
580,62	14331,45	
580,861	14392,83	
581,101	13959,66	
581,342	14303,39	
581,582	14087,68	
581,822	13810,6	
582,063	13645,74	
582,303	13765	
582,543	13884,25	
582,783	13493,17	
583,024	13501,94	
583,264	13521,23	
583,504	13598,39	
583,744	13573,84	
583,984	13707,13	
584,224	13610,67	
584,465	13868,47	
584,705	13472,13	
584,945	13551,04	
585,185	12554,93	
585,425	13394,96	
585,665	13624,7	
585,905	13342,35	
586,145	13256,42	
586,385	13477,39	
586,625	13401,98	
586,865	13426,53	
587,105	12369,03	
587,345	13102,09	
587,585	13114,37	
587,824	13089,81	
588,064	12888,13	
588,304	12858,32	
588,544	12839,03	
588,784	13205,56	
589,024	13175,75	
589,263	12703,99	
589,503	12474,26	
589,743	12770,64	
589,982	12528,62	
590,222	13230,11	
590,462	12446,2	
590,701	12602,28	
590,941	12703,99	
591,181	12607,54	
591,42	12688,21	
591,66	12833,77	
591,899	12472,5	
592,139	12600,52	
592,378	12300,64	
592,618	12176,12	
592,857	12598,77	
593,097	12337,46	
593,336	12837,28	
593,576	12542,65	
593,815	12940,75	
594,055	12488,29	
594,294	12463,73	
594,533	12765,37	
594,773	12425,15	
595,012	12621,57	
595,251	13051,23	
595,491	12884,63	
595,73	12551,42	
595,969	12696,98	
596,208	12440,93	
596,447	12588,25	
596,687	12800,45	
596,926	12556,68	
597,165	12519,85	
597,404	12718,02	
597,643	12721,53	
597,882	12404,11	
598,121	12498,81	
598,36	12512,84	
598,599	13007,39	
598,838	12882,87	
599,077	13114,37	
599,316	13137,16	
599,555	12972,31	
599,794	12742,58	
600,033	13226,6	
600,272	12732,05	
600,511	12590	
600,75	12535,64	
600,989	12953,02	
601,228	12311,16	
601,466	12211,2	
601,705	12614,55	
601,944	12803,96	
602,183	12830,26	
602,422	12442,69	
602,66	12333,96	
602,899	12753,1	
603,138	12149,82	
603,376	12607,54	
603,615	12835,52	
603,854	12553,17	
604,092	11909,56	
604,331	12148,06	
604,569	12444,44	
604,808	12025,3	
605,047	11956,91	
605,285	11762,24	
605,524	11769,26	
605,762	12141,05	
606	11785,04	
606,239	11588,62	
606,477	11863,96	
606,716	11955,15	
606,954	11660,53	
607,193	11418,51	
607,431	11351,87	
607,669	11244,89	
607,908	11627,21	
608,146	11143,18	
608,384	11085,3	
608,622	11171,24	
608,861	10902,92	
609,099	10718,78	
609,337	10760,86	
609,575	11220,34	
609,813	10852,06	
610,052	10683,7	
610,29	10204,93	
610,528	10341,72	
610,766	10059,37	
611,004	9854,19	
611,242	10341,72	
611,48	9997,99	
611,718	10445,19	
611,956	10183,89	
612,194	9987,47	
612,432	10052,36	
612,67	9866,46	
612,908	9657,77	
613,146	9748,96	
613,384	9962,92	
613,621	9847,17	
613,859	9031,69	
614,097	9689,34	
614,335	9447,32	
614,573	9371,91	
614,811	9528	
615,048	9403,48	
615,286	9186,02	
615,524	9538,52	
615,761	9363,14	
615,999	9193,03	
616,237	8744,08	
616,474	9641,99	
616,712	8633,59	
616,95	9156,21	
617,187	8775,65	
617,425	9126,39	
617,662	8737,06	
617,9	8780,91	
618,137	9024,68	
618,375	9114,12	
618,612	8700,24	
618,85	8470,5	
619,087	8815,98	
619,325	8154,83	
619,562	8505,57	
619,799	8410,87	
620,037	8645,87	
620,274	8780,91	
620,511	8368,78	
620,749	8417,89	
620,986	8472,25	
621,223	8189,9	
621,461	8177,63	
621,698	8023,3	
621,935	7784,79	
622,172	7739,19	
622,409	8523,11	
622,647	8293,37	
622,884	7963,67	
623,121	7662,03	
623,358	7814,6	
623,595	7676,06	
623,832	8032,07	
624,069	7839,16	
624,306	7470,87	
624,543	7549,79	
624,78	7376,17	
625,017	7332,33	
625,254	7804,08	
625,491	7588,37	
625,728	7200,8	
625,965	7793,56	
626,202	7214,83	
626,438	7253,41	
626,675	7479,64	
626,912	7193,79	
627,149	7272,7	
627,386	7681,32	
627,622	7016,66	
627,859	7562,07	
628,096	7586,62	
628,333	7448,08	
628,569	6971,06	
628,806	7348,11	
629,043	7174,49	
629,279	7232,37	
629,516	6809,72	
629,752	7132,41	
629,989	6885,13	
630,225	6844,79	
630,462	6918,45	
630,699	6900,91	
630,935	6539,65	
631,171	6587	
631,408	6550,17	
631,644	6495,8	
631,881	6381,81	
632,117	6779,91	
632,354	6637,85	
632,59	6718,53	
632,826	6455,47	
633,063	6609,79	
633,299	6117	
633,535	6453,71	
633,771	5908,3	
634,008	6401,1	
634,244	5903,04	
634,48	6427,41	
634,716	5904,8	
634,953	6085,43	
635,189	5843,42	
635,425	6078,42	
635,661	6011,77	
635,897	6143,3	
636,133	6166,1	
636,369	6066,14	
636,605	6022,3	
636,841	5883,75	
637,077	5753,98	
637,313	5967,93	
637,549	6206,44	
637,785	5987,22	
638,021	5557,56	
638,257	5860,95	
638,493	5340,1	
638,729	5610,17	
638,965	5755,73	
639,2	5857,45	
639,436	5338,34	
639,672	5615,43	
639,908	5301,51	
640,144	4836,78	
640,379	5596,14	
640,615	5518,98	
640,851	5359,39	
641,086	5031,44	
641,322	5282,22	
641,558	5108,6	
641,793	4971,81	
642,029	5571,59	
642,264	4685,96	
642,5	5582,11	
642,736	5299,76	
642,971	5038,46	
643,207	5106,85	
643,442	4824,5	
643,678	5452,34	
643,913	5345,36	
644,148	4507,08	
644,384	4950,77	
644,619	5164,72	
644,855	4710,51	
645,09	4870,1	
645,325	4861,33	
645,561	4410,62	
645,796	4429,91	
646,031	4573,72	
646,266	4272,08	
646,502	4898,16	
646,737	3968,68	
646,972	4138,79	
647,207	4494,8	
647,442	4137,04	
647,678	4366,78	
647,913	4947,26	
648,148	4550,92	
648,383	4358,01	
648,618	4480,77	
648,853	4436,93	
649,088	4100,21	
649,323	4073,91	
649,558	4559,69	
649,793	4172,11	
650,028	4135,29	
650,263	4103,72	
650,498	4179,13	
650,733	3961,67	
650,968	4400,1	
651,202	3917,82	
651,437	4400,1	
651,672	4379,05	
651,907	3944,13	
652,142	4002	
652,376	4138,79	
652,611	4429,91	
652,846	3963,42	
653,081	3886,26	
653,315	4156,33	
653,55	3446,07	
653,785	3633,72	
654,019	3653,01	
654,254	3291,74	
654,488	3524,99	
654,723	3738,94	
654,958	3302,27	
655,192	3568,83	
655,427	3482,9	
655,661	3756,48	
655,896	3723,16	
656,13	3891,52	
656,364	3751,22	
656,599	3247,9	
656,833	3335,59	
657,068	3411	
657,302	3432,04	
657,536	3660,03	
657,771	3046,22	
658,005	3528,5	
658,239	2942,75	
658,474	2823,5	
658,708	3218,09	
658,942	2928,72	
659,176	3421,52	
659,41	3560,06	
659,645	3451,33	
659,879	2990,1	
660,113	2848,05	
660,347	5070,02	
660,581	3381,18	
660,815	3190,03	
661,049	2521,86	
661,283	3477,64	
661,517	2853,31	
661,751	3102,34	
661,985	2663,91	
662,219	2890,14	
662,453	2832,27	
662,687	2369,28	
662,921	2599,02	
663,155	2713,01	
663,389	3007,64	
663,622	2225,48	
663,856	2660,4	
664,09	2451,71	
664,324	2614,81	
664,558	2579,73	
664,791	2623,57	
665,025	2118,5	
665,259	2595,51	
665,492	2344,73	
665,726	2460,48	
665,96	2246,52	
666,193	2832,27	
666,427	2232,49	
666,661	2802,45	
666,894	1958,91	
667,128	2213,2	
667,361	2492,05	
667,595	2504,32	
667,828	2732,31	
668,062	2413,13	
668,295	1785,29	
668,529	2430,66	
668,762	2393,84	
668,995	2300,89	
669,229	2670,93	
669,462	2293,87	
669,695	1929,1	
669,929	2237,75	
670,162	1881,75	
670,395	1972,94	
670,629	2179,88	
670,862	2274,58	
671,095	1962,42	
671,328	1788,8	
671,561	2139,55	
671,795	2197,42	
672,028	2237,75	
672,261	1818,61	
672,494	1951,9	
672,727	2614,81	
672,96	2192,16	
673,193	1920,33	
673,426	1879,99	
673,659	1932,61	
673,892	2018,54	
674,125	1795,82	
674,358	2172,87	
674,591	1450,33	
674,824	1953,65	
675,057	1664,29	
675,29	2116,75	
675,523	1688,84	
675,755	2085,18	
675,988	2030,82	
676,221	1641,49	
676,454	2288,61	
676,687	1660,78	
676,919	2328,95	
677,152	1855,44	
677,385	1562,57	
677,617	1413,5	
677,85	1636,23	
678,083	1587,12	
678,315	1529,25	
678,548	1285,48	
678,78	1420,52	
679,013	2030,82	
679,246	1518,73	
679,478	1660,78	
679,711	2079,92	
679,943	1711,64	
680,175	1865,96	
680,408	1490,67	
680,64	1604,66	
680,873	1364,4	
681,105	1801,08	
681,338	1643,24	
681,57	1406,49	
681,802	1667,79	
682,034	1413,5	
682,267	1194,29	
682,499	1581,86	
682,731	1466,12	
682,964	1923,84	
683,196	1297,76	
683,428	1676,56	
683,66	1378,43	
683,892	1923,84	
684,124	1073,28	
684,356	1559,06	
684,589	1450,33	
684,821	1995,74	
685,053	1108,36	
685,285	1523,99	
685,517	1153,95	
685,749	1622,2	
685,981	1473,13	
686,213	1134,66	
686,445	1171,49	
686,676	901,42	
686,908	1259,18	
687,14	1061	
687,372	1944,88	
687,604	1541,53	
687,836	1676,56	
688,068	1245,15	
688,299	1136,41	
688,531	1160,97	
688,763	1278,47	
688,995	1527,5	
689,226	1132,91	
689,458	1306,53	
689,69	1395,97	
689,921	1115,37	
690,153	1015,41	
690,384	1248,65	
690,616	1076,79	
690,848	1288,99	
691,079	1015,41	
691,311	1176,75	
691,542	1169,74	
691,774	820,74	
692,005	1099,59	
692,237	1723,91	
692,468	920,71	
692,699	1345,11	
692,931	804,96	
693,162	773,39	
693,393	689,21	
693,625	897,91	
693,856	1011,9	
694,087	829,51	
694,319	971,56	
694,55	1196,04	
694,781	766,38	
695,012	897,91	
695,243	547,16	
695,475	1399,47	
695,706	1508,2	
695,937	620,82	
696,168	1053,99	
696,399	840,03	
696,63	424,4	
696,861	920,71	
697,092	733,06	
697,323	929,47	
697,554	910,18	
697,785	1118,88	
698,016	1006,64	
698,247	655,89	
698,478	799,7	
698,709	520,86	
698,94	705	
699,171	922,46	
699,401	1157,46	
699,632	506,83	
699,863	761,12	
700,094	645,37	
700,325	792,68	
700,555	1432,79	
700,786	1175	
701,017	1010,15	
701,247	780,41	
701,478	941,75	
701,709	726,04	
701,939	831,27	
702,17	1092,57	
702,401	999,62	
702,631	1017,16	
702,862	452,46	
703,092	894,4	
703,323	264,81	
703,553	547,16	
703,784	899,66	
704,014	964,55	
704,244	771,64	
704,475	854,06	
704,705	654,14	
704,936	915,45	
705,166	845,3	
705,396	313,92	
705,627	1032,94	
705,857	968,06	
706,087	564,7	
706,317	459,48	
706,548	387,57	
706,778	904,92	
707,008	822,5	
707,238	427,91	
707,468	417,39	
707,698	280,6	
707,928	797,95	
708,158	627,83	
708,389	619,07	
708,619	659,4	
708,849	787,42	
709,079	636,6	
709,309	803,21	
709,539	799,7	
709,768	471,75	
709,998	175,37	
710,228	580,48	
710,458	378,8	
710,688	661,15	
710,918	434,92	
711,148	454,22	
711,378	576,98	
711,607	482,27	
711,837	399,85	
712,067	464,74	
712,297	517,35	
712,526	413,88	
712,756	419,14	
712,986	310,41	
713,215	515,6	
713,445	797,95	
713,674	268,32	
713,904	583,99	
714,134	70,15	
714,363	399,85	
714,593	264,81	
714,822	259,55	
715,052	533,13	
715,281	562,95	
715,511	545,41	
715,74	447,2	
715,969	612,05	
716,199	808,47	
716,428	157,84	
716,657	240,26	
716,887	626,08	
717,116	389,33	
717,345	361,27	
717,575	690,97	
717,804	385,82	
718,033	91,19	
718,262	224,48	
718,492	256,04	
718,721	557,68	
718,95	71,9	
719,179	478,77	
719,408	117,5	
719,637	196,42	
719,866	438,43	
720,095	277,09	
720,324	673,43	
720,553	191,16	
720,782	731,3	
721,011	487,54	
721,24	245,52	
721,469	68,4	
721,698	31,57	
721,927	389,33	
722,156	508,58	
722,385	499,81	
722,613	-12,28	
722,842	547,16	
723,071	-154,33	
723,3	189,4	
723,529	477,01	
723,757	147,31	
723,986	-471,75	
724,215	57,87	
724,443	313,92	
724,672	173,62	
724,901	212,2	
725,129	75,41	
725,358	312,16	
725,586	-12,28	
725,815	247,28	
726,043	687,46	
726,272	313,92	
726,5	638,36	
726,729	389,33	
726,957	161,34	
727,186	243,77	
727,414	-26,31	
727,642	-96,45	
727,871	652,39	
728,099	769,89	
728,327	250,78	
728,556	375,3	
728,784	712,01	
729,012	-320,93	
729,241	356,01	
729,469	22,8	
729,697	-291,12	
729,925	319,18	
730,153	80,67	
730,381	-520,86	
730,61	94,7	
730,838	308,66	
731,066	133,28	
731,294	203,43	
731,522	152,57	
731,75	175,37	
731,978	478,77	
732,206	170,11	
732,434	-124,51	
732,662	334,96	
732,89	142,05	
733,118	42,09	
733,346	462,98	
733,573	350,75	
733,801	341,98	
734,029	77,16	
734,257	-275,34	
734,485	219,22	
734,712	156,08	
734,94	33,32	
735,168	-110,48	
735,396	131,53	
735,623	66,64	
735,851	245,52	
736,078	156,08	
736,306	-49,1	
736,534	-89,44	
736,761	-185,89	
736,989	341,98	
737,216	140,3	
737,444	601,53	
737,671	294,63	
737,899	550,67	
738,126	363,02	
738,354	-222,72	
738,581	678,69	
738,809	233,25	
739,036	108,73	
739,263	338,47	
739,491	168,36	
739,718	454,22	
739,945	136,79	
740,173	242,01	
740,4	-126,27	
740,627	110,48	
740,854	-184,14	
741,081	420,89	
741,309	533,13	
741,536	-135,04	
741,763	170,11	
741,99	177,13	
742,217	68,4	
742,444	-338,47	
742,671	8,77	
742,898	-301,64	
743,125	-94,7	
743,352	1001,38	
743,579	334,96	
743,806	-112,24	
744,033	-33,32	
744,26	182,39	
744,487	327,95	
744,714	-43,84	
744,941	-19,29	
745,167	238,51	
745,394	128,02	
745,621	440,19	
745,848	82,43	
746,075	452,46	
746,301	233,25	
746,528	-263,06	
746,755	-247,28	
746,981	19,29	
747,208	87,69	
747,435	413,88	
747,661	227,98	
747,888	-194,66	
748,114	250,78	
748,341	413,88	
748,567	401,6	
748,794	-203,43	
749,02	14,03	
749,247	156,08	
749,473	254,29	
749,7	645,37	
749,926	615,56	
750,152	-363,02	
750,379	526,12	
750,605	554,18	
750,831	331,45	
751,058	177,13	
751,284	238,51	
751,51	-219,22	
751,737	419,14	
751,963	336,72	
752,189	-347,24	
752,415	-5,26	
752,641	-29,81	
752,867	-131,53	
753,094	92,95	
753,32	147,31	
753,546	522,61	
753,772	-12,28	
753,998	178,88	
754,224	-108,73	
754,45	159,59	
754,676	-150,82	
754,902	336,72	
755,128	424,4	
755,354	73,66	
755,579	289,36	
755,805	-375,3	
756,031	33,32	
756,257	-3,51	
756,483	-175,37	
756,709	217,46	
756,934	256,04	
757,16	-8,77	
757,386	273,58	
757,612	205,19	
757,837	135,04	
758,063	-31,57	
758,289	191,16	
758,514	-54,37	
758,74	185,89	
758,965	329,7	
759,191	136,79	
759,416	-357,76	
759,642	-108,73	
759,868	-217,46	
760,093	-135,04	
760,318	150,82	
760,544	103,47	
760,769	-3,51	
760,995	-233,25	
761,22	-377,05	
761,445	540,15	
761,671	499,81	
761,896	-17,54	
762,121	-243,77	
762,347	-389,33	
762,572	499,81	
762,797	63,13	
763,022	238,51	
763,248	45,6	
763,473	192,91	
763,698	-73,66	
763,923	173,62	
764,148	-61,38	
764,373	378,8	
764,598	252,54	
764,823	196,42	
765,048	485,78	
765,273	480,52	
765,498	-40,34	
765,723	26,31	
765,948	-22,8	
766,173	63,13	
766,398	-266,57	
766,623	582,24	
766,848	-75,41	
767,073	-212,2	
767,298	163,1	
767,522	-173,62	
767,747	-135,04	
767,972	77,16	
768,197	92,95	
768,421	-147,31	
768,646	-175,37	
768,871	-254,29	
769,095	-75,41	
769,32	0	
769,545	240,26	
769,769	-29,81	
769,994	-205,19	
770,218	-217,46	
770,443	-92,95	
770,667	-42,09	
770,892	19,29	
771,116	166,6	
771,341	240,26	
771,565	268,32	
771,79	-50,86	
772,014	-243,77	
772,238	-64,89	
772,463	-52,61	
772,687	256,04	
772,911	-85,93	
773,136	185,89	
773,36	-5,26	
773,584	38,58	
773,808	70,15	
774,033	26,31	
774,257	270,07	
774,481	-189,4	
774,705	203,43	
774,929	85,93	
775,153	117,5	
775,377	-143,81	
775,602	-482,27	
775,826	184,14	
776,05	38,58	
776,274	-289,36	
776,498	-322,69	
776,722	143,81	
776,945	101,72	
777,169	-462,98	
777,393	-142,05	
777,617	-19,29	
777,841	-73,66	
778,065	-115,75	
778,289	50,86	
778,512	173,62	
778,736	175,37	
778,96	-189,4	
779,184	115,75	
779,407	368,28	
779,631	36,83	
779,855	-75,41	
780,078	113,99	
780,302	70,15	
780,526	66,64	
780,749	-105,22	
780,973	-122,76	
781,196	329,7	
781,42	75,41	
781,643	-122,76	
781,867	-212,2	
782,09	143,81	
782,314	-177,13	
782,537	78,92	
782,76	-119,25	
782,984	166,6	
783,207	-438,43	
783,431	-29,81	
783,654	-259,55	
783,877	-303,39	
784,1	-296,38	
784,324	203,43	
784,547	89,44	
784,77	-419,14	
784,993	-82,43	
785,216	334,96	
785,44	-285,86	
785,663	166,6	
785,886	-364,78	
786,109	49,1	
786,332	380,56	
786,555	-115,75	
786,778	-61,38	
787,001	-198,17	
787,224	-443,69	
787,447	-210,45	
787,67	-266,57	
787,893	-319,18	
788,116	-657,65	
788,339	-215,71	
788,561	-334,96	
788,784	-121,01	
789,007	-326,19	
789,23	340,22	
789,453	-31,57	
789,675	-49,1	
789,898	131,53	
790,121	17,54	
790,344	101,72	
790,566	245,52	
790,789	-33,32	
791,012	19,29	
791,234	119,25	
791,457	126,27	
791,679	-177,13	
791,902	-182,39	
792,124	-485,78	
792,347	-422,65	
792,569	-166,6	
792,792	-191,16	
793,014	-317,42	
793,237	33,32	
793,459	-363,02	
793,681	-35,07	
793,904	29,81	
794,126	-285,86	
794,348	26,31	
794,571	329,7	
794,793	320,93	
795,015	-199,92	
795,237	-70,15	
795,46	-215,71	
795,682	-306,9	
795,904	-247,28	
796,126	-340,22	
796,348	384,07	
796,57	136,79	
796,792	213,95	
797,014	-40,34	
797,237	-52,61	
797,459	-198,17	
797,681	-101,72	
797,903	298,13	
798,124	-98,21	
798,346	147,31	
798,568	-187,65	
798,79	-35,07	
799,012	-24,55	
799,234	170,11	
799,456	-485,78	
799,678	-301,64	
799,899	348,99	
800,121	157,84	
800,343	259,55	
800,565	233,25	
800,786	387,57	
801,008	15,78	
801,23	-378,8	
801,451	327,95	
801,673	775,15	
801,895	49,1	
802,116	445,45	
802,338	12,28	
802,559	149,07	
802,781	94,7	
803,002	135,04	
803,224	-105,22	
803,445	-278,84	
803,667	17,54	
803,888	-35,07	
804,109	101,72	
804,331	128,02	
804,552	-112,24	
804,773	266,57	
804,995	-506,83	
805,216	136,79	
805,437	154,33	
805,658	15,78	
805,88	-170,11	
806,101	-99,96	
806,322	14,03	
806,543	85,93	
806,764	-122,76	
806,985	391,08	
807,207	5,26	
807,428	222,72	
807,649	108,73	
807,87	-91,19	
808,091	292,87	
808,312	-236,75	
808,533	-285,86	
808,754	-305,15	
808,975	-110,48	
809,195	-327,95	
809,416	-17,54	
809,637	-14,03	
809,858	-56,12	
810,079	-385,82	
810,3	59,63	
810,52	294,63	
810,741	-22,8	
810,962	-629,59	
811,183	-142,05	
811,403	-14,03	
811,624	257,8	
811,845	591,01	
812,065	287,61	
812,286	-156,08	
812,506	468,24	
812,727	22,8	
812,948	-256,04	
813,168	-257,8	
813,389	-338,47	
813,609	271,83	
813,83	115,75	
814,05	-382,31	
814,27	-213,95	
814,491	12,28	
814,711	26,31	
814,931	-14,03	
815,152	35,07	
815,372	227,98	
815,592	-117,5	
815,813	-117,5	
816,033	-271,83	
816,253	149,07	
816,473	210,45	
816,694	-280,6	
816,914	-73,66	
817,134	-10,52	
817,354	-56,12	
817,574	145,56	
817,794	285,86	
818,014	-273,58	
818,234	-575,22	
818,454	159,59	
818,674	50,86	
818,894	159,59	
819,114	-401,6	
819,334	68,4	
819,554	96,45	
819,774	-322,69	
819,994	-110,48	
820,214	47,35	
820,433	173,62	
820,653	68,4	
820,873	-82,43	
821,093	-115,75	
821,312	-219,22	
821,532	-121,01	
821,752	-320,93	
821,972	-329,7	
822,191	-424,4	
822,411	398,1	
822,63	-36,83	
822,85	270,07	
823,07	422,65	
823,289	-108,73	
823,509	-352,5	
823,728	50,86	
823,948	-220,97	
824,167	280,6	
824,387	87,69	
824,606	-103,47	
824,825	126,27	
825,045	38,58	
825,264	-131,53	
825,483	427,91	
825,703	-56,12	
825,922	-261,31	
826,141	220,97	
826,361	-343,73	
826,58	-208,69	
826,799	-285,86	
827,018	292,87	
827,237	-245,52	
827,456	-313,92	
827,676	-347,24	
827,895	238,51	
828,114	-345,48	
828,333	-170,11	
828,552	-227,98	
828,771	-3,51	
828,99	8,77	
829,209	-110,48	
829,428	-187,65	
829,647	-38,58	
829,866	-227,98	
830,084	-438,43	
830,303	-129,78	
830,522	63,13	
830,741	357,76	
830,96	371,79	
831,179	192,91	
831,397	168,36	
831,616	71,9	
831,835	-12,28	
832,053	89,44	
832,272	-164,85	
832,491	19,29	
832,709	375,3	
832,928	147,31	
833,147	-99,96	
833,365	-238,51	
833,584	-303,39	
833,802	98,21	
834,021	-103,47	
834,239	8,77	
834,458	-124,51	
834,676	-103,47	
834,894	-278,84	
835,113	-178,88	
835,331	-147,31	
835,55	126,27	
835,768	147,31	
835,986	-266,57	
836,204	-129,78	
836,423	103,47	
836,641	57,87	
836,859	261,31	
837,077	422,65	
837,296	28,06	
837,514	131,53	
837,732	14,03	
837,95	-585,74	
838,168	-49,1	
838,386	-152,57	
838,604	-138,54	
838,822	5,26	
839,04	-14,03	
839,258	180,63	
839,476	-143,81	
839,694	220,97	
839,912	-264,81	
840,13	-485,78	
840,348	-29,81	
840,566	70,15	
840,783	-227,98	
841,001	-308,66	
841,219	-327,95	
841,437	285,86	
841,655	-250,78	
841,872	329,7	
842,09	47,35	
842,308	-133,28	
842,525	103,47	
842,743	77,16	
842,961	64,89	
843,178	-268,32	
843,396	-12,28	
843,613	443,69	
843,831	-296,38	
844,048	378,8	
844,266	-22,8	
844,483	238,51	
844,701	-168,36	
844,918	96,45	
845,136	-121,01	
845,353	-219,22	
845,57	264,81	
845,788	191,16	
846,005	320,93	
846,222	-401,6	
846,439	-226,23	
846,657	377,05	
846,874	-206,94	
847,091	33,32	
847,308	-5,26	
847,526	-152,57	
847,743	-394,59	
847,96	-508,58	
848,177	313,92	
848,394	-417,39	
848,611	-185,89	
848,828	75,41	
849,045	420,89	
849,262	-271,83	
849,479	-256,04	
849,696	108,73	
849,913	-145,56	
850,13	64,89	
850,347	17,54	
850,564	-14,03	
850,78	-38,58	
850,997	-31,57	
851,214	-84,18	
851,431	-150,82	
851,647	5,26	
851,864	-242,01	
852,081	-294,63	
852,298	-47,35	
852,514	52,61	
852,731	184,14	
852,948	-505,07	
853,164	-443,69	
853,381	-459,48	
853,597	213,95	
853,814	21,04	
854,03	-299,89	
854,247	-541,9	
854,463	-112,24	
854,68	-199,92	
854,896	-313,92	
855,113	-73,66	
855,329	243,77	
855,545	-566,45	
855,762	-94,7	
855,978	136,79	
856,194	136,79	
856,411	398,1	
856,627	-301,64	
856,843	-119,25	
857,059	-294,63	
857,275	-508,58	
857,492	250,78	
857,708	89,44	
857,924	-128,02	
858,14	-47,35	
858,356	105,22	
858,572	-19,29	
858,788	170,11	
859,004	-85,93	
859,22	-501,57	
859,436	-194,66	
859,652	294,63	
859,868	56,12	
860,084	-275,34	
860,3	676,94	
860,516	-403,36	
860,731	26,31	
860,947	317,42	
861,163	5,26	
861,379	161,34	
861,595	-392,83	
861,81	-215,71	
862,026	-147,31	
862,242	-180,63	
862,457	-292,87	
862,673	131,53	
862,889	-105,22	
863,104	-61,38	
863,32	-245,52	
863,535	-213,95	
863,751	-208,69	
863,966	-271,83	
864,182	-150,82	
864,397	198,17	
864,613	168,36	
864,828	182,39	
865,044	210,45	
865,259	-28,06	
865,474	38,58	
865,69	-222,72	
865,905	-85,93	
866,12	-166,6	
866,336	222,72	
866,551	63,13	
866,766	73,66	
866,981	-268,32	
867,196	284,1	
867,412	170,11	
867,627	-128,02	
867,842	-227,98	
868,057	-159,59	
868,272	-84,18	
868,487	192,91	
868,702	-261,31	
868,917	122,76	
869,132	-122,76	
869,347	-268,32	
869,562	-252,54	
869,777	264,81	
869,992	-459,48	
870,207	-273,58	
870,422	-198,17	
870,636	-166,6	
870,851	-75,41	
871,066	-14,03	
871,281	85,93	
871,495	8,77	
871,71	-108,73	
871,925	-392,83	
872,14	-166,6	
872,354	206,94	
872,569	-24,55	
872,783	-298,13	
872,998	-145,56	
873,213	-101,72	
873,427	-175,37	
873,642	-231,49	
873,856	-150,82	
874,071	-136,79	
874,285	-491,04	
874,5	-198,17	
874,714	-387,57	
874,928	410,37	
875,143	-417,39	
875,357	-419,14	
875,571	-401,6	
875,786	-215,71	
876	143,81	
876,214	-94,7	
876,429	77,16	
876,643	285,86	
876,857	3,51	
877,071	-73,66	
877,285	-350,75	
877,499	-215,71	
877,714	-180,63	
877,928	-263,06	
878,142	-175,37	
878,356	40,34	
878,57	-403,36	
878,784	-350,75	
878,998	122,76	
879,212	552,42	
879,426	-29,81	
879,639	-462,98	
879,853	-43,84	
880,067	182,39	
880,281	-128,02	
880,495	-327,95	
880,709	-594,51	
880,922	173,62	
881,136	180,63	
881,35	-654,14	
881,564	-94,7	
881,777	-84,18	
881,991	-33,32	
882,205	-496,3	
882,418	177,13	
882,632	-231,49	
882,845	159,59	
883,059	-182,39	
883,273	73,66	
883,486	-298,13	
883,7	187,65	
883,913	243,77	
884,126	-47,35	
884,34	63,13	
884,553	129,78	
884,767	-271,83	
884,98	-622,57	
885,193	-189,4	
885,407	271,83	
885,62	129,78	
885,833	-7,01	
886,046	49,1	
886,26	-205,19	
886,473	-89,44	
886,686	-161,34	
886,899	240,26	
887,112	-275,34	
887,326	-191,16	
887,539	-526,12	
887,752	-303,39	
887,965	112,24	
888,178	26,31	
888,391	-454,22	
888,604	-128,02	
888,817	-12,28	
889,03	289,36	
889,243	-1,75	
889,455	-108,73	
889,668	-184,14	
889,881	-91,19	
890,094	147,31	
890,307	-33,32	
890,52	-382,31	
890,732	163,1	
890,945	145,56	
891,158	-198,17	
891,37	115,75	
891,583	-273,58	
891,796	-224,48	
892,008	-61,38	
892,221	292,87	
892,434	-277,09	
892,646	-370,04	
892,859	-117,5	
893,071	399,85	
893,284	-243,77	
893,496	-196,42	
893,709	10,52	
893,921	-59,63	
894,133	-454,22	
894,346	-203,43	
894,558	-215,71	
894,771	21,04	
894,983	-42,09	
895,195	-399,85	
895,407	-247,28	
895,62	-652,39	
895,832	-64,89	
896,044	-257,8	
896,256	219,22	
896,468	205,19	
896,681	-110,48	
896,893	-152,57	
897,105	7,01	
897,317	-136,79	
897,529	112,24	
897,741	-252,54	
897,953	164,85	
898,165	208,69	
898,377	-98,21	
898,589	-68,4	
898,801	-156,08	
899,013	-133,28	
899,224	64,89	
899,436	-275,34	
899,648	136,79	
899,86	124,51	
900,072	36,83	
900,283	-157,84	
900,495	-124,51	
900,707	35,07	
900,919	19,29	
901,13	231,49	
901,342	-213,95	
901,554	-445,45	
901,765	-191,16	
901,977	-370,04	
902,188	117,5	
902,4	382,31	
902,611	129,78	
902,823	-117,5	
903,034	-38,58	
903,246	282,35	
903,457	178,88	
903,669	227,98	
903,88	143,81	
904,091	-459,48	
904,303	91,19	
904,514	-413,88	
904,725	-56,12	
904,936	94,7	
905,148	-385,82	
905,359	-247,28	
905,57	-275,34	
905,781	-99,96	
905,992	-582,24	
906,204	-310,41	
906,415	-334,96	
906,626	-173,62	
906,837	-408,62	
907,048	-282,35	
907,259	-33,32	
907,47	154,33	
907,681	-17,54	
907,892	121,01	
908,103	-19,29	
908,314	-101,72	
908,525	57,87	
908,735	-122,76	
908,946	14,03	
909,157	-49,1	
909,368	133,28	
909,579	-21,04	
909,789	-157,84	
910	450,71	
910,211	-142,05	
910,421	-152,57	
910,632	-559,44	
910,843	-235	
911,053	210,45	
911,264	-310,41	
911,475	-459,48	
911,685	-21,04	
911,896	10,52	
912,106	-377,05	
912,317	-240,26	
912,527	-80,67	
912,737	-43,84	
912,948	-599,77	
913,158	-312,16	
913,369	1,75	
913,579	-294,63	
913,789	173,62	
914	-392,83	
914,21	270,07	
914,42	273,58	
914,63	-415,63	
914,841	1,75	
915,051	156,08	
915,261	38,58	
915,471	-415,63	
915,681	257,8	
915,891	-49,1	
916,101	-31,57	
916,311	31,57	
916,521	-121,01	
916,731	443,69	
916,941	78,92	
917,151	284,1	
917,361	-196,42	
917,571	131,53	
917,781	-220,97	
917,991	-224,48	
918,201	231,49	
918,411	12,28	
918,621	222,72	
918,83	-161,34	
919,04	1,75	
919,25	-341,98	
919,46	-348,99	
919,669	-85,93	
919,879	222,72	
920,089	154,33	
920,298	-224,48	
920,508	119,25	
920,717	-268,32	
920,927	131,53	
921,136	-783,92	
921,346	-215,71	
921,555	-461,23	
921,765	-121,01	
921,974	-50,86	
922,184	-98,21	
922,393	312,16	
922,603	242,01	
922,812	-419,14	
923,021	-113,99	
923,23	-12,28	
923,44	-284,1	
923,649	133,28	
923,858	49,1	
924,067	-156,08	
924,277	-91,19	
924,486	-462,98	
924,695	-352,5	
924,904	78,92	
925,113	-313,92	
925,322	-629,59	
925,531	-131,53	
925,74	-415,63	
925,949	63,13	
926,158	-385,82	
926,367	-119,25	
926,576	-519,1	
926,785	-36,83	
926,994	-29,81	
927,203	-191,16	
927,412	-128,02	
927,621	-219,22	
927,83	-215,71	
928,038	-82,43	
928,247	15,78	
928,456	103,47	
928,665	-29,81	
928,873	-122,76	
929,082	87,69	
929,291	24,55	
929,499	-29,81	
929,708	159,59	
929,916	-315,67	
930,125	-115,75	
930,333	189,4	
930,542	-289,36	
930,75	-303,39	
930,959	29,81	
931,167	-305,15	
931,376	-82,43	
931,584	-180,63	
931,793	-257,8	
932,001	164,85	
932,209	17,54	
932,418	224,48	
932,626	70,15	
932,834	-350,75	
933,042	-210,45	
933,251	-406,86	
933,459	-180,63	
933,667	222,72	
933,875	334,96	
934,083	-50,86	
934,291	-240,26	
934,499	-147,31	
934,707	173,62	
934,915	205,19	
935,123	-68,4	
935,331	-450,71	
935,539	-366,53	
935,747	-240,26	
935,955	-378,8	
936,163	-424,4	
936,371	-201,68	
936,579	15,78	
936,787	43,84	
936,995	-212,2	
937,202	70,15	
937,41	70,15	
937,618	-115,75	
937,826	-143,81	
938,033	-205,19	
938,241	15,78	
938,449	-75,41	
938,656	-427,91	
938,864	-270,07	
939,071	-5,26	
939,279	-305,15	
939,486	-77,16	
939,694	138,54	
939,901	-206,94	
940,109	-161,34	
940,316	-84,18	
940,524	-145,56	
940,731	-345,48	
940,939	-28,06	
941,146	-654,14	
941,353	-187,65	
941,561	371,79	
941,768	117,5	
941,975	-240,26	
942,182	-191,16	
942,39	91,19	
942,597	29,81	
942,804	-243,77	
943,011	-426,16	
943,218	99,96	
943,425	-103,47	
943,632	-73,66	
943,839	-98,21	
944,046	161,34	
944,253	-126,27	
944,46	-242,01	
944,667	-17,54	
944,874	-208,69	
945,081	-82,43	
945,288	-236,75	
945,495	-122,76	
945,702	287,61	
945,909	-266,57	
946,115	-150,82	
946,322	-94,7	
946,529	-119,25	
946,736	50,86	
946,942	-313,92	
947,149	-533,13	
947,356	-28,06	
947,562	-471,75	
947,769	220,97	
947,976	80,67	
948,182	226,23	
948,389	131,53	
948,595	159,59	
948,802	210,45	
949,008	-301,64	
949,215	14,03	
949,421	-429,66	
949,628	-145,56	
949,834	-117,5	
950,04	85,93	
950,247	-310,41	
950,453	-198,17	
950,659	-424,4	
950,865	-385,82	
951,072	-326,19	
951,278	106,98	
951,484	-229,74	
951,69	-101,72	
951,896	33,32	
952,103	35,07	
952,309	28,06	
952,515	-245,52	
952,721	-238,51	
952,927	-8,77	
953,133	-106,98	
953,339	454,22	
953,545	-54,37	
953,751	-461,23	
953,957	-173,62	
954,163	-471,75	
954,369	356,01	
954,574	-35,07	
954,78	-638,36	
954,986	-42,09	
955,192	-12,28	
955,398	29,81	
955,603	33,32	
955,809	22,8	
956,015	131,53	
956,22	-291,12	
956,426	-28,06	
956,632	-338,47	
956,837	91,19	
957,043	191,16	
957,248	-592,76	
957,454	-145,56	
957,66	-208,69	
957,865	-236,75	
958,07	126,27	
958,276	350,75	
958,481	-266,57	
958,687	-477,01	
958,892	140,3	
959,097	-64,89	
959,303	43,84	
959,508	142,05	
959,713	-170,11	
959,919	-233,25	
960,124	-229,74	
960,329	45,6	
960,534	-224,48	
960,739	61,38	
960,945	19,29	
961,15	-220,97	
961,355	-413,88	
961,56	-331,45	
961,765	-324,44	
961,97	82,43	
962,175	10,52	
962,38	85,93	
962,585	-401,6	
962,79	-113,99	
962,995	-401,6	
963,2	-157,84	
963,404	143,81	
963,609	128,02	
963,814	68,4	
964,019	33,32	
964,224	-235	
964,428	-238,51	
964,633	-466,49	
964,838	-527,87	
965,042	-377,05	
965,247	392,83	
965,452	-738,32	
965,656	126,27	
965,861	-278,84	
966,066	-361,27	
966,27	-366,53	
966,475	-264,81	
966,679	-401,6	
966,884	-441,94	
967,088	-333,21	
967,292	-450,71	
967,497	224,48	
967,701	-22,8	
967,906	26,31	
968,11	-231,49	
968,314	-352,5	
968,518	-212,2	
968,723	324,44	
968,927	-201,68	
969,131	-303,39	
969,335	68,4	
969,539	426,16	
969,744	-610,3	
969,948	164,85	
970,152	-317,42	
970,356	-1,75	
970,56	68,4	
970,764	-348,99	
970,968	3,51	
971,172	278,84	
971,376	212,2	
971,58	170,11	
971,784	-101,72	
971,988	235	
972,192	-71,9	
972,395	171,87	
972,599	-403,36	
972,803	164,85	
973,007	143,81	
973,21	-29,81	
973,414	35,07	
973,618	-235	
973,822	-175,37	
974,025	406,86	
974,229	128,02	
974,432	-43,84	
974,636	-31,57	
974,84	-5,26	
975,043	-43,84	
975,247	301,64	
975,45	-457,72	
975,654	-473,51	
975,857	129,78	
976,06	-54,37	
976,264	124,51	
976,467	-313,92	
976,671	-168,36	
976,874	-143,81	
977,077	-312,16	
977,28	-106,98	
977,484	-606,79	
977,687	-71,9	
977,89	133,28	
978,093	-80,67	
978,297	-61,38	
978,5	-115,75	
978,703	282,35	
978,906	22,8	
979,109	-217,46	
979,312	-242,01	
979,515	256,04	
979,718	-112,24	
979,921	-35,07	
980,124	-387,57	
980,327	224,48	
980,53	-392,83	
980,733	-240,26	
980,936	331,45	
981,138	-71,9	
981,341	173,62	
981,544	-229,74	
981,747	-96,45	
981,949	-66,64	
982,152	124,51	
982,355	106,98	
982,558	3,51	
982,76	-470	
982,963	-161,34	
983,165	-545,41	
983,368	-305,15	
983,571	-147,31	
983,773	-75,41	
983,976	373,54	
984,178	-108,73	
984,381	63,13	
984,583	96,45	
984,785	-235	
984,988	38,58	
985,19	143,81	
985,392	-240,26	
985,595	296,38	
985,797	-368,28	
985,999	-171,87	
986,202	-21,04	
986,404	-317,42	
986,606	-7,01	
986,808	206,94	
987,01	-45,6	
987,212	310,41	
987,415	-113,99	
987,617	-377,05	
987,819	-147,31	
988,021	361,27	
988,223	150,82	
988,425	-166,6	
988,627	-462,98	
988,829	89,44	
989,031	84,18	
989,232	284,1	
989,434	-554,18	
989,636	215,71	
989,838	-226,23	
990,04	99,96	
990,242	59,63	
990,443	-373,54	
990,645	12,28	
990,847	-149,07	
991,048	70,15	
991,25	-477,01	
991,452	-85,93	
991,653	-324,44	
991,855	-457,72	
992,057	36,83	
992,258	-373,54	
992,46	264,81	
992,661	-152,57	
992,863	-50,86	
993,064	273,58	
993,265	-296,38	
993,467	-50,86	
993,668	273,58	
993,87	331,45	
994,071	-173,62	
994,272	-78,92	
994,473	-135,04	
994,675	-338,47	
994,876	-396,34	
995,077	-126,27	
995,278	40,34	
995,48	36,83	
995,681	-236,75	
995,882	101,72	
996,083	-131,53	
996,284	-5,26	
996,485	-231,49	
996,686	10,52	
996,887	73,66	
997,088	-143,81	
997,289	143,81	
997,49	-12,28	
997,691	0	
997,892	-10,52	
998,092	-361,27	
998,293	168,36	
998,494	-245,52	
998,695	-187,65	
998,896	56,12	
999,096	-42,09	
999,297	-415,63	
999,498	-229,74	
999,698	-319,18	
999,899	-110,48	
1000,1	-527,87	
1000,3	-352,5	
1000,501	-164,85	
1000,701	-164,85	
1000,902	-259,55	
1001,102	247,28	
1001,303	-159,59	
1001,503	-49,1	
1001,704	-73,66	
1001,904	142,05	
1002,105	-98,21	
1002,305	10,52	
1002,505	-461,23	
1002,706	-571,71	
1002,906	-441,94	
1003,106	-398,1	
1003,306	-143,81	
1003,507	-66,64	
1003,707	56,12	
1003,907	-8,77	
1004,107	-42,09	
1004,307	14,03	
1004,507	-371,79	
1004,707	19,29	
1004,907	-236,75	
1005,107	-15,78	
1005,308	-54,37	
1005,507	-306,9	
1005,707	-377,05	
1005,907	-298,13	
1006,107	-152,57	
1006,307	-122,76	
1006,507	38,58	
1006,707	-157,84	
1006,907	263,06	
1007,106	147,31	
1007,306	28,06	
1007,506	157,84	
1007,706	3,51	
1007,905	-238,51	
1008,105	-121,01	
1008,305	-36,83	
1008,504	-273,58	
1008,704	129,78	
1008,903	-587,5	
1009,103	106,98	
1009,303	-57,87	
1009,502	-208,69	
1009,702	182,39	
1009,901	178,88	
1010,1	-210,45	
1010,3	-208,69	
1010,499	59,63	
1010,699	-194,66	
1010,898	-536,64	
1011,097	-180,63	
1011,296	-213,95	
1011,496	196,42	
1011,695	491,04	
1011,894	-326,19	
1012,093	126,27	
1012,293	-445,45	
1012,492	-15,78	
1012,691	-282,35	
1012,89	-143,81	
1013,089	-380,56	
1013,288	189,4	
1013,487	-345,48	
1013,686	-226,23	
1013,885	-298,13	
1014,084	-184,14	
1014,283	-71,9	
1014,482	-226,23	
1014,681	-331,45	
1014,88	-199,92	
1015,078	110,48	
1015,277	43,84	
1015,476	-61,38	
1015,675	-201,68	
1015,873	84,18	
1016,072	-548,92	
1016,271	87,69	
1016,47	-73,66	
1016,668	-42,09	
1016,867	-387,57	
1017,065	-180,63	
1017,264	-220,97	
1017,463	-298,13	
1017,661	113,99	
1017,86	-156,08	
1018,058	17,54	
1018,256	-470	
1018,455	-494,55	
1018,653	-108,73	
1018,852	-50,86	
1019,05	-382,31	
1019,248	201,68	
1019,447	-326,19	
1019,645	14,03	
1019,843	-278,84	
1020,041	-582,24	
1020,24	-352,5	
1020,438	-70,15	
1020,636	-243,77	
1020,834	-364,78	
1021,032	-19,29	
1021,23	-212,2	
1021,428	-131,53	
1021,626	21,04	
1021,824	96,45	
1022,022	-410,37	
1022,22	-668,17	
1022,418	-305,15	
1022,616	-156,08	
1022,814	-443,69	
1023,012	-73,66	
1023,21	-236,75	
1023,408	368,28	
1023,606	-408,62	
1023,803	-310,41	
1024,001	196,42	
1024,199	-140,3	
1024,397	-14,03	
1024,594	275,34	
1024,792	-15,78	
1024,99	-254,29	
1025,187	57,87	
1025,385	320,93	
1025,582	-491,04	
1025,78	-92,95	
1025,977	-324,44	
1026,175	10,52	
1026,372	-250,78	
1026,57	-173,62	
1026,767	552,42	
1026,965	-289,36	
1027,162	-655,89	
1027,359	3,51	
1027,557	-91,19	
1027,754	-268,32	
1027,951	-36,83	
1028,148	-245,52	
1028,346	175,37	
1028,543	-180,63	
1028,74	-356,01	
1028,937	-36,83	
1029,134	-96,45	
1029,331	-208,69	
1029,528	-31,57	
1029,725	227,98	
1029,923	-229,74	
1030,12	378,8	
1030,317	-361,27	
1030,513	154,33	
1030,71	-477,01	
1030,907	-112,24	
1031,104	96,45	
1031,301	-399,85	
1031,498	-194,66	
1031,695	-471,75	
1031,892	-510,33	
1032,088	-359,51	
1032,285	-247,28	
1032,482	-284,1	
1032,678	-348,99	
1032,875	-42,09	
1033,072	306,9	
1033,268	-285,86	
1033,465	108,73	
1033,662	227,98	
1033,858	-36,83	
1034,055	-89,44	
1034,251	-473,51	
1034,448	147,31	
1034,644	-213,95	
1034,84	-142,05	
1035,037	-220,97	
1035,233	-519,1	
1035,43	-461,23	
1035,626	-536,64	
1035,822	-387,57	
1036,019	-59,63	
1036,215	75,41	
1036,411	-182,39	
1036,607	-480,52	
1036,803	-341,98	
1037	-231,49	
1037,196	534,89	
1037,392	-457,72	
1037,588	-17,54	
1037,784	133,28	
1037,98	-29,81	
1038,176	-280,6	
1038,372	92,95	
1038,568	-431,42	
1038,764	-264,81	
1038,96	-194,66	
1039,156	-331,45	
1039,352	-343,73	
1039,547	-238,51	
1039,743	-540,15	
1039,939	-17,54	
1040,135	-327,95	
1040,331	-468,24	
1040,526	-415,63	
1040,722	43,84	
1040,918	-452,46	
1041,113	-147,31	
1041,309	-501,57	
1041,505	71,9	
1041,7	-49,1	
1041,896	273,58	
1042,091	-380,56	
1042,287	-45,6	
1042,482	0	
1042,678	-71,9	
1042,873	131,53	
1043,069	-198,17	
1043,264	66,64	
1043,459	-1,75	
1043,655	-373,54	
1043,85	-156,08	
1044,045	-734,81	
1044,24	-329,7	
1044,436	-506,83	
1044,631	-184,14	
1044,826	-156,08	
1045,021	-156,08	
1045,216	-156,08	
