couleur : bleu marine
angle source :0
angle capteur :30
source : 6500K
FLMT02171_1:101		
194,658	-1903,82	
194,923	-1903,82	
195,188	-1903,82	
195,453	-1905,57	
195,717	-115,02	
195,982	558,42	
196,247	125,25	
196,512	-262,33	
196,777	-113,26	
197,042	-122,03	
197,307	70,88	
197,572	-9,79	
197,837	53,34	
198,101	-206,21	
198,366	-55,39	
198,631	-8,04	
198,896	-30,84	
199,161	344,46	
199,425	-343	
199,69	184,87	
199,955	-83,45	
200,22	-125,54	
200,484	-734,08	
200,749	-60,65	
201,014	-25,58	
201,278	-260,57	
201,543	398,83	
201,807	-264,08	
202,072	230,47	
202,337	311,14	
202,601	70,88	
202,866	-525,39	
203,13	-323,71	
203,395	-279,87	
203,659	318,16	
203,924	-274,6	
204,189	-85,2	
204,453	49,84	
204,717	-355,28	
204,982	262,04	
205,246	-51,88	
205,511	242,74	
205,775	-11,55	
206,04	114,72	
206,304	-299,16	
206,568	-153,6	
206,833	-335,98	
207,097	-29,08	
207,361	-36,1	
207,626	-151,84	
207,89	-4,53	
208,154	-8,04	
208,419	148,04	
208,683	-115,02	
208,947	83,16	
209,211	198,9	
209,476	141,03	
209,74	240,99	
210,004	712,74	
210,268	218,19	
210,532	595,24	
210,796	153,3	
211,061	-323,71	
211,325	-44,87	
211,589	486,51	
211,853	432,15	
212,117	-30,84	
212,381	323,42	
212,645	155,06	
212,909	153,3	
213,173	25,28	
213,437	-223,75	
213,701	349,72	
213,965	58,6	
214,229	351,48	
214,493	179,61	
214,757	-109,75	
215,021	-167,63	
215,285	167,33	
215,549	-407,89	
215,813	-23,82	
216,077	2,48	
216,34	5,99	
216,604	239,24	
216,868	-108	
217,132	-399,12	
217,396	293,6	
217,659	-13,3	
217,923	430,39	
218,187	-279,87	
218,451	251,51	
218,714	190,13	
218,978	48,08	
219,242	423,38	
219,505	240,99	
219,769	-178,15	
220,033	325,17	
220,296	372,52	
220,56	121,74	
220,824	226,96	
221,087	302,37	
221,351	20,02	
221,614	-120,28	
221,878	-428,93	
222,142	79,65	
222,405	83,16	
222,669	-367,55	
222,932	-44,87	
223,196	298,86	
223,459	209,42	
223,722	56,85	
223,986	-206,21	
224,249	256,77	
224,513	155,06	
224,776	-171,13	
225,04	-50,13	
225,303	-314,94	
225,566	197,15	
225,83	262,04	
226,093	21,78	
226,356	-164,12	
226,62	402,33	
226,883	-516,62	
227,146	-281,62	
227,409	-246,54	
227,673	537,37	
227,936	-246,54	
228,199	107,71	
228,462	330,43	
228,725	193,64	
228,989	84,91	
229,252	162,07	
229,515	-120,28	
229,778	198,9	
230,041	204,16	
230,304	-397,37	
230,567	-123,78	
230,83	-27,33	
231,093	-11,55	
231,356	-15,05	
231,619	-127,29	
231,882	-207,96	
232,145	-99,23	
232,408	-200,95	
232,671	-27,33	
232,934	-314,94	
233,197	97,19	
233,46	481,25	
233,723	-11,55	
233,986	174,35	
234,249	-295,65	
234,512	134,01	
234,775	127	
235,037	65,62	
235,3	-188,67	
235,563	646,1	
235,826	332,18	
236,089	139,28	
236,351	-39,6	
236,614	149,8	
236,877	58,6	
237,14	-288,63	
237,402	11,25	
237,665	191,89	
237,928	-18,56	
238,19	-169,38	
238,453	253,27	
238,716	537,37	
238,978	-50,13	
239,241	-57,14	
239,503	127	
239,766	107,71	
240,029	225,21	
240,291	-174,64	
240,554	319,91	
240,816	83,16	
241,079	255,02	
241,341	100,69	
241,604	-600,8	
241,866	-164,12	
242,129	-118,52	
242,391	233,98	
242,653	-106,25	
242,916	97,19	
243,178	-122,03	
243,441	226,96	
243,703	97,19	
243,965	-202,7	
244,228	526,85	
244,49	-51,88	
244,752	107,71	
245,015	165,58	
245,277	-141,32	
245,539	-337,74	
245,801	-430,69	
246,064	233,98	
246,326	270,8	
246,588	-185,16	
246,85	547,89	
247,112	-136,06	
247,374	230,47	
247,637	-185,16	
247,899	-335,98	
248,161	212,93	
248,423	-188,67	
248,685	432,15	
248,947	354,98	
249,209	426,89	
249,471	-88,71	
249,733	-148,34	
249,995	-286,88	
250,257	-441,21	
250,519	288,34	
250,781	419,87	
251,043	253,27	
251,305	181,36	
251,567	479,5	
251,829	13,01	
252,091	7,75	
252,353	-200,95	
252,615	7,75	
252,876	-39,6	
253,138	267,3	
253,4	-50,13	
253,662	-57,14	
253,924	-569,23	
254,185	-15,05	
254,447	-78,19	
254,709	432,15	
254,971	4,24	
255,232	88,42	
255,494	470,73	
255,756	4,24	
256,017	-293,9	
256,279	-479,79	
256,541	-129,05	
256,802	100,69	
257,064	-108	
257,326	-232,51	
257,587	32,3	
257,849	214,69	
258,11	93,68	
258,372	-297,4	
258,633	148,04	
258,895	512,82	
259,156	586,48	
259,418	-43,11	
259,679	207,67	
259,941	114,72	
260,202	65,62	
260,464	-265,84	
260,725	-6,28	
260,987	190,13	
261,248	48,08	
261,509	177,86	
261,771	146,29	
262,032	48,08	
262,293	205,92	
262,555	141,03	
262,816	248,01	
263,077	-153,6	
263,338	-157,1	
263,6	-544,68	
263,861	-442,96	
264,122	339,2	
264,383	-15,05	
264,645	-223,75	
264,906	-39,6	
265,167	-122,03	
265,428	34,05	
265,689	-143,07	
265,95	440,92	
266,211	90,17	
266,473	-307,93	
266,734	-20,31	
266,995	53,34	
267,256	84,91	
267,517	137,52	
267,778	-53,63	
268,039	-109,75	
268,3	516,33	
268,561	76,14	
268,822	-90,46	
269,083	244,5	
269,344	-11,55	
269,604	291,85	
269,865	-255,31	
270,126	335,69	
270,387	172,6	
270,648	-488,56	
270,909	-476,28	
271,17	25,28	
271,43	404,09	
271,691	302,37	
271,952	-32,59	
272,213	-162,37	
272,473	-472,78	
272,734	267,3	
272,995	-341,25	
273,256	-506,1	
273,516	-255,31	
273,777	-146,58	
274,038	-320,2	
274,298	230,47	
274,559	-62,4	
274,82	-216,73	
275,08	-148,34	
275,341	-653,41	
275,601	-406,13	
275,862	-225,5	
276,122	346,21	
276,383	-51,88	
276,643	340,95	
276,904	121,74	
277,164	369,01	
277,425	409,35	
277,685	-143,07	
277,946	134,01	
278,206	-288,63	
278,467	56,85	
278,727	440,92	
278,987	98,94	
279,248	279,57	
279,508	91,92	
279,768	-8,04	
280,029	-20,31	
280,289	-74,68	
280,549	-55,39	
280,81	177,86	
281,07	319,91	
281,33	-292,14	
281,59	556,66	
281,851	48,08	
282,111	-43,11	
282,371	365,51	
282,631	-25,58	
282,891	-207,96	
283,151	-206,21	
283,412	11,25	
283,672	83,16	
283,932	181,36	
284,192	-351,77	
284,452	-227,25	
284,712	109,46	
284,972	32,3	
285,232	347,97	
285,492	67,37	
285,752	242,74	
286,012	-13,3	
286,272	-430,69	
286,532	288,34	
286,792	200,66	
287,052	-237,78	
287,312	-144,83	
287,571	-20,31	
287,831	-106,25	
288,091	239,24	
288,351	-400,87	
288,611	-456,99	
288,871	-190,43	
289,13	-241,28	
289,39	167,33	
289,65	63,86	
289,91	491,77	
290,17	295,36	
290,429	-153,6	
290,689	28,79	
290,949	240,99	
291,208	-109,75	
291,468	-383,34	
291,728	20,02	
291,987	-369,31	
292,247	-113,26	
292,506	595,24	
292,766	125,25	
293,026	-20,31	
293,285	-204,46	
293,545	284,83	
293,804	-160,61	
294,064	537,37	
294,323	135,77	
294,583	-227,25	
294,842	-392,1	
295,102	121,74	
295,361	495,28	
295,621	230,47	
295,88	270,8	
296,139	-95,72	
296,399	226,96	
296,658	183,12	
296,917	-371,06	
297,177	35,81	
297,436	602,26	
297,695	121,74	
297,955	356,74	
298,214	-271,1	
298,473	139,28	
298,732	46,33	
298,992	226,96	
299,251	-20,31	
299,51	-179,9	
299,769	295,36	
300,028	-325,46	
300,287	-99,23	
300,547	-400,87	
300,806	191,89	
301,065	-565,72	
301,324	-2,78	
301,583	67,37	
301,842	200,66	
302,101	48,08	
302,36	328,68	
302,619	414,61	
302,878	148,04	
303,137	81,4	
303,396	-160,61	
303,655	340,95	
303,914	300,62	
304,173	-22,07	
304,432	98,94	
304,691	-390,35	
304,95	383,04	
305,208	186,63	
305,467	-223,75	
305,726	-597,29	
305,985	-113,26	
306,244	4,24	
306,503	-2,78	
306,761	279,57	
307,02	-300,91	
307,279	228,72	
307,537	207,67	
307,796	-385,09	
308,055	-258,82	
308,314	-92,22	
308,572	312,89	
308,831	-188,67	
309,09	535,62	
309,348	237,48	
309,607	-41,36	
309,865	263,79	
310,124	504,05	
310,382	181,36	
310,641	-90,46	
310,9	-372,81	
311,158	91,92	
311,417	7,75	
311,675	-237,78	
311,933	-162,37	
312,192	148,04	
312,45	-243,04	
312,709	-92,22	
312,967	451,44	
313,226	414,61	
313,484	-341,25	
313,742	153,3	
314,001	-34,34	
314,259	349,72	
314,517	177,86	
314,776	-218,49	
315,034	28,79	
315,292	100,69	
315,55	340,95	
315,809	-214,98	
316,067	116,48	
316,325	-50,13	
316,583	114,72	
316,841	-437,7	
317,1	269,05	
317,358	123,49	
317,616	-339,49	
317,874	-144,83	
318,132	-13,3	
318,39	367,26	
318,648	232,22	
318,906	119,98	
319,164	-295,65	
319,422	-239,53	
319,68	-355,28	
319,938	-204,46	
320,196	-113,26	
320,454	95,43	
320,712	-255,31	
320,97	-186,92	
321,228	-160,61	
321,486	-300,91	
321,744	11,25	
322,002	-188,67	
322,26	198,9	
322,517	-11,55	
322,775	-113,26	
323,033	-213,22	
323,291	-88,71	
323,549	-39,6	
323,806	-113,26	
324,064	60,36	
324,322	211,18	
324,58	170,84	
324,837	-169,38	
325,095	-143,07	
325,353	526,85	
325,61	16,51	
325,868	304,13	
326,126	-339,49	
326,383	274,31	
326,641	-162,37	
326,898	-127,29	
327,156	230,47	
327,413	186,63	
327,671	86,66	
327,928	-6,28	
328,186	137,52	
328,443	-213,22	
328,701	137,52	
328,958	-390,35	
329,216	118,23	
329,473	63,86	
329,731	-199,19	
329,988	218,19	
330,245	-71,17	
330,503	-118,52	
330,76	5,99	
331,017	-181,66	
331,275	90,17	
331,532	144,54	
331,789	209,42	
332,047	21,78	
332,304	-141,32	
332,561	589,98	
332,818	-37,85	
333,076	112,97	
333,333	34,05	
333,59	144,54	
333,847	374,27	
334,104	411,1	
334,361	328,68	
334,618	-129,05	
334,876	211,18	
335,133	-253,56	
335,39	46,33	
335,647	-374,57	
335,904	-115,02	
336,161	-449,98	
336,418	-51,88	
336,675	-269,34	
336,932	74,39	
337,189	330,43	
337,446	4,24	
337,703	242,74	
337,96	70,88	
338,216	-171,13	
338,473	-351,77	
338,73	-325,46	
338,987	-136,06	
339,244	-236,02	
339,501	197,15	
339,757	-406,13	
340,014	-511,36	
340,271	-58,9	
340,528	5,99	
340,785	170,84	
341,041	-144,83	
341,298	188,38	
341,555	-69,42	
341,811	-392,1	
342,068	135,77	
342,325	-102,74	
342,581	-20,31	
342,838	195,39	
343,094	409,35	
343,351	-362,29	
343,608	-200,95	
343,864	107,71	
344,121	-97,48	
344,377	-43,11	
344,634	619,8	
344,89	5,99	
345,147	-330,72	
345,403	62,11	
345,66	0,73	
345,916	-400,87	
346,172	-164,12	
346,429	218,19	
346,685	4,24	
346,942	-144,83	
347,198	-202,7	
347,454	-272,85	
347,711	90,17	
347,967	-41,36	
348,223	-179,9	
348,48	-50,13	
348,736	-53,63	
348,992	-139,57	
349,248	-36,1	
349,504	58,6	
349,761	-6,28	
350,017	-43,11	
350,273	-292,14	
350,529	-325,46	
350,785	93,68	
351,041	-337,74	
351,297	-129,05	
351,554	-165,87	
351,81	-406,13	
352,066	128,75	
352,322	-202,7	
352,578	691,7	
352,834	79,65	
353,09	209,42	
353,346	34,05	
353,602	44,57	
353,858	-357,03	
354,114	-53,63	
354,369	0,73	
354,625	21,78	
354,881	-264,08	
355,137	30,54	
355,393	-467,51	
355,649	-299,16	
355,905	-299,16	
356,16	-204,46	
356,416	111,22	
356,672	-176,4	
356,928	-116,77	
357,183	128,75	
357,439	-402,63	
357,695	-58,9	
357,951	-230,76	
358,206	167,33	
358,462	100,69	
358,718	-136,06	
358,973	155,06	
359,229	2,48	
359,484	-72,93	
359,74	-267,59	
359,996	-20,31	
360,251	51,59	
360,507	-214,98	
360,762	56,85	
361,018	204,16	
361,273	44,57	
361,529	-278,11	
361,784	356,74	
362,04	-267,59	
362,295	-50,13	
362,55	-492,07	
362,806	27,04	
363,061	197,15	
363,316	-220,24	
363,572	267,3	
363,827	-188,67	
364,082	411,1	
364,338	27,04	
364,593	-227,25	
364,848	339,2	
365,104	-418,41	
365,359	-44,87	
365,614	-286,88	
365,869	53,34	
366,124	-169,38	
366,38	170,84	
366,635	274,31	
366,89	44,57	
367,145	-6,28	
367,4	193,64	
367,655	104,2	
367,91	-499,08	
368,165	-4,53	
368,42	-32,59	
368,675	207,67	
368,93	-27,33	
369,185	432,15	
369,44	-11,55	
369,695	23,53	
369,95	-16,81	
370,205	-274,6	
370,46	60,36	
370,715	181,36	
370,97	163,83	
371,225	414,61	
371,48	214,69	
371,734	-188,67	
371,989	56,85	
372,244	-576,25	
372,499	69,13	
372,754	330,43	
373,008	-744,6	
373,263	-29,08	
373,518	319,91	
373,773	-115,02	
374,027	-120,28	
374,282	-27,33	
374,537	267,3	
374,791	221,7	
375,046	102,45	
375,301	400,58	
375,555	114,72	
375,81	-274,6	
376,064	4,24	
376,319	7,75	
376,573	-85,2	
376,828	-674,45	
377,082	-441,21	
377,337	211,18	
377,591	-236,02	
377,846	-406,13	
378,1	207,67	
378,355	72,63	
378,609	402,33	
378,863	-278,11	
379,118	181,36	
379,372	-279,87	
379,627	170,84	
379,881	216,44	
380,135	167,33	
380,389	-244,79	
380,644	-351,77	
380,898	255,02	
381,152	-388,6	
381,407	-188,67	
381,661	111,22	
381,915	379,54	
382,169	184,87	
382,423	-6,28	
382,677	-250,05	
382,932	228,72	
383,186	55,1	
383,44	-292,14	
383,694	-527,14	
383,948	-32,59	
384,202	112,97	
384,456	67,37	
384,71	-155,35	
384,964	-132,55	
385,218	205,92	
385,472	121,74	
385,726	102,45	
385,98	127	
386,234	-116,77	
386,488	-274,6	
386,742	118,23	
386,996	340,95	
387,249	167,33	
387,503	546,14	
387,757	-146,58	
388,011	32,3	
388,265	176,1	
388,518	-16,81	
388,772	18,27	
389,026	-46,62	
389,28	-55,39	
389,533	-85,2	
389,787	246,25	
390,041	-97,48	
390,295	-527,14	
390,548	2,48	
390,802	-136,06	
391,055	132,26	
391,309	237,48	
391,563	-244,79	
391,816	170,84	
392,07	169,09	
392,323	214,69	
392,577	193,64	
392,83	255,02	
393,084	-179,9	
393,337	-43,11	
393,591	519,83	
393,844	-122,03	
394,098	-183,41	
394,351	-236,02	
394,604	414,61	
394,858	125,25	
395,111	-139,57	
395,364	42,82	
395,618	86,66	
395,871	-116,77	
396,124	351,48	
396,378	272,56	
396,631	205,92	
396,884	468,98	
397,137	525,09	
397,391	237,48	
397,644	95,43	
397,897	567,18	
398,15	418,12	
398,403	309,39	
398,657	151,55	
398,91	105,95	
399,163	-392,1	
399,416	151,55	
399,669	-362,29	
399,922	-111,51	
400,175	34,05	
400,428	128,75	
400,681	-462,25	
400,934	-207,96	
401,187	139,28	
401,44	-146,58	
401,693	-109,75	
401,946	174,35	
402,199	339,2	
402,452	270,8	
402,704	-74,68	
402,957	69,13	
403,21	112,97	
403,463	-292,14	
403,716	-420,16	
403,969	-15,05	
404,221	-6,28	
404,474	223,45	
404,727	79,65	
404,98	318,16	
405,232	84,91	
405,485	-25,58	
405,738	56,85	
405,99	-621,84	
406,243	114,72	
406,496	-428,93	
406,748	20,02	
407,001	72,63	
407,253	-25,58	
407,506	107,71	
407,759	302,37	
408,011	-58,9	
408,264	342,71	
408,516	335,69	
408,769	356,74	
409,021	177,86	
409,274	214,69	
409,526	362	
409,778	14,76	
410,031	488,27	
410,283	490,02	
410,536	-69,42	
410,788	-16,81	
411,04	114,72	
411,293	-97,48	
411,545	-76,43	
411,797	-355,28	
412,049	144,54	
412,302	335,69	
412,554	-207,96	
412,806	602,26	
413,058	202,41	
413,311	393,57	
413,563	46,33	
413,815	167,33	
414,067	270,8	
414,319	660,13	
414,571	-232,51	
414,823	-83,45	
415,075	309,39	
415,328	155,06	
415,58	149,8	
415,832	-90,46	
416,084	528,6	
416,336	479,5	
416,588	48,08	
416,84	-74,68	
417,091	433,9	
417,343	240,99	
417,595	209,42	
417,847	123,49	
418,099	409,35	
418,351	337,45	
418,603	-285,13	
418,855	91,92	
419,106	407,6	
419,358	668,9	
419,61	167,33	
419,862	468,98	
420,114	149,8	
420,365	574,2	
420,617	283,08	
420,869	803,94	
421,12	-27,33	
421,372	682,93	
421,624	449,68	
421,875	619,8	
422,127	733,79	
422,379	542,63	
422,63	504,05	
422,882	553,15	
423,133	468,98	
423,385	456,7	
423,636	556,66	
423,888	488,27	
424,139	614,53	
424,391	582,97	
424,642	-25,58	
424,894	451,44	
425,145	747,82	
425,396	319,91	
425,648	556,66	
425,899	191,89	
426,151	651,36	
426,402	705,73	
426,653	277,82	
426,905	528,6	
427,156	960,02	
427,407	702,22	
427,658	965,28	
427,91	1081,03	
428,161	665,39	
428,412	505,8	
428,663	896,88	
428,914	425,13	
429,166	518,08	
429,417	1186,25	
429,668	630,32	
429,919	1123,12	
430,17	937,22	
430,421	1049,46	
430,672	770,62	
430,923	488,27	
431,174	1061,74	
431,425	839,01	
431,676	758,34	
431,927	1070,5	
432,178	1259,91	
432,429	805,69	
432,68	1214,31	
432,931	1380,91	
433,182	1119,61	
433,433	881,1	
433,683	460,21	
433,934	1065,24	
434,185	1287,97	
434,436	1501,92	
434,687	1168,71	
434,937	1393,19	
435,188	1410,73	
435,439	1666,77	
435,69	1170,47	
435,94	1775,5	
436,191	1393,19	
436,442	1531,73	
436,692	1870,2	
436,943	1894,76	
437,194	1626,44	
437,444	1814,08	
437,695	1805,32	
437,945	1526,47	
438,196	1584,35	
438,447	1964,9	
438,697	1600,13	
438,948	1514,2	
439,198	1635,2	
439,449	1915,8	
439,699	2064,87	
439,949	2131,51	
440,2	1908,78	
440,45	1959,64	
440,701	2106,96	
440,951	1868,45	
441,201	2505,05	
441,452	2436,66	
441,702	2478,75	
441,952	2138,52	
442,203	2538,37	
442,453	2391,06	
442,703	2489,27	
442,953	2022,78	
443,204	2126,25	
443,454	2554,16	
443,704	2764,6	
443,954	2533,11	
444,204	2973,3	
444,455	2948,74	
444,705	3082,03	
444,955	3103,07	
445,205	3078,52	
445,455	3132,89	
445,705	3257,4	
445,955	3131,13	
446,205	3057,48	
446,455	3536,24	
446,705	3431,02	
446,955	3629,19	
447,205	3145,16	
447,455	3448,56	
447,705	3443,3	
447,955	3520,46	
448,205	3888,74	
448,454	4081,65	
448,704	3581,84	
448,954	3778,26	
449,204	3809,82	
449,454	4190,38	
449,704	3799,3	
449,953	3936,09	
450,203	4237,73	
450,453	4214,94	
450,703	3948,37	
450,952	4086,91	
451,202	4548,14	
451,452	3829,12	
451,701	3950,12	
451,951	4770,87	
452,201	4455,2	
452,45	4811,2	
452,7	4406,09	
452,949	4425,38	
453,199	4565,68	
453,448	4228,96	
453,698	4479,75	
453,947	4548,14	
454,197	4146,54	
454,446	4725,27	
454,696	4283,33	
454,945	4304,38	
455,195	4393,82	
455,444	4449,93	
455,693	4918,18	
455,943	4371,02	
456,192	4388,55	
456,442	4355,23	
456,691	4207,92	
456,94	3825,61	
457,189	4376,28	
457,439	4237,73	
457,688	3806,32	
457,937	3764,23	
458,186	3832,62	
458,436	4248,26	
458,685	3783,52	
458,934	3616,91	
459,183	3606,39	
459,432	3948,37	
459,681	3490,65	
459,93	3748,44	
460,179	3743,18	
460,429	3548,52	
460,678	3224,08	
460,927	3104,83	
461,176	3464,34	
461,425	3494,15	
461,674	3322,29	
461,923	2887,36	
462,172	3308,26	
462,42	3055,72	
462,669	2696,21	
462,918	2845,27	
463,167	3560,8	
463,416	3206,54	
463,665	2729,53	
463,914	2801,43	
464,162	2431,4	
464,411	3125,87	
464,66	2966,28	
464,909	2720,76	
465,158	2394,57	
465,406	2876,84	
465,655	2476,99	
465,904	2266,55	
466,152	2487,51	
466,401	2745,31	
466,65	2296,36	
466,898	2250,76	
467,147	2135,02	
467,395	2617,29	
467,644	2489,27	
467,893	2289,34	
468,141	2403,34	
468,39	2605,01	
468,638	1861,43	
468,887	2427,89	
469,135	2089,42	
469,384	2529,6	
469,632	2299,87	
469,88	2257,78	
470,129	2082,4	
470,377	2217,44	
470,626	1617,67	
470,874	1863,19	
471,122	2185,87	
471,371	2259,53	
471,619	1780,76	
471,867	1558,04	
472,115	1838,64	
472,364	1501,92	
472,612	1594,87	
472,86	1522,97	
473,108	2029,79	
473,356	1714,12	
473,605	1549,27	
473,853	1970,17	
474,101	1272,18	
474,349	2194,64	
474,597	1949,12	
474,845	1771,99	
475,093	1526,47	
475,341	1482,63	
475,589	2189,38	
475,837	1779,01	
476,085	1600,13	
476,333	1866,7	
476,581	1472,11	
476,829	1717,63	
477,077	1705,35	
477,325	1563,3	
477,573	1202,03	
477,821	1224,83	
478,069	1445,8	
478,317	1552,78	
478,564	1137,15	
478,812	1454,57	
479,06	1302	
479,308	1310,76	
479,555	1363,38	
479,803	1601,88	
480,051	830,24	
480,299	1652,74	
480,546	1010,88	
480,794	1731,66	
481,042	1338,82	
481,289	1524,72	
481,537	1312,52	
481,784	1391,44	
482,032	1600,13	
482,28	1821,1	
482,527	998,6	
482,775	991,59	
483,022	1086,29	
483,27	1843,9	
483,517	1196,77	
483,765	1405,47	
484,012	1373,9	
484,259	1200,28	
484,507	1049,46	
484,754	1491,4	
485,002	1103,82	
485,249	1337,07	
485,496	1128,38	
485,744	1701,85	
485,991	1410,73	
486,238	931,96	
486,486	1340,58	
486,733	1396,7	
486,98	1533,49	
487,227	1696,58	
487,474	1312,52	
487,722	819,72	
487,969	1026,66	
488,216	1361,62	
488,463	1565,05	
488,71	1072,26	
488,957	1175,73	
489,204	1703,6	
489,451	1145,91	
489,699	1345,84	
489,946	1386,17	
490,193	1586,1	
490,44	1235,35	
490,687	1524,72	
490,934	1312,52	
491,18	1337,07	
491,427	1794,79	
491,674	984,57	
491,921	1100,32	
492,168	1019,65	
492,415	1137,15	
492,662	846,03	
492,909	1138,9	
493,155	1179,23	
493,402	1430,02	
493,649	521,59	
493,896	768,86	
494,142	1205,54	
494,389	1444,05	
494,636	916,18	
494,883	1009,12	
495,129	1579,08	
495,376	1459,83	
495,623	1017,89	
495,869	1133,64	
496,116	1077,52	
496,362	1349,35	
496,609	1331,81	
496,855	1479,12	
497,102	667,15	
497,348	1031,92	
497,595	1577,33	
497,841	709,24	
498,088	1074,01	
498,334	1166,96	
498,581	956,51	
498,827	1045,95	
499,074	1314,27	
499,32	1261,66	
499,566	1405,47	
499,813	1296,73	
500,059	1272,18	
500,305	1377,41	
500,552	1715,88	
500,798	1065,24	
501,044	1358,11	
501,29	917,93	
501,537	1500,17	
501,783	919,68	
502,029	1165,21	
502,275	716,25	
502,521	989,83	
502,767	1610,65	
503,013	1440,54	
503,26	1531,73	
503,506	1138,9	
503,752	763,6	
503,998	1277,44	
504,244	1145,91	
504,49	1216,06	
504,736	1289,72	
504,982	758,34	
505,228	896,88	
505,474	1191,51	
505,72	1412,48	
505,966	519,83	
506,211	749,57	
506,457	1133,64	
506,703	1628,19	
506,949	647,86	
507,195	798,68	
507,441	1372,14	
507,686	923,19	
507,932	1300,24	
508,178	1261,66	
508,424	1144,16	
508,669	884,61	
508,915	1217,82	
509,161	1444,05	
509,406	1003,86	
509,652	753,08	
509,898	1296,73	
510,143	958,27	
510,389	940,73	
510,634	1058,23	
510,88	1145,91	
511,125	379,54	
511,371	1266,92	
511,616	1173,97	
511,862	1210,8	
512,107	640,84	
512,353	875,84	
512,598	681,18	
512,844	1268,67	
513,089	1161,7	
513,335	1149,42	
513,58	1277,44	
513,825	875,84	
514,071	877,59	
514,316	933,71	
514,561	1365,13	
514,806	1047,71	
515,052	1252,89	
515,297	1033,68	
515,542	665,39	
515,787	807,44	
516,033	1251,14	
516,278	923,19	
516,523	781,14	
516,768	828,49	
517,013	1152,93	
517,258	665,39	
517,503	1112,59	
517,748	560,17	
517,993	819,72	
518,238	1128,38	
518,483	730,28	
518,728	817,97	
518,973	930,21	
519,218	1137,15	
519,463	1231,85	
519,708	893,38	
519,953	940,73	
520,198	512,82	
520,443	960,02	
520,688	530,36	
520,933	1149,42	
521,177	868,83	
521,422	858,3	
521,667	681,18	
521,912	716,25	
522,157	772,37	
522,401	740,8	
522,646	651,36	
522,891	805,69	
523,135	826,74	
523,38	549,65	
523,625	751,33	
523,869	888,12	
524,114	1031,92	
524,358	1172,22	
524,603	781,14	
524,848	739,05	
525,092	418,12	
525,337	879,35	
525,581	679,42	
525,826	132,26	
526,07	1226,59	
526,315	705,73	
526,559	984,57	
526,803	965,28	
527,048	1042,44	
527,292	642,59	
527,537	1221,32	
527,781	742,56	
528,025	726,77	
528,269	537,37	
528,514	442,67	
528,758	637,33	
529,002	824,98	
529,247	926,7	
529,491	1067	
529,735	830,24	
529,979	881,1	
530,223	512,82	
530,467	265,54	
530,712	1251,14	
530,956	686,44	
531,2	681,18	
531,444	623,3	
531,688	428,64	
531,932	1191,51	
532,176	793,42	
532,42	381,29	
532,664	628,56	
532,908	1521,21	
533,152	491,77	
533,396	970,54	
533,64	1044,2	
533,884	888,12	
534,128	379,54	
534,371	598,75	
534,615	858,3	
534,859	719,76	
535,103	544,39	
535,347	826,74	
535,59	570,69	
535,834	665,39	
536,078	712,74	
536,322	768,86	
536,565	614,53	
536,809	553,15	
537,053	909,16	
537,296	579,46	
537,54	347,97	
537,784	330,43	
538,027	737,3	
538,271	1217,82	
538,514	337,45	
538,758	354,98	
539,001	689,95	
539,245	658,38	
539,488	540,88	
539,732	981,06	
539,975	705,73	
540,219	910,91	
540,462	937,22	
540,706	791,66	
540,949	558,42	
541,192	786,4	
541,436	618,04	
541,679	565,43	
541,922	358,49	
542,166	540,88	
542,409	668,9	
542,652	149,8	
542,895	716,25	
543,139	560,17	
543,382	917,93	
543,625	668,9	
543,868	1012,63	
544,111	595,24	
544,354	902,15	
544,598	747,82	
544,841	630,32	
545,084	1191,51	
545,327	1221,32	
545,57	824,98	
545,813	491,77	
546,056	421,63	
546,299	568,94	
546,542	819,72	
546,785	628,56	
547,028	1251,14	
547,271	767,11	
547,514	507,56	
547,756	621,55	
547,999	604,01	
548,242	479,5	
548,485	770,62	
548,728	735,54	
548,971	351,48	
549,213	974,05	
549,456	689,95	
549,699	495,28	
549,942	635,58	
550,184	626,81	
550,427	1109,09	
550,67	700,47	
550,912	639,09	
551,155	614,53	
551,398	668,9	
551,64	679,42	
551,883	754,83	
552,125	244,5	
552,368	688,19	
552,61	447,93	
552,853	895,13	
553,095	362	
553,338	498,79	
553,58	304,13	
553,823	295,36	
554,065	698,71	
554,308	597	
554,55	458,45	
554,792	812,71	
555,035	412,86	
555,277	498,79	
555,519	437,41	
555,762	216,44	
556,004	674,16	
556,246	105,95	
556,488	770,62	
556,731	426,89	
556,973	544,39	
557,215	584,72	
557,457	272,56	
557,699	930,21	
557,941	414,61	
558,183	295,36	
558,426	209,42	
558,668	319,91	
558,91	305,88	
559,152	616,29	
559,394	454,95	
559,636	386,55	
559,878	-27,33	
560,12	491,77	
560,362	488,27	
560,604	758,34	
560,845	349,72	
561,087	591,74	
561,329	830,24	
561,571	7,75	
561,813	514,57	
562,055	930,21	
562,297	265,54	
562,538	658,38	
562,78	500,54	
563,022	507,56	
563,264	561,92	
563,505	607,52	
563,747	91,92	
563,989	861,81	
564,23	384,8	
564,472	395,32	
564,714	386,55	
564,955	714,5	
565,197	565,43	
565,438	439,16	
565,68	181,36	
565,921	360,24	
566,163	425,13	
566,404	782,89	
566,646	162,07	
566,887	635,58	
567,129	395,32	
567,37	95,43	
567,612	270,8	
567,853	468,98	
568,094	369,01	
568,336	735,54	
568,577	628,56	
568,818	193,64	
569,06	568,94	
569,301	1084,53	
569,542	540,88	
569,783	554,91	
570,025	340,95	
570,266	942,48	
570,507	853,04	
570,748	707,48	
570,989	465,47	
571,23	495,28	
571,472	353,23	
571,713	709,24	
571,954	414,61	
572,195	619,8	
572,436	712,74	
572,677	-50,13	
572,918	149,8	
573,159	160,32	
573,4	647,86	
573,641	421,63	
573,882	646,1	
574,123	402,33	
574,364	495,28	
574,604	598,75	
574,845	490,02	
575,086	128,75	
575,327	233,98	
575,568	533,86	
575,809	405,84	
576,049	856,55	
576,29	732,03	
576,531	858,3	
576,771	328,68	
577,012	134,01	
577,253	440,92	
577,494	325,17	
577,734	405,84	
577,975	-185,16	
578,215	802,18	
578,456	7,75	
578,697	475,99	
578,937	344,46	
579,178	397,07	
579,418	297,11	
579,659	237,48	
579,899	323,42	
580,14	917,93	
580,38	824,98	
580,62	767,11	
580,861	663,64	
581,101	328,68	
581,342	765,36	
581,582	561,92	
581,822	349,72	
582,063	228,72	
582,303	540,88	
582,543	532,11	
582,783	27,04	
583,024	347,97	
583,264	211,18	
583,504	114,72	
583,744	256,77	
583,984	674,16	
584,224	463,71	
584,465	735,54	
584,705	405,84	
584,945	418,12	
585,185	-492,07	
585,425	475,99	
585,665	519,83	
585,905	358,49	
586,145	372,52	
586,385	646,1	
586,625	688,19	
586,865	756,59	
587,105	-95,72	
587,345	518,08	
587,585	458,45	
587,824	647,86	
588,064	281,33	
588,304	602,26	
588,544	340,95	
588,784	630,32	
589,024	746,06	
589,263	388,3	
589,503	119,98	
589,743	428,64	
589,982	221,7	
590,222	658,38	
590,462	121,74	
590,701	276,07	
590,941	293,6	
591,181	474,24	
591,42	263,79	
591,66	458,45	
591,899	297,11	
592,139	460,21	
592,378	-20,31	
592,618	207,67	
592,857	251,51	
593,097	353,23	
593,336	593,49	
593,576	398,83	
593,815	537,37	
594,055	298,86	
594,294	195,39	
594,533	551,4	
594,773	347,97	
595,012	281,33	
595,251	740,8	
595,491	817,97	
595,73	344,46	
595,969	537,37	
596,208	304,13	
596,447	474,24	
596,687	439,16	
596,926	195,39	
597,165	186,63	
597,404	423,38	
597,643	407,6	
597,882	460,21	
598,121	155,06	
598,36	274,31	
598,599	563,68	
598,838	479,5	
599,077	733,79	
599,316	795,17	
599,555	507,56	
599,794	219,95	
600,033	802,18	
600,272	439,16	
600,511	388,3	
600,75	-4,53	
600,989	577,71	
601,228	93,68	
601,466	25,28	
601,705	511,07	
601,944	549,65	
602,183	623,3	
602,422	248,01	
602,66	298,86	
602,899	670,65	
603,138	212,93	
603,376	618,04	
603,615	647,86	
603,854	614,53	
604,092	112,97	
604,331	468,98	
604,569	668,9	
604,808	360,24	
605,047	460,21	
605,285	290,1	
605,524	291,85	
605,762	654,87	
606	507,56	
606,239	137,52	
606,477	500,54	
606,716	593,49	
606,954	440,92	
607,193	283,08	
607,431	505,8	
607,669	412,86	
607,908	670,65	
608,146	316,4	
608,384	535,62	
608,622	511,07	
608,861	186,63	
609,099	326,92	
609,337	149,8	
609,575	742,56	
609,813	460,21	
610,052	379,54	
610,29	0,73	
610,528	262,04	
610,766	242,74	
611,004	-115,02	
611,242	304,13	
611,48	-60,65	
611,718	774,12	
611,956	312,89	
612,194	267,3	
612,432	339,2	
612,67	265,54	
612,908	44,57	
613,146	467,22	
613,384	486,51	
613,621	293,6	
613,859	-279,87	
614,097	307,63	
614,335	256,77	
614,573	307,63	
614,811	218,19	
615,048	255,02	
615,286	56,85	
615,524	333,94	
615,761	88,42	
615,999	349,72	
616,237	34,05	
616,474	746,06	
616,712	-143,07	
616,95	565,43	
617,187	109,46	
617,425	491,77	
617,662	-18,56	
617,9	211,18	
618,137	358,49	
618,375	502,3	
618,612	293,6	
618,85	153,3	
619,087	525,09	
619,325	-120,28	
619,562	281,33	
619,799	193,64	
620,037	530,36	
620,274	523,34	
620,511	193,64	
620,749	363,75	
620,986	453,19	
621,223	312,89	
621,461	127	
621,698	-122,03	
621,935	14,76	
622,172	-69,42	
622,409	712,74	
622,647	419,87	
622,884	172,6	
623,121	62,11	
623,358	65,62	
623,595	-2,78	
623,832	425,13	
624,069	284,83	
624,306	-13,3	
624,543	9,5	
624,78	18,27	
625,017	7,75	
625,254	526,85	
625,491	83,16	
625,728	2,48	
625,965	505,8	
626,202	114,72	
626,438	128,75	
626,675	319,91	
626,912	-81,69	
627,149	244,5	
627,386	570,69	
627,622	-74,68	
627,859	425,13	
628,096	721,51	
628,333	428,64	
628,569	153,3	
628,806	472,48	
629,043	400,58	
629,279	369,01	
629,516	153,3	
629,752	376,03	
629,989	290,1	
630,225	156,81	
630,462	365,51	
630,699	232,22	
630,935	-34,34	
631,171	233,98	
631,408	111,22	
631,644	163,83	
631,881	27,04	
632,117	219,95	
632,354	419,87	
632,59	488,27	
632,826	360,24	
633,063	337,45	
633,299	-113,26	
633,535	246,25	
633,771	-300,91	
634,008	335,69	
634,244	2,48	
634,48	197,15	
634,716	-22,07	
634,953	146,29	
635,189	-213,22	
635,425	62,11	
635,661	104,2	
635,897	372,52	
636,133	302,37	
636,369	260,28	
636,605	235,73	
636,841	281,33	
637,077	-71,17	
637,313	237,48	
637,549	644,35	
637,785	253,27	
638,021	23,53	
638,257	298,86	
638,493	-6,28	
638,729	141,03	
638,965	297,11	
639,2	563,68	
639,436	35,81	
639,672	290,1	
639,908	86,66	
640,144	-400,87	
640,379	279,57	
640,615	212,93	
640,851	128,75	
641,086	-64,16	
641,322	102,45	
641,558	158,57	
641,793	-29,08	
642,029	521,59	
642,264	-346,51	
642,5	554,91	
642,736	390,06	
642,971	-79,94	
643,207	258,53	
643,442	-76,43	
643,678	626,81	
643,913	639,09	
644,148	-262,33	
644,384	330,43	
644,619	493,53	
644,855	248,01	
645,09	423,38	
645,325	207,67	
645,561	-162,37	
645,796	2,48	
646,031	174,35	
646,266	-236,02	
646,502	537,37	
646,737	-360,54	
646,972	-116,77	
647,207	242,74	
647,442	51,59	
647,678	116,48	
647,913	677,67	
648,148	65,62	
648,383	137,52	
648,618	223,45	
648,853	4,24	
649,088	123,49	
649,323	-50,13	
649,558	435,65	
649,793	141,03	
650,028	81,4	
650,263	218,19	
650,498	172,6	
650,733	-106,25	
650,968	409,35	
651,202	56,85	
651,437	461,96	
651,672	537,37	
651,907	70,88	
652,142	100,69	
652,376	409,35	
652,611	649,61	
652,846	354,98	
653,081	163,83	
653,315	353,23	
653,55	9,5	
653,785	-6,28	
654,019	165,58	
654,254	-109,75	
654,488	16,51	
654,723	321,66	
654,958	-274,6	
655,192	42,82	
655,427	-67,66	
655,661	384,8	
655,896	246,25	
656,13	386,55	
656,364	300,62	
656,599	30,54	
656,833	116,48	
657,068	255,02	
657,302	-1,02	
657,536	432,15	
657,771	-99,23	
658,005	312,89	
658,239	-278,11	
658,474	-360,54	
658,708	60,36	
658,942	-76,43	
659,176	481,25	
659,41	402,33	
659,645	365,51	
659,879	-6,28	
660,113	-239,53	
660,347	1964,9	
660,581	419,87	
660,815	93,68	
661,049	-355,28	
661,283	533,86	
661,517	30,54	
661,751	330,43	
661,985	-218,49	
662,219	27,04	
662,453	41,07	
662,687	-271,1	
662,921	-309,68	
663,155	134,01	
663,389	151,55	
663,622	-335,98	
663,856	-95,72	
664,09	-293,9	
664,324	100,69	
664,558	-51,88	
664,791	93,68	
665,025	-344,75	
665,259	20,02	
665,492	-327,22	
665,726	32,3	
665,96	-218,49	
666,193	316,4	
666,427	-129,05	
666,661	304,13	
666,894	-616,58	
667,128	-304,42	
667,361	286,59	
667,595	4,24	
667,828	475,99	
668,062	79,65	
668,295	-486,81	
668,529	256,77	
668,762	95,43	
668,995	63,86	
669,229	461,96	
669,462	7,75	
669,695	-122,03	
669,929	7,75	
670,162	-267,59	
670,395	-195,69	
670,629	44,57	
670,862	218,19	
671,095	-144,83	
671,328	-216,73	
671,561	107,71	
671,795	41,07	
672,028	170,84	
672,261	-109,75	
672,494	-8,04	
672,727	504,05	
672,96	148,04	
673,193	-43,11	
673,426	-25,58	
673,659	-6,28	
673,892	4,24	
674,125	-127,29	
674,358	274,31	
674,591	-442,96	
674,824	174,35	
675,057	-206,21	
675,29	340,95	
675,523	-183,41	
675,755	358,49	
675,988	284,83	
676,221	-167,63	
676,454	618,04	
676,687	-125,54	
676,919	490,02	
677,152	134,01	
677,385	-67,66	
677,617	-186,92	
677,85	13,01	
678,083	7,75	
678,315	-243,04	
678,548	-316,69	
678,78	-278,11	
679,013	393,57	
679,246	-36,1	
679,478	142,78	
679,711	428,64	
679,943	156,81	
680,175	405,84	
680,408	-118,52	
680,64	-32,59	
680,873	-92,22	
681,105	269,05	
681,338	249,76	
681,57	-102,74	
681,802	132,26	
682,034	-192,18	
682,267	-200,95	
682,499	141,03	
682,731	13,01	
682,964	544,39	
683,196	-90,46	
683,428	142,78	
683,66	44,57	
683,892	611,03	
684,124	-195,69	
684,356	198,9	
684,589	-4,53	
684,821	598,75	
685,053	-246,54	
685,285	237,48	
685,517	-109,75	
685,749	374,27	
685,981	121,74	
686,213	-188,67	
686,445	-206,21	
686,676	-414,9	
686,908	5,99	
687,14	-137,81	
687,372	767,11	
687,604	256,77	
687,836	526,85	
688,068	11,25	
688,299	-60,65	
688,531	125,25	
688,763	102,45	
688,995	514,57	
689,226	84,91	
689,458	93,68	
689,69	232,22	
689,921	91,92	
690,153	-22,07	
690,384	195,39	
690,616	9,5	
690,848	237,48	
691,079	34,05	
691,311	183,12	
691,542	95,43	
691,774	-204,46	
692,005	109,46	
692,237	642,59	
692,468	-134,31	
692,699	330,43	
692,931	-90,46	
693,162	-72,93	
693,393	-269,34	
693,625	-100,99	
693,856	121,74	
694,087	-102,74	
694,319	172,6	
694,55	200,66	
694,781	-223,75	
695,012	-46,62	
695,243	-267,59	
695,475	418,12	
695,706	653,12	
695,937	-327,22	
696,168	283,08	
696,399	70,88	
696,63	-293,9	
696,861	65,62	
697,092	-183,41	
697,323	226,96	
697,554	135,77	
697,785	202,41	
698,016	139,28	
698,247	-174,64	
698,478	48,08	
698,709	-239,53	
698,94	-115,02	
699,171	165,58	
699,401	423,38	
699,632	-206,21	
699,863	21,78	
700,094	-171,13	
700,325	-69,42	
700,555	707,48	
700,786	337,45	
701,017	90,17	
701,247	158,57	
701,478	318,16	
701,709	-20,31	
701,939	177,86	
702,17	347,97	
702,401	365,51	
702,631	325,17	
702,862	-236,02	
703,092	216,44	
703,323	-385,09	
703,553	44,57	
703,784	233,98	
704,014	356,74	
704,244	176,1	
704,475	314,65	
704,705	2,48	
704,936	230,47	
705,166	193,64	
705,396	-309,68	
705,627	432,15	
705,857	370,77	
706,087	46,33	
706,317	-146,58	
706,548	-202,7	
706,778	383,04	
707,008	158,57	
707,238	-171,13	
707,468	-123,78	
707,698	-348,26	
707,928	200,66	
708,158	123,49	
708,389	127	
708,619	149,8	
708,849	230,47	
709,079	151,55	
709,309	281,33	
709,539	370,77	
709,768	5,99	
709,998	-388,6	
710,228	-20,31	
710,458	-169,38	
710,688	134,01	
710,918	-118,52	
711,148	-132,55	
711,378	41,07	
711,607	60,36	
711,837	-67,66	
712,067	-50,13	
712,297	-22,07	
712,526	-51,88	
712,756	-157,1	
712,986	-165,87	
713,215	95,43	
713,445	358,49	
713,674	-79,94	
713,904	42,82	
714,134	-281,62	
714,363	-76,43	
714,593	-165,87	
714,822	-181,66	
715,052	-22,07	
715,281	263,79	
715,511	51,59	
715,74	-85,2	
715,969	156,81	
716,199	390,06	
716,428	-234,27	
716,657	-176,4	
716,887	197,15	
717,116	2,48	
717,345	-62,4	
717,575	305,88	
717,804	56,85	
718,033	-246,54	
718,262	-158,86	
718,492	-85,2	
718,721	228,72	
718,95	-239,53	
719,179	-16,81	
719,408	-232,51	
719,637	-181,66	
719,866	102,45	
720,095	-150,09	
720,324	369,01	
720,553	-237,78	
720,782	304,13	
721,011	74,39	
721,24	-93,97	
721,469	-216,73	
721,698	-260,57	
721,927	34,05	
722,156	263,79	
722,385	207,67	
722,613	-372,81	
722,842	225,21	
723,071	-451,73	
723,3	-206,21	
723,529	158,57	
723,757	-258,82	
723,986	-604,3	
724,215	-364,04	
724,443	-27,33	
724,672	-9,79	
724,901	-165,87	
725,129	-251,81	
725,358	5,99	
725,586	-288,63	
725,815	46,33	
726,043	318,16	
726,272	41,07	
726,5	309,39	
726,729	134,01	
726,957	-160,61	
727,186	-36,1	
727,414	-293,9	
727,642	-376,32	
727,871	321,66	
728,099	395,32	
728,327	112,97	
728,556	76,14	
728,784	588,23	
729,012	-574,49	
729,241	118,23	
729,469	-179,9	
729,697	-490,31	
729,925	169,09	
730,153	-158,86	
730,381	-805,98	
730,61	-225,5	
730,838	5,99	
731,066	-99,23	
731,294	16,51	
731,522	-113,26	
731,75	-20,31	
731,978	235,73	
732,206	67,37	
732,434	-278,11	
732,662	183,12	
732,89	9,5	
733,118	-265,84	
733,346	253,27	
733,573	72,63	
733,801	27,04	
734,029	-158,86	
734,257	-481,54	
734,485	-85,2	
734,712	-67,66	
734,94	-178,15	
735,168	-355,28	
735,396	-123,78	
735,623	-157,1	
735,851	-29,08	
736,078	-9,79	
736,306	-239,53	
736,534	-214,98	
736,761	-423,67	
736,989	249,76	
737,216	-153,6	
737,444	463,71	
737,671	-57,14	
737,899	390,06	
738,126	176,1	
738,354	-418,41	
738,581	465,47	
738,809	32,3	
739,036	-76,43	
739,263	149,8	
739,491	23,53	
739,718	276,07	
739,945	-136,06	
740,173	41,07	
740,4	-229,01	
740,627	-95,72	
740,854	-267,59	
741,081	116,48	
741,309	435,65	
741,536	-288,63	
741,763	-250,05	
741,99	162,07	
742,217	0,73	
742,444	-442,96	
742,671	-160,61	
742,898	-337,74	
743,125	-214,98	
743,352	812,71	
743,579	186,63	
743,806	-330,72	
744,033	-216,73	
744,26	2,48	
744,487	53,34	
744,714	-237,78	
744,941	-220,24	
745,167	5,99	
745,394	-18,56	
745,621	354,98	
745,848	-116,77	
746,075	347,97	
746,301	98,94	
746,528	-460,5	
746,755	-346,51	
746,981	-53,63	
747,208	-150,09	
747,435	230,47	
747,661	107,71	
747,888	-297,4	
748,114	-8,04	
748,341	263,79	
748,567	211,18	
748,794	-281,62	
749,02	-79,94	
749,247	-44,87	
749,473	28,79	
749,7	563,68	
749,926	481,25	
750,152	-567,48	
750,379	344,46	
750,605	423,38	
750,831	97,19	
751,058	179,61	
751,284	174,35	
751,51	-221,99	
751,737	248,01	
751,963	316,4	
752,189	-416,66	
752,415	-188,67	
752,641	-151,84	
752,867	-81,69	
753,094	16,51	
753,32	39,31	
753,546	419,87	
753,772	-165,87	
753,998	-4,53	
754,224	-218,49	
754,45	53,34	
754,676	-213,22	
754,902	135,77	
755,128	283,08	
755,354	-83,45	
755,579	193,64	
755,805	-388,6	
756,031	-78,19	
756,257	-204,46	
756,483	-309,68	
756,709	144,54	
756,934	25,28	
757,16	-58,9	
757,386	162,07	
757,612	190,13	
757,837	-16,81	
758,063	-27,33	
758,289	-30,84	
758,514	-197,44	
758,74	156,81	
758,965	284,83	
759,191	128,75	
759,416	-451,73	
759,642	-108	
759,868	-344,75	
760,093	-213,22	
760,318	20,02	
760,544	-58,9	
760,769	-129,05	
760,995	-395,61	
761,22	-371,06	
761,445	512,82	
761,671	288,34	
761,896	-167,63	
762,121	-272,85	
762,347	-449,98	
762,572	504,05	
762,797	-18,56	
763,022	65,62	
763,248	-8,04	
763,473	77,89	
763,698	14,76	
763,923	44,57	
764,148	-148,34	
764,373	376,03	
764,598	149,8	
764,823	195,39	
765,048	339,2	
765,273	470,73	
765,498	-55,39	
765,723	-130,8	
765,948	-244,79	
766,173	-127,29	
766,398	-316,69	
766,623	539,12	
766,848	-53,63	
767,073	-320,2	
767,298	-37,85	
767,522	-255,31	
767,747	-300,91	
767,972	-15,05	
768,197	58,6	
768,421	-223,75	
768,646	-272,85	
768,871	-267,59	
769,095	-164,12	
769,32	-113,26	
769,545	170,84	
769,769	-130,8	
769,994	-227,25	
770,218	-223,75	
770,443	-192,18	
770,667	-95,72	
770,892	9,5	
771,116	-65,91	
771,341	90,17	
771,565	88,42	
771,79	-99,23	
772,014	-330,72	
772,238	-132,55	
772,463	-16,81	
772,687	190,13	
772,911	-146,58	
773,136	172,6	
773,36	-81,69	
773,584	39,31	
773,808	69,13	
774,033	76,14	
774,257	123,49	
774,481	-344,75	
774,705	158,57	
774,929	-139,57	
775,153	35,81	
775,377	-143,07	
775,602	-514,86	
775,826	127	
776,05	-88,71	
776,274	-183,41	
776,498	-332,48	
776,722	119,98	
776,945	65,62	
777,169	-548,19	
777,393	-286,88	
777,617	-93,97	
777,841	-137,81	
778,065	-214,98	
778,289	49,84	
778,512	111,22	
778,736	225,21	
778,96	-176,4	
779,184	128,75	
779,407	248,01	
779,631	63,86	
779,855	-141,32	
780,078	-58,9	
780,302	2,48	
780,526	-92,22	
780,749	-193,93	
780,973	-178,15	
781,196	232,22	
781,42	-29,08	
781,643	-118,52	
781,867	-295,65	
782,09	63,86	
782,314	-355,28	
782,537	60,36	
782,76	-239,53	
782,984	21,78	
783,207	-478,04	
783,431	5,99	
783,654	-343	
783,877	-430,69	
784,1	-358,78	
784,324	63,86	
784,547	-37,85	
784,77	-485,05	
784,993	-86,96	
785,216	211,18	
785,44	-334,23	
785,663	-16,81	
785,886	-402,63	
786,109	-58,9	
786,332	314,65	
786,555	-155,35	
786,778	-51,88	
787,001	-206,21	
787,224	-462,25	
787,447	-265,84	
787,67	-339,49	
787,893	-237,78	
788,116	-637,63	
788,339	-278,11	
788,561	-397,37	
788,784	-90,46	
789,007	-313,19	
789,23	311,14	
789,453	-60,65	
789,675	-88,71	
789,898	83,16	
790,121	-15,05	
790,344	118,23	
790,566	240,99	
790,789	-99,23	
791,012	-30,84	
791,234	112,97	
791,457	105,95	
791,679	-67,66	
791,902	-251,81	
792,124	-493,82	
792,347	-414,9	
792,569	-207,96	
792,792	-257,07	
793,014	-383,34	
793,237	-37,85	
793,459	-420,16	
793,681	-214,98	
793,904	-53,63	
794,126	-404,38	
794,348	14,76	
794,571	240,99	
794,793	314,65	
795,015	-218,49	
795,237	-211,47	
795,46	-190,43	
795,682	-355,28	
795,904	-314,94	
796,126	-420,16	
796,348	446,18	
796,57	137,52	
796,792	205,92	
797,014	-22,07	
797,237	-148,34	
797,459	-286,88	
797,681	-157,1	
797,903	104,2	
798,124	-86,96	
798,346	98,94	
798,568	-250,05	
798,79	-44,87	
799,012	-146,58	
799,234	112,97	
799,456	-453,48	
799,678	-365,8	
799,899	369,01	
800,121	167,33	
800,343	269,05	
800,565	139,28	
800,786	439,16	
801,008	67,37	
801,23	-416,66	
801,451	244,5	
801,673	723,27	
801,895	35,81	
802,116	365,51	
802,338	28,79	
802,559	-76,43	
802,781	-46,62	
803,002	20,02	
803,224	-99,23	
803,445	-365,8	
803,667	-11,55	
803,888	-144,83	
804,109	-34,34	
804,331	18,27	
804,552	-269,34	
804,773	237,48	
804,995	-449,98	
805,216	-22,07	
805,437	155,06	
805,658	7,75	
805,88	-171,13	
806,101	-321,95	
806,322	84,91	
806,543	90,17	
806,764	-106,25	
806,985	369,01	
807,207	-60,65	
807,428	198,9	
807,649	28,79	
807,87	-86,96	
808,091	137,52	
808,312	-295,65	
808,533	-232,51	
808,754	-316,69	
808,975	-143,07	
809,195	-269,34	
809,416	60,36	
809,637	-37,85	
809,858	-125,54	
810,079	-462,25	
810,3	-44,87	
810,52	256,77	
810,741	-20,31	
810,962	-649,9	
811,183	-383,34	
811,403	-83,45	
811,624	214,69	
811,845	539,12	
812,065	153,3	
812,286	-274,6	
812,506	384,8	
812,727	46,33	
812,948	-276,36	
813,168	-269,34	
813,389	-420,16	
813,609	162,07	
813,83	134,01	
814,05	-286,88	
814,27	-125,54	
814,491	-11,55	
814,711	-50,13	
814,931	-120,28	
815,152	44,57	
815,372	125,25	
815,592	-165,87	
815,813	25,28	
816,033	-304,42	
816,253	135,77	
816,473	333,94	
816,694	-253,56	
816,914	-30,84	
817,134	-48,37	
817,354	-102,74	
817,574	56,85	
817,794	218,19	
818,014	-546,43	
818,234	-660,42	
818,454	188,38	
818,674	-8,04	
818,894	128,75	
819,114	-509,6	
819,334	134,01	
819,554	144,54	
819,774	-465,76	
819,994	-102,74	
820,214	-53,63	
820,433	195,39	
820,653	-136,06	
820,873	-160,61	
821,093	-46,62	
821,312	-264,08	
821,532	-111,51	
821,752	-332,48	
821,972	-323,71	
822,191	-428,93	
822,411	251,51	
822,63	-25,58	
822,85	176,1	
823,07	383,04	
823,289	-178,15	
823,509	-493,82	
823,728	104,2	
823,948	-225,5	
824,167	214,69	
824,387	88,42	
824,606	-178,15	
824,825	28,79	
825,045	39,31	
825,264	-216,73	
825,483	369,01	
825,703	-181,66	
825,922	-274,6	
826,141	88,42	
826,361	-306,17	
826,58	-269,34	
826,799	-309,68	
827,018	263,79	
827,237	-209,72	
827,456	-260,57	
827,676	-262,33	
827,895	190,13	
828,114	-283,37	
828,333	-169,38	
828,552	-350,01	
828,771	-6,28	
828,99	-18,56	
829,209	-209,72	
829,428	-209,72	
829,647	-106,25	
829,866	-306,17	
830,084	-456,99	
830,303	-36,1	
830,522	-57,14	
830,741	214,69	
830,96	304,13	
831,179	204,16	
831,397	0,73	
831,616	49,84	
831,835	-51,88	
832,053	132,26	
832,272	-221,99	
832,491	-60,65	
832,709	304,13	
832,928	-76,43	
833,147	-230,76	
833,365	-243,04	
833,584	-323,71	
833,802	167,33	
834,021	-130,8	
834,239	2,48	
834,458	-218,49	
834,676	-153,6	
834,894	-150,09	
835,113	-186,92	
835,331	-155,35	
835,55	119,98	
835,768	90,17	
835,986	-248,3	
836,204	-127,29	
836,423	-20,31	
836,641	-29,08	
836,859	186,63	
837,077	253,27	
837,296	-122,03	
837,514	132,26	
837,732	7,75	
837,95	-728,82	
838,168	-32,59	
838,386	-283,37	
838,604	-248,3	
838,822	-109,75	
839,04	-29,08	
839,258	79,65	
839,476	-202,7	
839,694	123,49	
839,912	-309,68	
840,13	-500,84	
840,348	-106,25	
840,566	41,07	
840,783	-216,73	
841,001	-290,39	
841,219	-339,49	
841,437	316,4	
841,655	-335,98	
841,872	318,16	
842,09	98,94	
842,308	-153,6	
842,525	107,71	
842,743	76,14	
842,961	-120,28	
843,178	-246,54	
843,396	-36,1	
843,613	381,29	
843,831	-286,88	
844,048	326,92	
844,266	-104,49	
844,483	211,18	
844,701	-127,29	
844,918	48,08	
845,136	-195,69	
845,353	-264,08	
845,57	167,33	
845,788	7,75	
846,005	253,27	
846,222	-355,28	
846,439	-197,44	
846,657	319,91	
846,874	-299,16	
847,091	135,77	
847,308	23,53	
847,526	-58,9	
847,743	-332,48	
847,96	-520,13	
848,177	304,13	
848,394	-464,01	
848,611	-51,88	
848,828	35,81	
849,045	365,51	
849,262	-264,08	
849,479	-265,84	
849,696	207,67	
849,913	-193,93	
850,13	-1,02	
850,347	114,72	
850,564	-32,59	
850,78	-6,28	
850,997	-15,05	
851,214	-157,1	
851,431	-253,56	
851,647	-32,59	
851,864	-323,71	
852,081	-409,64	
852,298	-58,9	
852,514	95,43	
852,731	153,3	
852,948	-620,09	
853,164	-455,24	
853,381	-392,1	
853,597	169,09	
853,814	-72,93	
854,03	-402,63	
854,247	-537,66	
854,463	-148,34	
854,68	-369,31	
854,896	-367,55	
855,113	-248,3	
855,329	184,87	
855,545	-606,06	
855,762	-85,2	
855,978	25,28	
856,194	116,48	
856,411	258,53	
856,627	-272,85	
856,843	-216,73	
857,059	-318,45	
857,275	-595,54	
857,492	274,31	
857,708	-116,77	
857,924	-225,5	
858,14	-136,06	
858,356	48,08	
858,572	-50,13	
858,788	34,05	
859,004	-244,79	
859,22	-595,54	
859,436	-93,97	
859,652	228,72	
859,868	-48,37	
860,084	-271,1	
860,3	605,77	
860,516	-371,06	
860,731	-44,87	
860,947	219,95	
861,163	51,59	
861,379	153,3	
861,595	-365,8	
861,81	-279,87	
862,026	-74,68	
862,242	-158,86	
862,457	-304,42	
862,673	74,39	
862,889	-155,35	
863,104	-113,26	
863,32	-278,11	
863,535	-132,55	
863,751	-248,3	
863,966	-283,37	
864,182	-195,69	
864,397	160,32	
864,613	86,66	
864,828	102,45	
865,044	151,55	
865,259	-229,01	
865,474	32,3	
865,69	-165,87	
865,905	-104,49	
866,12	-202,7	
866,336	132,26	
866,551	141,03	
866,766	-22,07	
866,981	-267,59	
867,196	251,51	
867,412	221,7	
867,627	-162,37	
867,842	-406,13	
868,057	-122,03	
868,272	-136,06	
868,487	148,04	
868,702	-220,24	
868,917	219,95	
869,132	-202,7	
869,347	-241,28	
869,562	-232,51	
869,777	393,57	
869,992	-439,45	
870,207	-334,23	
870,422	-297,4	
870,636	-153,6	
870,851	-64,16	
871,066	-99,23	
871,281	-18,56	
871,495	4,24	
871,71	-137,81	
871,925	-514,86	
872,14	-181,66	
872,354	240,99	
872,569	-44,87	
872,783	-193,93	
872,998	-118,52	
873,213	-137,81	
873,427	-200,95	
873,642	-255,31	
873,856	-250,05	
874,071	-25,58	
874,285	-555,2	
874,5	-193,93	
874,714	-332,48	
874,928	363,75	
875,143	-527,14	
875,357	-314,94	
875,571	-435,95	
875,786	-237,78	
876	127	
876,214	-132,55	
876,429	-8,04	
876,643	207,67	
876,857	-64,16	
877,071	-74,68	
877,285	-320,2	
877,499	-188,67	
877,714	-307,93	
877,928	-290,39	
878,142	-165,87	
878,356	-176,4	
878,57	-397,37	
878,784	-404,38	
878,998	155,06	
879,212	493,53	
879,426	-44,87	
879,639	-474,53	
879,853	-29,08	
880,067	188,38	
880,281	-137,81	
880,495	-304,42	
880,709	-593,78	
880,922	193,64	
881,136	144,54	
881,35	-702,51	
881,564	-44,87	
881,777	-64,16	
881,991	-122,03	
882,205	-444,72	
882,418	155,06	
882,632	-241,28	
882,845	183,12	
883,059	-213,22	
883,273	32,3	
883,486	-264,08	
883,7	193,64	
883,913	163,83	
884,126	-93,97	
884,34	77,89	
884,553	118,23	
884,767	-314,94	
884,98	-706,02	
885,193	-139,57	
885,407	251,51	
885,62	116,48	
885,833	-60,65	
886,046	-50,13	
886,26	-313,19	
886,473	-90,46	
886,686	-153,6	
886,899	311,14	
887,112	-465,76	
887,326	-200,95	
887,539	-548,19	
887,752	-218,49	
887,965	114,72	
888,178	-104,49	
888,391	-481,54	
888,604	-255,31	
888,817	-37,85	
889,03	90,17	
889,243	48,08	
889,455	-134,31	
889,668	-286,88	
889,881	25,28	
890,094	4,24	
890,307	-9,79	
890,52	-392,1	
890,732	79,65	
890,945	95,43	
891,158	-335,98	
891,37	18,27	
891,583	-250,05	
891,796	-211,47	
892,008	-118,52	
892,221	335,69	
892,434	-258,82	
892,646	-530,65	
892,859	-2,78	
893,071	412,86	
893,284	-269,34	
893,496	-197,44	
893,709	-8,04	
893,921	-146,58	
894,133	-469,27	
894,346	-199,19	
894,558	-265,84	
894,771	14,76	
894,983	-71,17	
895,195	-464,01	
895,407	-185,16	
895,62	-551,69	
895,832	-158,86	
896,044	-143,07	
896,256	25,28	
896,468	109,46	
896,681	-162,37	
896,893	-36,1	
897,105	-72,93	
897,317	-104,49	
897,529	-6,28	
897,741	-276,36	
897,953	-23,82	
898,165	119,98	
898,377	-102,74	
898,589	-57,14	
898,801	-171,13	
899,013	-27,33	
899,224	37,56	
899,436	-334,23	
899,648	56,85	
899,86	88,42	
900,072	-134,31	
900,283	-57,14	
900,495	-190,43	
900,707	-74,68	
900,919	-16,81	
901,13	88,42	
901,342	-321,95	
901,554	-476,28	
901,765	-151,84	
901,977	-409,64	
902,188	53,34	
902,4	269,05	
902,611	139,28	
902,823	-172,89	
903,034	-100,99	
903,246	267,3	
903,457	132,26	
903,669	148,04	
903,88	125,25	
904,091	-472,78	
904,303	72,63	
904,514	-402,63	
904,725	-36,1	
904,936	46,33	
905,148	-462,25	
905,359	-330,72	
905,57	-300,91	
905,781	-104,49	
905,992	-490,31	
906,204	-393,86	
906,415	-276,36	
906,626	-309,68	
906,837	-400,87	
907,048	-306,17	
907,259	-230,76	
907,47	123,49	
907,681	-79,94	
907,892	81,4	
908,103	-113,26	
908,314	-50,13	
908,525	67,37	
908,735	-132,55	
908,946	-125,54	
909,157	-118,52	
909,368	197,15	
909,579	-23,82	
909,789	5,99	
910	514,57	
910,211	-169,38	
910,421	-130,8	
910,632	-465,76	
910,843	-171,13	
911,053	153,3	
911,264	-304,42	
911,475	-509,6	
911,685	-23,82	
911,896	-93,97	
912,106	-335,98	
912,317	-353,52	
912,527	-15,05	
912,737	-97,48	
912,948	-672,7	
913,158	-383,34	
913,369	46,33	
913,579	-346,51	
913,789	-36,1	
914	-467,51	
914,21	153,3	
914,42	319,91	
914,63	-357,03	
914,841	-41,36	
915,051	188,38	
915,261	53,34	
915,471	-448,22	
915,681	230,47	
915,891	-60,65	
916,101	-2,78	
916,311	-20,31	
916,521	-81,69	
916,731	365,51	
916,941	72,63	
917,151	225,21	
917,361	-165,87	
917,571	-1,02	
917,781	-344,75	
917,991	-211,47	
918,201	349,72	
918,411	-64,16	
918,621	200,66	
918,83	-216,73	
919,04	-76,43	
919,25	-343	
919,46	-500,84	
919,669	-160,61	
919,879	307,63	
920,089	240,99	
920,298	-221,99	
920,508	130,51	
920,717	-407,89	
920,927	53,34	
921,136	-811,24	
921,346	-267,59	
921,555	-441,21	
921,765	-41,36	
921,974	-111,51	
922,184	-190,43	
922,393	474,24	
922,603	286,59	
922,812	-418,41	
923,021	-102,74	
923,23	-62,4	
923,44	-199,19	
923,649	81,4	
923,858	-29,08	
924,067	-267,59	
924,277	-144,83	
924,486	-521,88	
924,695	-339,49	
924,904	98,94	
925,113	-307,93	
925,322	-681,47	
925,531	-115,02	
925,74	-402,63	
925,949	9,5	
926,158	-302,66	
926,367	-132,55	
926,576	-339,49	
926,785	-143,07	
926,994	-29,08	
927,203	-269,34	
927,412	-225,5	
927,621	-248,3	
927,83	-143,07	
928,038	-16,81	
928,247	-9,79	
928,456	137,52	
928,665	-13,3	
928,873	-199,19	
929,082	63,86	
929,291	84,91	
929,499	-76,43	
929,708	69,13	
929,916	-392,1	
930,125	-169,38	
930,333	202,41	
930,542	-351,77	
930,75	-244,79	
930,959	20,02	
931,167	-423,67	
931,376	-132,55	
931,584	-108	
931,793	-362,29	
932,001	218,19	
932,209	-83,45	
932,418	226,96	
932,626	98,94	
932,834	-334,23	
933,042	-243,04	
933,251	-316,69	
933,459	-292,14	
933,667	230,47	
933,875	276,07	
934,083	-92,22	
934,291	-220,24	
934,499	-278,11	
934,707	151,55	
934,915	212,93	
935,123	-115,02	
935,331	-521,88	
935,539	-488,56	
935,747	-293,9	
935,955	-488,56	
936,163	-539,42	
936,371	-262,33	
936,579	-95,72	
936,787	-134,31	
936,995	-243,04	
937,202	-88,71	
937,41	28,79	
937,618	-109,75	
937,826	-213,22	
938,033	-264,08	
938,241	20,02	
938,449	-197,44	
938,656	-435,95	
938,864	-293,9	
939,071	9,5	
939,279	-335,98	
939,486	-100,99	
939,694	-58,9	
939,901	-158,86	
940,109	-151,84	
940,316	-162,37	
940,524	-185,16	
940,731	-321,95	
940,939	-1,02	
941,146	-727,07	
941,353	-269,34	
941,561	235,73	
941,768	51,59	
941,975	-283,37	
942,182	-207,96	
942,39	-30,84	
942,597	0,73	
942,804	-239,53	
943,011	-364,04	
943,218	27,04	
943,425	-136,06	
943,632	-183,41	
943,839	-192,18	
944,046	153,3	
944,253	-136,06	
944,46	-237,78	
944,667	32,3	
944,874	-272,85	
945,081	-51,88	
945,288	-272,85	
945,495	-116,77	
945,702	277,82	
945,909	-288,63	
946,115	-167,63	
946,322	-81,69	
946,529	-151,84	
946,736	109,46	
946,942	-346,51	
947,149	-456,99	
947,356	-64,16	
947,562	-449,98	
947,769	333,94	
947,976	77,89	
948,182	305,88	
948,389	77,89	
948,595	98,94	
948,802	155,06	
949,008	-344,75	
949,215	-34,34	
949,421	-407,89	
949,628	-316,69	
949,834	-141,32	
950,04	42,82	
950,247	-327,22	
950,453	-332,48	
950,659	-434,19	
950,865	-297,4	
951,072	-239,53	
951,278	62,11	
951,484	-332,48	
951,69	-190,43	
951,896	7,75	
952,103	-118,52	
952,309	-6,28	
952,515	-255,31	
952,721	-265,84	
952,927	-50,13	
953,133	-74,68	
953,339	384,8	
953,545	-150,09	
953,751	-404,38	
953,957	-136,06	
954,163	-362,29	
954,369	425,13	
954,574	-2,78	
954,78	-534,16	
954,986	-55,39	
955,192	-46,62	
955,398	53,34	
955,603	-69,42	
955,809	-23,82	
956,015	149,8	
956,22	-320,2	
956,426	-100,99	
956,632	-449,98	
956,837	88,42	
957,043	195,39	
957,248	-649,9	
957,454	-164,12	
957,66	-297,4	
957,865	-234,27	
958,07	70,88	
958,276	219,95	
958,481	-272,85	
958,687	-556,95	
958,892	158,57	
959,097	-172,89	
959,303	90,17	
959,508	76,14	
959,713	-269,34	
959,919	-209,72	
960,124	-313,19	
960,329	39,31	
960,534	-199,19	
960,739	42,82	
960,945	-74,68	
961,15	-211,47	
961,355	-402,63	
961,56	-216,73	
961,765	-253,56	
961,97	51,59	
962,175	-104,49	
962,38	88,42	
962,585	-358,78	
962,79	-79,94	
962,995	-435,95	
963,2	-253,56	
963,404	242,74	
963,609	84,91	
963,814	98,94	
964,019	-13,3	
964,224	-234,27	
964,428	-283,37	
964,633	-527,14	
964,838	-579,75	
965,042	-316,69	
965,247	428,64	
965,452	-746,36	
965,656	91,92	
965,861	-260,57	
966,066	-441,21	
966,27	-460,5	
966,475	-283,37	
966,679	-509,6	
966,884	-427,18	
967,088	-400,87	
967,292	-478,04	
967,497	218,19	
967,701	-53,63	
967,906	86,66	
968,11	-157,1	
968,314	-311,43	
968,518	-232,51	
968,723	265,54	
968,927	-218,49	
969,131	-339,49	
969,335	88,42	
969,539	400,58	
969,744	-676,21	
969,948	207,67	
970,152	-304,42	
970,356	-86,96	
970,56	55,1	
970,764	-350,01	
970,968	-34,34	
971,172	134,01	
971,376	204,16	
971,58	70,88	
971,784	-120,28	
971,988	325,17	
972,192	-8,04	
972,395	90,17	
972,599	-407,89	
972,803	116,48	
973,007	97,19	
973,21	-20,31	
973,414	-83,45	
973,618	-244,79	
973,822	-146,58	
974,025	347,97	
974,229	135,77	
974,432	-4,53	
974,636	-1,02	
974,84	-25,58	
975,043	-104,49	
975,247	286,59	
975,45	-407,89	
975,654	-465,76	
975,857	2,48	
976,06	-158,86	
976,264	95,43	
976,467	-357,03	
976,671	-164,12	
976,874	-88,71	
977,077	-295,65	
977,28	-146,58	
977,484	-649,9	
977,687	-136,06	
977,89	174,35	
978,093	-108	
978,297	-123,78	
978,5	-92,22	
978,703	239,24	
978,906	-55,39	
979,109	-202,7	
979,312	-362,29	
979,515	98,94	
979,718	-137,81	
979,921	13,01	
980,124	-323,71	
980,327	27,04	
980,53	-295,65	
980,733	-214,98	
980,936	267,3	
981,138	46,33	
981,341	165,58	
981,544	-283,37	
981,747	-106,25	
981,949	-243,04	
982,152	77,89	
982,355	81,4	
982,558	-37,85	
982,76	-388,6	
982,963	-250,05	
983,165	-464,01	
983,368	-357,03	
983,571	-171,13	
983,773	-20,31	
983,976	191,89	
984,178	-125,54	
984,381	-36,1	
984,583	-79,94	
984,785	-288,63	
984,988	-74,68	
985,19	118,23	
985,392	-297,4	
985,595	246,25	
985,797	-346,51	
985,999	-134,31	
986,202	-48,37	
986,404	-199,19	
986,606	90,17	
986,808	225,21	
987,01	-143,07	
987,212	307,63	
987,415	-143,07	
987,617	-335,98	
987,819	-106,25	
988,021	383,04	
988,223	130,51	
988,425	-223,75	
988,627	-506,1	
988,829	-16,81	
989,031	4,24	
989,232	193,64	
989,434	-449,98	
989,636	274,31	
989,838	-335,98	
990,04	127	
990,242	0,73	
990,443	-371,06	
990,645	-25,58	
990,847	-81,69	
991,048	-18,56	
991,25	-530,65	
991,452	-60,65	
991,653	-313,19	
991,855	-576,25	
992,057	5,99	
992,258	-313,19	
992,46	219,95	
992,661	-190,43	
992,863	-23,82	
993,064	351,48	
993,265	-341,25	
993,467	-113,26	
993,668	204,16	
993,87	316,4	
994,071	-99,23	
994,272	-162,37	
994,473	-115,02	
994,675	-313,19	
994,876	-411,39	
995,077	-69,42	
995,278	148,04	
995,48	105,95	
995,681	-278,11	
995,882	-39,6	
996,083	-81,69	
996,284	-106,25	
996,485	-253,56	
996,686	107,71	
996,887	69,13	
997,088	-116,77	
997,289	32,3	
997,49	35,81	
997,691	-8,04	
997,892	-83,45	
998,092	-404,38	
998,293	162,07	
998,494	-221,99	
998,695	-136,06	
998,896	62,11	
999,096	-36,1	
999,297	-407,89	
999,498	-218,49	
999,698	-427,18	
999,899	-76,43	
1000,1	-504,34	
1000,3	-448,22	
1000,501	-132,55	
1000,701	-134,31	
1000,902	-302,66	
1001,102	416,36	
1001,303	-144,83	
1001,503	-57,14	
1001,704	-115,02	
1001,904	95,43	
1002,105	-155,35	
1002,305	-22,07	
1002,505	-504,34	
1002,706	-655,16	
1002,906	-504,34	
1003,106	-437,7	
1003,306	-86,96	
1003,507	-78,19	
1003,707	-55,39	
1003,907	-11,55	
1004,107	-136,06	
1004,307	81,4	
1004,507	-339,49	
1004,707	-11,55	
1004,907	-292,14	
1005,107	-79,94	
1005,308	18,27	
1005,507	-483,3	
1005,707	-393,86	
1005,907	-214,98	
1006,107	-185,16	
1006,307	-164,12	
1006,507	-88,71	
1006,707	-146,58	
1006,907	286,59	
1007,106	148,04	
1007,306	4,24	
1007,506	125,25	
1007,706	-60,65	
1007,905	-381,58	
1008,105	-50,13	
1008,305	-23,82	
1008,504	-476,28	
1008,704	125,25	
1008,903	-613,07	
1009,103	151,55	
1009,303	-37,85	
1009,502	-250,05	
1009,702	102,45	
1009,901	98,94	
1010,1	-321,95	
1010,3	-269,34	
1010,499	48,08	
1010,699	-300,91	
1010,898	-600,8	
1011,097	-183,41	
1011,296	-293,9	
1011,496	148,04	
1011,695	391,81	
1011,894	-179,9	
1012,093	98,94	
1012,293	-488,56	
1012,492	-53,63	
1012,691	-325,46	
1012,89	-218,49	
1013,089	-341,25	
1013,288	142,78	
1013,487	-267,59	
1013,686	-188,67	
1013,885	-304,42	
1014,084	-243,04	
1014,283	-99,23	
1014,482	-244,79	
1014,681	-299,16	
1014,88	-255,31	
1015,078	177,86	
1015,277	67,37	
1015,476	-81,69	
1015,675	-137,81	
1015,873	-34,34	
1016,072	-565,72	
1016,271	127	
1016,47	-151,84	
1016,668	-29,08	
1016,867	-383,34	
1017,065	-71,17	
1017,264	-190,43	
1017,463	-327,22	
1017,661	32,3	
1017,86	-243,04	
1018,058	63,86	
1018,256	-304,42	
1018,455	-541,17	
1018,653	-79,94	
1018,852	-127,29	
1019,05	-411,39	
1019,248	246,25	
1019,447	-511,36	
1019,645	-44,87	
1019,843	-297,4	
1020,041	-600,8	
1020,24	-330,72	
1020,438	-130,8	
1020,636	-328,97	
1020,834	-350,01	
1021,032	-8,04	
1021,23	-258,82	
1021,428	-232,51	
1021,626	86,66	
1021,824	-11,55	
1022,022	-364,04	
1022,22	-737,59	
1022,418	-307,93	
1022,616	-221,99	
1022,814	-442,96	
1023,012	-57,14	
1023,21	-307,93	
1023,408	405,84	
1023,606	-344,75	
1023,803	-437,7	
1024,001	221,7	
1024,199	-288,63	
1024,397	-111,51	
1024,594	288,34	
1024,792	-122,03	
1024,99	-202,7	
1025,187	81,4	
1025,385	286,59	
1025,582	-551,69	
1025,78	-16,81	
1025,977	-520,13	
1026,175	-48,37	
1026,372	-486,81	
1026,57	-239,53	
1026,767	463,71	
1026,965	-195,69	
1027,162	-628,86	
1027,359	46,33	
1027,557	-209,72	
1027,754	-383,34	
1027,951	-18,56	
1028,148	-337,74	
1028,346	49,84	
1028,543	-179,9	
1028,74	-379,83	
1028,937	-127,29	
1029,134	-69,42	
1029,331	-130,8	
1029,528	41,07	
1029,725	169,09	
1029,923	-167,63	
1030,12	283,08	
1030,317	-299,16	
1030,513	49,84	
1030,71	-432,44	
1030,907	-123,78	
1031,104	65,62	
1031,301	-421,92	
1031,498	-295,65	
1031,695	-421,92	
1031,892	-565,72	
1032,088	-292,14	
1032,285	-360,54	
1032,482	-192,18	
1032,678	-307,93	
1032,875	37,56	
1033,072	325,17	
1033,268	-276,36	
1033,465	56,85	
1033,662	167,33	
1033,858	65,62	
1034,055	-102,74	
1034,251	-434,19	
1034,448	97,19	
1034,644	-146,58	
1034,84	-193,93	
1035,037	-151,84	
1035,233	-495,57	
1035,43	-427,18	
1035,626	-506,1	
1035,822	-393,86	
1036,019	-99,23	
1036,215	146,29	
1036,411	-232,51	
1036,607	-525,39	
1036,803	-199,19	
1037	-279,87	
1037,196	544,39	
1037,392	-458,75	
1037,588	69,13	
1037,784	77,89	
1037,98	-57,14	
1038,176	-402,63	
1038,372	77,89	
1038,568	-423,67	
1038,764	-218,49	
1038,96	-125,54	
1039,156	-469,27	
1039,352	-323,71	
1039,547	-237,78	
1039,743	-518,37	
1039,939	-113,26	
1040,135	-407,89	
1040,331	-493,82	
1040,526	-418,41	
1040,722	-32,59	
1040,918	-451,73	
1041,113	-132,55	
1041,309	-521,88	
1041,505	69,13	
1041,7	-151,84	
1041,896	249,76	
1042,091	-400,87	
1042,287	-90,46	
1042,482	-13,3	
1042,678	-137,81	
1042,873	105,95	
1043,069	-251,81	
1043,264	121,74	
1043,459	-43,11	
1043,655	-341,25	
1043,85	-123,78	
1044,045	-762,14	
1044,24	-355,28	
1044,436	-465,76	
1044,631	-176,4	
1044,826	-197,44	
1045,021	-197,44	
1045,216	-197,44	
