couleur : cyan
angle source :0
angle capteur :30
source : 6500K
FLMT02171_1:101		
194,658	-1831,33	
194,923	-1831,33	
195,188	-1831,33	
195,453	-1845,36	
195,717	-68,83	
195,982	625,64	
196,247	174,93	
196,512	-288,05	
196,777	-140,74	
197,042	-70,59	
197,307	94,26	
197,572	115,31	
197,837	-126,71	
198,101	-295,06	
198,366	-10,96	
198,631	-23,24	
198,896	-54,8	
199,161	511,65	
199,425	-316,11	
199,69	194,23	
199,955	-23,24	
200,22	-105,66	
200,484	-786,11	
200,749	-60,07	
201,014	92,51	
201,278	-251,22	
201,543	473,07	
201,807	-270,51	
202,072	236,31	
202,337	346,8	
202,601	150,38	
202,866	-472,19	
203,13	-328,39	
203,395	-103,91	
203,659	271,39	
203,924	-300,33	
204,189	46,91	
204,453	62,7	
204,717	-403,8	
204,982	197,73	
205,246	-56,56	
205,511	309,97	
205,775	55,68	
206,04	103,03	
206,304	-281,03	
206,568	-88,12	
206,833	-221,41	
207,097	-32,01	
207,361	-51,3	
207,626	-245,96	
207,89	92,51	
208,154	11,84	
208,419	159,15	
208,683	-198,61	
208,947	62,7	
209,211	294,19	
209,476	131,09	
209,74	278,4	
210,004	597,58	
210,268	231,05	
210,532	504,63	
210,796	239,82	
211,061	-233,68	
211,325	69,71	
211,589	585,31	
211,853	441,5	
212,117	3,07	
212,381	408,18	
212,645	136,35	
212,909	155,64	
213,173	94,26	
213,437	-117,94	
213,701	308,22	
213,965	-51,3	
214,229	336,28	
214,493	267,88	
214,757	-63,57	
215,021	-147,75	
215,285	194,23	
215,549	-295,06	
215,813	-24,99	
216,077	62,7	
216,34	132,84	
216,604	292,43	
216,868	-154,77	
217,132	-416,07	
217,396	273,14	
217,659	104,79	
217,923	436,24	
218,187	-119,69	
218,451	302,96	
218,714	181,95	
218,978	195,98	
219,242	462,55	
219,505	255,61	
219,769	-102,15	
220,033	353,81	
220,296	360,83	
220,56	69,71	
220,824	250,34	
221,087	331,02	
221,351	81,99	
221,614	-124,95	
221,878	-414,32	
222,142	187,21	
222,405	59,19	
222,669	-198,61	
222,932	-133,72	
223,196	385,38	
223,459	180,2	
223,722	127,58	
223,986	-86,37	
224,249	241,58	
224,513	241,58	
224,776	-254,73	
225,04	10,08	
225,303	-265,25	
225,566	218,78	
225,83	359,08	
226,093	110,05	
226,356	-103,91	
226,62	466,05	
226,883	-414,32	
227,146	-316,11	
227,409	-272,27	
227,673	487,1	
227,936	-170,55	
228,199	41,65	
228,462	308,22	
228,725	97,77	
228,989	92,51	
229,252	138,11	
229,515	-130,21	
229,778	245,08	
230,041	304,71	
230,304	-316,11	
230,567	-93,39	
230,83	39,9	
231,093	34,64	
231,356	85,49	
231,619	-91,63	
231,882	-103,91	
232,145	-2,19	
232,408	-91,63	
232,671	-91,63	
232,934	-298,57	
233,197	195,98	
233,46	471,31	
233,723	6,58	
233,986	178,44	
234,249	-328,39	
234,512	76,73	
234,775	199,49	
235,037	55,68	
235,3	-174,06	
235,563	690,53	
235,826	318,74	
236,089	106,54	
236,351	62,7	
236,614	143,37	
236,877	173,18	
237,14	-258,24	
237,402	-84,62	
237,665	157,4	
237,928	29,37	
238,19	-128,46	
238,453	136,35	
238,716	634,41	
238,978	-86,37	
239,241	87,25	
239,503	134,6	
239,766	-26,74	
240,029	271,39	
240,291	-156,52	
240,554	355,57	
240,816	101,28	
241,079	213,52	
241,341	67,96	
241,604	-489,73	
241,866	-282,79	
242,129	-181,07	
242,391	292,43	
242,653	-47,79	
242,916	150,38	
243,178	-26,74	
243,441	360,83	
243,703	124,08	
243,965	-133,72	
244,228	580,04	
244,49	-21,48	
244,752	194,23	
245,015	159,15	
245,277	-259,99	
245,539	-223,16	
245,801	-431,86	
246,064	260,87	
246,326	239,82	
246,588	-165,29	
246,85	536,2	
247,112	-219,65	
247,374	188,96	
247,637	-158,27	
247,899	-321,37	
248,161	211,76	
248,423	-68,83	
248,685	420,46	
248,947	338,03	
249,209	518,66	
249,471	-81,11	
249,733	-172,3	
249,995	-158,27	
250,257	-400,29	
250,519	259,11	
250,781	362,58	
251,043	320,49	
251,305	183,7	
251,567	550,23	
251,829	-32,01	
252,091	89	
252,353	-198,61	
252,615	146,87	
252,876	-40,77	
253,138	288,93	
253,4	-107,42	
253,662	-110,92	
253,924	-558,12	
254,185	41,65	
254,447	-32,01	
254,709	509,9	
254,971	31,13	
255,232	211,76	
255,494	511,65	
255,756	50,42	
256,017	-237,19	
256,279	-468,68	
256,541	24,11	
256,802	-28,5	
257,064	-137,23	
257,326	-214,39	
257,587	122,32	
257,849	183,7	
258,11	80,23	
258,372	-223,16	
258,633	155,64	
258,895	478,33	
259,156	602,84	
259,418	-93,39	
259,679	308,22	
259,941	266,13	
260,202	83,74	
260,464	-179,32	
260,725	99,52	
260,987	132,84	
261,248	76,73	
261,509	217,02	
261,771	187,21	
262,032	38,14	
262,293	322,25	
262,555	136,35	
262,816	336,28	
263,077	-114,43	
263,338	-96,89	
263,6	-477,45	
263,861	-324,88	
264,122	231,05	
264,383	81,99	
264,645	-168,8	
264,906	-88,12	
265,167	-146	
265,428	-17,98	
265,689	-170,55	
265,95	511,65	
266,211	169,67	
266,473	-319,62	
266,734	-114,43	
266,995	57,43	
267,256	171,43	
267,517	-42,53	
267,778	-33,76	
268,039	-37,27	
268,3	508,14	
268,561	50,42	
268,822	-105,66	
269,083	287,17	
269,344	-100,4	
269,604	306,46	
269,865	-312,6	
270,126	252,1	
270,387	132,84	
270,648	-468,68	
270,909	-314,36	
271,17	-40,77	
271,43	437,99	
271,691	332,77	
271,952	-98,65	
272,213	-46,04	
272,473	-435,36	
272,734	250,34	
272,995	-388,01	
273,256	-484,47	
273,516	-184,58	
273,777	-137,23	
274,038	-286,3	
274,298	299,45	
274,559	-63,57	
274,82	-195,1	
275,08	-174,06	
275,341	-568,65	
275,601	-482,71	
275,862	-119,69	
276,122	434,49	
276,383	34,64	
276,643	283,67	
276,904	304,71	
277,164	483,59	
277,425	497,62	
277,685	-95,14	
277,946	96,02	
278,206	-321,37	
278,467	-7,45	
278,727	494,11	
278,987	208,26	
279,248	215,27	
279,508	164,41	
279,768	-32,01	
280,029	-72,34	
280,289	1,32	
280,549	-30,25	
280,81	57,43	
281,07	439,75	
281,33	-275,77	
281,59	522,17	
281,851	46,91	
282,111	-32,01	
282,371	394,15	
282,631	36,39	
282,891	-352,94	
283,151	-209,13	
283,412	53,93	
283,672	132,84	
283,932	136,35	
284,192	-300,33	
284,452	-165,29	
284,712	204,75	
284,972	34,64	
285,232	404,67	
285,492	80,23	
285,752	222,28	
286,012	-0,44	
286,272	-487,97	
286,532	295,94	
286,792	232,81	
287,052	-121,45	
287,312	-70,59	
287,571	-16,22	
287,831	-3,95	
288,091	280,16	
288,351	-405,55	
288,611	-410,81	
288,871	-191,59	
289,13	-251,22	
289,39	195,98	
289,65	48,67	
289,91	555,49	
290,17	359,08	
290,429	-7,45	
290,689	-3,95	
290,949	150,38	
291,208	-84,62	
291,468	-316,11	
291,728	76,73	
291,987	-437,12	
292,247	-153,01	
292,506	543,22	
292,766	171,43	
293,026	-32,01	
293,285	-117,94	
293,545	311,72	
293,804	-135,48	
294,064	450,27	
294,323	208,26	
294,583	-182,83	
294,842	-381	
295,102	232,81	
295,361	532,69	
295,621	236,31	
295,88	332,77	
296,139	-198,61	
296,399	245,08	
296,658	-0,44	
296,917	-303,83	
297,177	-19,73	
297,436	597,58	
297,695	97,77	
297,955	262,62	
298,214	-195,1	
298,473	108,29	
298,732	146,87	
298,992	364,34	
299,251	-156,52	
299,51	-123,2	
299,769	201,24	
300,028	-319,62	
300,287	97,77	
300,547	-314,36	
300,806	232,81	
301,065	-549,35	
301,324	180,2	
301,583	-14,47	
301,842	238,07	
302,101	139,86	
302,36	387,14	
302,619	523,93	
302,878	192,47	
303,137	115,31	
303,396	-35,51	
303,655	392,4	
303,914	383,63	
304,173	92,51	
304,432	169,67	
304,691	-249,47	
304,95	276,65	
305,208	197,73	
305,467	-189,84	
305,726	-607,23	
305,985	-68,83	
306,244	-33,76	
306,503	-14,47	
306,761	146,87	
307,02	-237,19	
307,279	269,64	
307,537	217,02	
307,796	-323,12	
308,055	-235,44	
308,314	-7,45	
308,572	267,88	
308,831	-267	
309,09	427,47	
309,348	253,85	
309,607	-39,02	
309,865	353,81	
310,124	543,22	
310,382	283,67	
310,641	-21,48	
310,9	-331,89	
311,158	176,69	
311,417	32,88	
311,675	-324,88	
311,933	-277,53	
312,192	225,79	
312,45	-256,48	
312,709	-142,49	
312,967	415,19	
313,226	418,7	
313,484	-214,39	
313,742	208,26	
314,001	-51,3	
314,259	388,89	
314,517	253,85	
314,776	-219,65	
315,034	39,9	
315,292	71,46	
315,55	218,78	
315,809	-224,92	
316,067	180,2	
316,325	-160,03	
316,583	157,4	
316,841	-365,21	
317,1	294,19	
317,358	89	
317,616	-323,12	
317,874	-5,7	
318,132	66,2	
318,39	346,8	
318,648	243,33	
318,906	122,32	
319,164	-298,57	
319,422	-202,12	
319,68	-381	
319,938	-156,52	
320,196	-89,88	
320,454	89	
320,712	-235,44	
320,97	-100,4	
321,228	-75,85	
321,486	-337,15	
321,744	1,32	
322,002	-121,45	
322,26	225,79	
322,517	6,58	
322,775	-263,5	
323,033	-172,3	
323,291	-65,33	
323,549	-39,02	
323,806	-158,27	
324,064	-19,73	
324,322	162,66	
324,58	110,05	
324,837	-303,83	
325,095	-209,13	
325,353	430,98	
325,61	45,16	
325,868	355,57	
326,126	-247,71	
326,383	318,74	
326,641	-174,06	
326,898	-230,18	
327,156	204,75	
327,413	85,49	
327,671	92,51	
327,928	17,1	
328,186	234,56	
328,443	-256,48	
328,701	132,84	
328,958	-414,32	
329,216	271,39	
329,473	96,02	
329,731	-96,89	
329,988	266,13	
330,245	-88,12	
330,503	-103,91	
330,76	110,05	
331,017	-102,15	
331,275	150,38	
331,532	92,51	
331,789	346,8	
332,047	11,84	
332,304	-96,89	
332,561	604,6	
332,818	27,62	
333,076	-2,19	
333,333	264,37	
333,59	139,86	
333,847	287,17	
334,104	350,31	
334,361	331,02	
334,618	-26,74	
334,876	339,78	
335,133	-245,96	
335,39	45,16	
335,647	-309,09	
335,904	-116,18	
336,161	-388,01	
336,418	-105,66	
336,675	-163,53	
336,932	-21,48	
337,189	359,08	
337,446	39,9	
337,703	234,56	
337,96	11,84	
338,216	-105,66	
338,473	-281,03	
338,73	-230,18	
338,987	-75,85	
339,244	-198,61	
339,501	132,84	
339,757	-386,26	
340,014	-389,77	
340,271	-39,02	
340,528	85,49	
340,785	269,64	
341,041	-42,53	
341,298	134,6	
341,555	-153,01	
341,811	-305,59	
342,068	313,48	
342,325	-53,05	
342,581	27,62	
342,838	234,56	
343,094	376,61	
343,351	-370,47	
343,608	-286,3	
343,864	153,89	
344,121	-96,89	
344,377	169,67	
344,634	634,41	
344,89	34,64	
345,147	-242,45	
345,403	150,38	
345,66	94,26	
345,916	-321,37	
346,172	-53,05	
346,429	362,58	
346,685	-5,7	
346,942	-72,34	
347,198	-231,93	
347,454	-251,22	
347,711	57,43	
347,967	69,71	
348,223	-68,83	
348,48	-46,04	
348,736	-130,21	
348,992	-116,18	
349,248	27,62	
349,504	34,64	
349,761	-2,19	
350,017	25,87	
350,273	-244,21	
350,529	-263,5	
350,785	111,8	
351,041	-416,07	
351,297	-89,88	
351,554	-105,66	
351,81	-472,19	
352,066	-3,95	
352,322	-128,46	
352,578	732,62	
352,834	-21,48	
353,09	341,54	
353,346	-47,79	
353,602	208,26	
353,858	-247,71	
354,114	-63,57	
354,369	85,49	
354,625	34,64	
354,881	-286,3	
355,137	127,58	
355,393	-410,81	
355,649	-252,98	
355,905	-326,63	
356,16	-130,21	
356,416	174,93	
356,672	-96,89	
356,928	-154,77	
357,183	159,15	
357,439	-352,94	
357,695	-7,45	
357,951	-238,95	
358,206	80,23	
358,462	134,6	
358,718	-114,43	
358,973	202,99	
359,229	-35,51	
359,484	4,82	
359,74	-221,41	
359,996	78,48	
360,251	76,73	
360,507	-193,35	
360,762	131,09	
361,018	183,7	
361,273	59,19	
361,529	-252,98	
361,784	369,6	
362,04	-170,55	
362,295	-28,5	
362,55	-440,62	
362,806	139,86	
363,061	169,67	
363,316	-261,74	
363,572	392,4	
363,827	-186,33	
364,082	416,95	
364,338	76,73	
364,593	-230,18	
364,848	332,77	
365,104	-331,89	
365,359	-40,77	
365,614	-312,6	
365,869	139,86	
366,124	-121,45	
366,38	169,67	
366,635	199,49	
366,89	25,87	
367,145	27,62	
367,4	36,39	
367,655	178,44	
367,91	-521,3	
368,165	-19,73	
368,42	-63,57	
368,675	234,56	
368,93	-89,88	
369,185	411,69	
369,44	13,59	
369,695	59,19	
369,95	-51,3	
370,205	-267	
370,46	145,12	
370,715	139,86	
370,97	145,12	
371,225	411,69	
371,48	294,19	
371,734	-124,95	
371,989	-7,45	
372,244	-594,95	
372,499	138,11	
372,754	367,84	
373,008	-666,85	
373,263	-95,14	
373,518	406,43	
373,773	11,84	
374,027	-223,16	
374,282	3,07	
374,537	236,31	
374,791	322,25	
375,046	92,51	
375,301	392,4	
375,555	180,2	
375,81	-205,62	
376,064	17,1	
376,319	90,76	
376,573	-21,48	
376,828	-465,18	
377,082	-395,03	
377,337	260,87	
377,591	-358,2	
377,846	-368,72	
378,1	141,61	
378,355	148,63	
378,609	515,16	
378,863	-200,36	
379,118	134,6	
379,372	-133,72	
379,627	252,1	
379,881	190,72	
380,135	180,2	
380,389	-270,51	
380,644	-238,95	
380,898	434,49	
381,152	-288,05	
381,407	-251,22	
381,661	92,51	
381,915	448,52	
382,169	160,9	
382,423	59,19	
382,677	-274,02	
382,932	430,98	
383,186	-0,44	
383,44	-270,51	
383,694	-444,13	
383,948	-74,09	
384,202	124,08	
384,456	-0,44	
384,71	-121,45	
384,964	-96,89	
385,218	134,6	
385,472	187,21	
385,726	118,81	
385,98	239,82	
386,234	-102,15	
386,488	-274,02	
386,742	50,42	
386,996	360,83	
387,249	94,26	
387,503	481,84	
387,757	-109,17	
388,011	-35,51	
388,265	166,17	
388,518	8,33	
388,772	-12,71	
389,026	-19,73	
389,28	-10,96	
389,533	-47,79	
389,787	206,5	
390,041	34,64	
390,295	-452,9	
390,548	43,4	
390,802	-39,02	
391,055	131,09	
391,309	360,83	
391,563	-219,65	
391,816	248,59	
392,07	229,3	
392,323	264,37	
392,577	96,02	
392,83	162,66	
393,084	-272,27	
393,337	39,9	
393,591	408,18	
393,844	-114,43	
394,098	-56,56	
394,351	-179,32	
394,604	492,36	
394,858	83,74	
395,111	-16,22	
395,364	34,64	
395,618	113,55	
395,871	-147,75	
396,124	420,46	
396,378	260,87	
396,631	276,65	
396,884	574,78	
397,137	648,44	
397,391	213,52	
397,644	101,28	
397,897	551,99	
398,15	487,1	
398,403	366,09	
398,657	267,88	
398,91	124,08	
399,163	-345,92	
399,416	148,63	
399,669	-337,15	
399,922	83,74	
400,175	162,66	
400,428	110,05	
400,681	-494,99	
400,934	-130,21	
401,187	241,58	
401,44	-203,87	
401,693	-9,21	
401,946	180,2	
402,199	324	
402,452	236,31	
402,704	-168,8	
402,957	96,02	
403,21	22,36	
403,463	-207,38	
403,716	-310,85	
403,969	62,7	
404,221	120,57	
404,474	311,72	
404,727	211,76	
404,98	383,63	
405,232	231,05	
405,485	-42,53	
405,738	60,94	
405,99	-519,54	
406,243	92,51	
406,496	-407,3	
406,748	108,29	
407,001	246,84	
407,253	-39,02	
407,506	143,37	
407,759	367,84	
408,011	96,02	
408,264	490,6	
408,516	415,19	
408,769	387,14	
409,021	267,88	
409,274	236,31	
409,526	381,87	
409,778	111,8	
410,031	494,11	
410,283	536,2	
410,536	50,42	
410,788	-146	
411,04	213,52	
411,293	4,82	
411,545	4,82	
411,797	-438,87	
412,049	371,35	
412,302	464,3	
412,554	-100,4	
412,806	667,73	
413,058	229,3	
413,311	588,81	
413,563	101,28	
413,815	338,03	
414,067	413,44	
414,319	674,75	
414,571	-137,23	
414,823	134,6	
415,075	371,35	
415,328	269,64	
415,58	241,58	
415,832	-128,46	
416,084	557,25	
416,336	651,95	
416,588	124,08	
416,84	92,51	
417,091	548,48	
417,343	348,55	
417,595	315,23	
417,847	232,81	
418,099	487,1	
418,351	445,01	
418,603	-181,07	
418,855	174,93	
419,106	364,34	
419,358	702,81	
419,61	250,34	
419,862	553,74	
420,114	287,17	
420,365	697,54	
420,617	416,95	
420,869	853,63	
421,12	118,81	
421,372	813,29	
421,624	594,07	
421,875	808,03	
422,127	811,54	
422,379	841,35	
422,63	725,6	
422,882	727,36	
423,133	704,56	
423,385	629,15	
423,636	823,81	
423,888	646,69	
424,139	846,61	
424,391	716,84	
424,642	309,97	
424,894	818,55	
425,145	988,66	
425,396	601,09	
425,648	844,86	
425,899	578,29	
426,151	948,33	
426,402	904,48	
426,653	576,54	
426,905	892,21	
427,156	1337,65	
427,407	922,02	
427,658	1346,42	
427,91	1402,54	
428,161	876,42	
428,412	804,52	
428,663	1299,07	
428,914	893,96	
429,166	964,11	
429,417	1500,75	
429,668	1064,07	
429,919	1612,99	
430,17	1499	
430,421	1428,85	
430,672	1209,63	
430,923	1018,48	
431,174	1455,15	
431,425	1404,3	
431,676	1151,76	
431,927	1537,58	
432,178	1837,47	
432,429	1470,94	
432,68	1991,79	
432,931	1991,79	
433,182	1918,14	
433,433	1577,92	
433,683	1193,85	
433,934	1767,32	
434,185	1932,17	
434,436	2288,17	
434,687	2149,63	
434,937	2184,7	
435,188	2289,93	
435,439	2428,47	
435,69	2054,93	
435,94	2698,55	
436,191	2379,37	
436,442	2421,46	
436,692	2949,33	
436,943	2973,88	
437,194	2747,65	
437,444	3065,08	
437,695	3012,46	
437,945	2547,73	
438,196	2872,17	
438,447	3203,62	
438,697	3103,66	
438,948	2894,96	
439,198	3173,81	
439,449	3424,59	
439,699	3445,63	
439,949	3877,05	
440,2	3396,53	
440,45	3764,81	
440,701	3745,52	
440,951	3478,95	
441,201	4196,23	
441,452	4492,61	
441,702	4361,08	
441,952	3952,46	
442,203	4317,24	
442,453	4387,38	
442,703	4455,78	
442,953	4105,03	
443,204	4231,3	
443,454	4890,7	
443,704	5009,96	
443,954	4625,89	
444,204	5267,76	
444,455	5271,26	
444,705	5488,73	
444,955	5723,72	
445,205	5465,93	
445,455	5713,2	
445,705	6009,58	
445,955	5971	
446,205	5653,58	
446,455	6330,51	
446,705	6398,91	
446,955	6490,1	
447,205	6291,93	
447,455	6432,23	
447,705	6353,31	
447,955	7081,11	
448,205	7154,77	
448,454	7596,7	
448,704	7161,78	
448,954	7230,18	
449,204	7328,38	
449,454	7870,29	
449,704	7487,97	
449,953	7912,37	
450,203	8261,37	
450,453	8422,71	
450,703	8059,69	
450,952	8282,41	
451,202	8585,81	
451,452	7847,49	
451,701	8194,72	
451,951	9122,45	
452,201	8633,16	
452,45	9234,68	
452,7	8538,46	
452,949	8764,69	
453,199	8966,36	
453,448	8454,28	
453,698	8871,66	
453,947	9125,95	
454,197	8706,81	
454,446	9343,42	
454,696	8796,25	
454,945	8976,89	
455,195	9052,3	
455,444	8943,57	
455,693	9406,55	
455,943	8961,1	
456,192	9018,98	
456,442	8619,13	
456,691	8761,18	
456,94	8424,46	
457,189	8966,36	
457,439	8552,48	
457,688	8078,98	
457,937	7905,36	
458,186	8052,67	
458,436	8596,33	
458,685	8045,66	
458,934	7833,46	
459,183	7761,55	
459,432	8301,7	
459,681	7307,34	
459,93	7933,42	
460,179	8057,93	
460,429	7633,53	
460,678	7170,55	
460,927	7181,07	
461,176	7463,42	
461,425	7412,56	
461,674	7105,66	
461,923	6607,6	
462,172	7352,94	
462,42	6909,24	
462,669	6356,82	
462,918	6477,83	
463,167	7224,91	
463,416	6961,86	
463,665	6260,36	
463,914	6477,83	
464,162	6002,57	
464,411	6782,98	
464,66	6605,85	
464,909	6223,54	
465,158	5960,48	
465,406	6504,13	
465,655	5979,77	
465,904	5704,43	
466,152	6007,83	
466,401	6269,13	
466,65	5755,29	
466,898	5788,61	
467,147	5436,11	
467,395	6121,82	
467,644	5760,55	
467,893	5792,12	
468,141	5622,01	
468,39	5737,75	
468,638	5294,06	
468,887	5625,52	
469,135	5343,17	
469,384	5641,3	
469,632	5593,95	
469,88	5472,94	
470,129	5320,37	
470,377	5290,55	
470,626	4636,41	
470,874	4932,79	
471,122	5211,64	
471,371	5283,54	
471,619	4776,71	
471,867	4527,68	
472,115	4917,01	
472,364	4475,07	
472,612	4566,26	
472,86	4338,28	
473,108	4880,18	
473,356	4580,29	
473,605	4548,73	
473,853	4801,26	
474,101	4178,69	
474,349	4743,39	
474,597	4783,73	
474,845	4589,06	
475,093	4238,32	
475,341	4462,8	
475,589	4938,05	
475,837	4369,85	
476,085	4366,34	
476,333	4664,47	
476,581	4092,76	
476,829	4604,85	
477,077	4675	
477,325	4133,09	
477,573	4029,62	
477,821	4038,39	
478,069	4006,83	
478,317	4420,71	
478,564	3998,06	
478,812	4136,6	
479,06	4059,44	
479,308	4036,64	
479,555	3977,01	
479,803	4517,16	
480,051	3747,27	
480,299	4266,38	
480,546	3764,81	
480,794	4471,56	
481,042	4043,65	
481,289	4415,44	
481,537	3920,89	
481,784	4073,47	
482,032	4582,05	
482,28	4501,38	
482,527	3726,23	
482,775	3906,86	
483,022	3891,08	
483,27	4646,94	
483,517	4143,62	
483,765	4489,1	
484,012	4418,95	
484,259	4231,3	
484,507	3936,68	
484,754	4392,65	
485,002	4159,4	
485,249	4243,58	
485,496	3984,03	
485,744	4745,15	
485,991	4320,74	
486,238	4012,09	
486,486	4517,16	
486,733	4513,65	
486,98	4659,21	
487,227	5025,74	
487,474	4699,55	
487,722	4068,21	
487,969	4112,05	
488,216	4527,68	
488,463	4901,23	
488,71	4552,24	
488,957	4425,97	
489,204	5057,31	
489,451	4603,09	
489,699	4862,64	
489,946	4780,22	
490,193	4920,52	
490,44	4864,4	
490,687	4948,58	
490,934	4808,28	
491,18	4946,82	
491,427	5315,11	
491,674	4522,42	
491,921	4806,53	
492,168	4645,18	
492,415	4871,41	
492,662	4631,15	
492,909	4946,82	
493,155	4808,28	
493,402	5239,7	
493,649	4371,6	
493,896	4741,64	
494,142	5116,94	
494,389	5192,35	
494,636	5015,22	
494,883	4962,61	
495,129	5376,49	
495,376	5304,58	
495,623	5099,4	
495,869	5436,11	
496,116	5251,97	
496,362	5420,33	
496,609	5450,14	
496,855	5362,46	
497,102	4794,25	
497,348	4908,24	
497,595	5753,54	
497,841	4815,29	
498,088	5258,99	
498,334	5230,93	
498,581	5230,93	
498,827	5306,34	
499,074	5553,61	
499,32	5697,42	
499,566	5865,78	
499,813	5546,6	
500,059	5686,9	
500,305	5736	
500,552	6109,54	
500,798	5369,47	
501,044	5564,14	
501,29	5501	
501,537	6118,31	
501,783	5429,1	
502,029	5813,16	
502,275	5341,41	
502,521	5474,7	
502,767	6256,86	
503,013	6116,56	
503,26	6142,86	
503,506	5827,19	
503,752	5437,87	
503,998	5923,65	
504,244	5930,66	
504,49	5869,28	
504,736	6132,34	
504,982	5471,19	
505,228	5911,37	
505,474	6132,34	
505,72	6335,77	
505,966	5344,92	
506,211	5481,71	
506,457	6167,42	
506,703	6554,99	
506,949	5443,13	
507,195	5495,74	
507,441	6314,73	
507,686	5779,84	
507,932	6307,72	
508,178	6256,86	
508,424	6055,18	
508,669	5811,41	
508,915	6270,89	
509,161	6267,38	
509,406	5832,46	
509,652	5769,32	
509,898	6062,19	
510,143	5962,23	
510,389	5767,57	
510,634	5778,09	
510,88	6072,72	
511,125	5243,2	
511,371	6404,17	
511,616	6130,59	
511,862	6297,19	
512,107	5613,24	
512,353	5956,97	
512,598	5765,81	
512,844	6011,34	
513,089	6100,78	
513,335	6116,56	
513,58	6113,05	
513,825	5846,49	
514,071	5814,92	
514,316	5855,25	
514,561	6179,69	
514,806	5778,09	
515,052	6307,72	
515,297	6032,38	
515,542	5746,52	
515,787	5653,58	
516,033	6118,31	
516,278	5878,05	
516,523	5618,5	
516,768	5751,78	
517,013	6081,48	
517,258	5551,86	
517,503	6049,92	
517,748	5509,77	
517,993	5548,35	
518,238	6155,14	
518,483	5522,05	
518,728	5771,07	
518,973	5907,87	
519,218	5937,68	
519,463	6128,84	
519,708	5762,31	
519,953	5732,49	
520,198	5387,01	
520,443	5725,48	
520,688	5188,84	
520,933	5739,51	
521,177	5776,34	
521,422	5636,04	
521,667	5355,44	
521,912	5679,88	
522,157	5355,44	
522,401	5448,39	
522,646	5388,76	
522,891	5451,9	
523,135	5486,97	
523,38	5297,57	
523,625	5560,63	
523,869	5408,05	
524,114	5611,49	
524,358	6018,35	
524,603	5471,19	
524,848	5216,9	
525,092	5064,32	
525,337	5541,34	
525,581	5162,53	
525,826	4734,62	
526,07	5690,4	
526,315	5278,28	
526,559	5429,1	
526,803	5495,74	
527,048	5485,22	
527,292	5067,83	
527,537	5581,67	
527,781	5166,04	
528,025	4995,93	
528,269	4846,86	
528,514	4869,66	
528,758	4971,38	
529,002	5164,29	
529,247	5130,96	
529,491	5257,23	
529,735	4994,17	
529,979	5188,84	
530,223	4853,88	
530,467	4536,45	
530,712	5483,46	
530,956	4727,61	
531,2	4831,08	
531,444	4689,03	
531,688	4497,87	
531,932	5420,33	
532,176	4818,8	
532,42	4224,29	
532,664	4525,93	
532,908	5530,81	
533,152	4392,65	
533,396	5043,28	
533,64	5064,32	
533,884	4706,56	
534,128	4203,24	
534,371	4576,79	
534,615	4727,61	
534,859	4429,47	
535,103	4373,36	
535,347	4639,92	
535,59	4357,57	
535,834	4496,12	
536,078	4536,45	
536,322	4515,41	
536,565	4185,71	
536,809	4134,85	
537,053	4618,88	
537,296	3996,3	
537,54	4203,24	
537,784	3968,24	
538,027	4455,78	
538,271	4855,63	
538,514	3919,14	
538,758	4029,62	
539,001	4245,33	
539,245	4176,94	
539,488	4092,76	
539,732	4413,69	
539,975	4038,39	
540,219	4355,82	
540,462	4262,87	
540,706	4273,39	
540,949	3948,95	
541,192	4280,41	
541,436	3826,19	
541,679	3999,81	
541,922	3521,04	
542,166	3847,24	
542,409	4008,58	
542,652	3393,02	
542,895	4068,21	
543,139	3791,12	
543,382	4098,02	
543,625	3870,04	
543,868	4045,41	
544,111	3654,33	
544,354	4024,36	
544,598	3692,91	
544,841	3582,42	
545,084	4290,93	
545,327	4282,16	
545,57	3754,29	
545,813	3340,41	
546,056	3396,53	
546,299	3498,25	
546,542	3719,22	
546,785	3485,97	
547,028	4085,74	
547,271	3650,82	
547,514	3364,96	
547,756	3450,9	
547,999	3247,46	
548,242	3319,37	
548,485	3442,13	
548,728	3396,53	
548,971	3128,21	
549,213	3461,42	
549,456	3426,34	
549,699	3203,62	
549,942	3173,81	
550,184	3310,6	
550,427	3540,34	
550,67	3378,99	
550,912	3249,22	
551,155	3235,19	
551,398	3121,19	
551,64	3270,26	
551,883	3189,59	
552,125	2703,81	
552,368	3117,69	
552,61	2819,55	
552,853	3233,43	
553,095	2786,23	
553,338	2863,4	
553,58	2800,26	
553,823	2749,4	
554,065	2921,27	
554,308	2830,08	
554,55	2577,54	
554,792	3086,12	
555,035	2686,27	
555,277	2908,99	
555,519	2723,1	
555,762	2453,02	
556,004	2809,03	
556,246	2310,97	
556,488	2898,47	
556,731	2531,94	
556,973	2824,81	
557,215	2645,93	
557,457	2344,29	
557,699	2959,85	
557,941	2531,94	
558,183	2267,13	
558,426	2054,93	
558,668	2289,93	
558,91	2303,96	
559,152	2549,48	
559,394	2461,79	
559,636	2265,38	
559,878	1825,19	
560,12	2400,41	
560,362	2323,25	
560,604	2556,49	
560,845	2226,79	
561,087	2524,93	
561,329	2619,63	
561,571	1816,42	
561,813	2225,04	
562,055	2631,9	
562,297	2079,48	
562,538	2474,07	
562,78	2268,88	
563,022	2195,23	
563,264	2275,9	
563,505	2438,99	
563,747	1990,04	
563,989	2421,46	
564,23	2012,84	
564,472	2035,64	
564,714	1958,47	
564,955	2505,64	
565,197	2068,96	
565,438	2072,47	
565,68	1763,81	
565,921	1998,81	
566,163	2118,06	
566,404	2409,18	
566,646	1940,94	
566,887	2119,82	
567,129	2128,59	
567,37	1683,14	
567,612	1691,91	
567,853	1979,52	
568,094	1886,57	
568,336	2323,25	
568,577	2261,87	
568,818	1784,85	
569,06	2068,96	
569,301	2545,97	
569,542	2111,05	
569,783	2007,58	
570,025	1744,52	
570,266	2226,79	
570,507	2268,88	
570,748	2307,47	
570,989	1879,56	
571,23	1990,04	
571,472	1804,15	
571,713	2060,19	
571,954	1949,71	
572,195	1925,15	
572,436	2151,38	
572,677	1409,56	
572,918	1337,65	
573,159	1598,96	
573,4	1969	
573,641	1632,28	
573,882	1907,62	
574,123	1755,04	
574,364	1756,8	
574,604	1853,25	
574,845	1895,34	
575,086	1476,2	
575,327	1444,63	
575,568	1874,3	
575,809	1577,92	
576,049	1949,71	
576,29	1748,03	
576,531	2184,7	
576,771	1377,99	
577,012	1360,45	
577,253	1612,99	
577,494	1542,84	
577,734	1541,09	
577,975	1050,04	
578,215	2058,44	
578,456	1178,07	
578,697	1591,95	
578,937	1463,92	
579,178	1562,13	
579,418	1411,31	
579,659	1385,01	
579,899	1223,66	
580,14	2004,07	
580,38	1884,82	
580,62	1742,77	
580,861	1737,5	
581,101	1376,24	
581,342	1870,79	
581,582	1604,22	
581,822	1516,53	
582,063	1165,79	
582,303	1434,11	
582,543	1572,65	
582,783	1123,7	
583,024	1185,08	
583,264	1178,07	
583,504	1151,76	
583,744	1311,35	
583,984	1395,53	
584,224	1525,3	
584,465	1781,35	
584,705	1399,04	
584,945	1392,02	
585,185	445,01	
585,425	1397,28	
585,665	1349,93	
585,905	1358,7	
586,145	1372,73	
586,385	1628,77	
586,625	1658,59	
586,865	1674,37	
587,105	776,46	
587,345	1411,31	
587,585	1293,81	
587,824	1365,71	
588,064	1120,19	
588,304	1467,43	
588,544	1314,86	
588,784	1583,18	
589,024	1491,98	
589,263	1295,57	
589,503	967,62	
589,743	1344,67	
589,982	1053,55	
590,222	1534,07	
590,462	1004,45	
590,701	1178,07	
590,941	1099,15	
591,181	1237,69	
591,42	1025,49	
591,66	1332,39	
591,899	1111,42	
592,139	1211,39	
592,378	709,82	
592,618	1044,78	
592,857	957,1	
593,097	1127,21	
593,336	1502,51	
593,576	1086,87	
593,815	1392,02	
594,055	937,81	
594,294	892,21	
594,533	1300,83	
594,773	1086,87	
595,012	1120,19	
595,251	1558,62	
595,491	1549,86	
595,73	1193,85	
595,969	1272,77	
596,208	1106,16	
596,447	1150,01	
596,687	1251,72	
596,926	932,54	
597,165	1071,09	
597,404	1228,92	
597,643	1132,47	
597,882	1088,63	
598,121	809,78	
598,36	1004,45	
598,599	1342,92	
598,838	1102,66	
599,077	1448,14	
599,316	1530,56	
599,555	1195,6	
599,794	1057,06	
600,033	1535,83	
600,272	1158,77	
600,511	1114,93	
600,75	664,22	
600,989	1271,01	
601,228	925,53	
601,466	623,89	
601,705	1167,54	
601,944	1281,54	
602,183	1213,14	
602,422	974,63	
602,66	1016,72	
602,899	1320,12	
603,138	997,43	
603,376	1346,42	
603,615	1423,59	
603,854	1241,2	
604,092	736,13	
604,331	1086,87	
604,569	1339,41	
604,808	883,44	
605,047	1055,3	
605,285	1006,2	
605,524	834,34	
605,762	1213,14	
606	1023,74	
606,239	797,51	
606,477	1134,22	
606,716	1318,36	
606,954	995,68	
607,193	862,39	
607,431	1120,19	
607,669	913,25	
607,908	1065,83	
608,146	809,78	
608,384	1062,32	
608,622	1071,09	
608,861	746,65	
609,099	851,87	
609,337	727,36	
609,575	1358,7	
609,813	1029	
610,052	881,69	
610,29	611,61	
610,528	730,87	
610,766	566,02	
611,004	478,33	
611,242	786,98	
611,48	490,6	
611,718	1416,57	
611,956	888,7	
612,194	672,99	
612,432	813,29	
612,67	771,2	
612,908	571,28	
613,146	853,63	
613,384	999,19	
613,621	911,5	
613,859	153,89	
614,097	671,24	
614,335	551,99	
614,573	790,49	
614,811	753,66	
615,048	739,63	
615,286	551,99	
615,524	976,39	
615,761	716,84	
615,999	881,69	
616,237	411,69	
616,474	1134,22	
616,712	371,35	
616,95	872,92	
617,187	520,42	
617,425	958,85	
617,662	425,72	
617,9	687,02	
618,137	843,1	
618,375	981,65	
618,612	632,66	
618,85	583,55	
619,087	813,29	
619,325	227,55	
619,562	665,98	
619,799	483,59	
620,037	964,11	
620,274	802,77	
620,511	608,1	
620,749	715,08	
620,986	771,2	
621,223	664,22	
621,461	520,42	
621,698	281,91	
621,935	357,32	
622,172	346,8	
622,409	976,39	
622,647	883,44	
622,884	592,32	
623,121	402,92	
623,358	422,21	
623,595	455,53	
623,832	683,51	
624,069	713,33	
624,306	390,64	
624,543	224,04	
624,78	367,84	
625,017	369,6	
625,254	951,83	
625,491	513,4	
625,728	245,08	
625,965	829,07	
626,202	492,36	
626,438	446,76	
626,675	627,4	
626,912	213,52	
627,149	588,81	
627,386	869,41	
627,622	299,45	
627,859	755,42	
628,096	1000,94	
628,333	736,13	
628,569	522,17	
628,806	906,24	
629,043	727,36	
629,279	716,84	
629,516	413,44	
629,752	611,61	
629,989	627,4	
630,225	404,67	
630,462	722,1	
630,699	715,08	
630,935	273,14	
631,171	457,28	
631,408	376,61	
631,644	609,86	
631,881	371,35	
632,117	518,66	
632,354	757,17	
632,59	604,6	
632,826	774,71	
633,063	588,81	
633,299	160,9	
633,535	581,8	
633,771	38,14	
634,008	506,39	
634,244	329,26	
634,48	553,74	
634,716	276,65	
634,953	352,06	
635,189	174,93	
635,425	343,29	
635,661	332,77	
635,897	681,76	
636,133	539,71	
636,369	557,25	
636,605	490,6	
636,841	559	
637,077	255,61	
637,313	399,41	
637,549	790,49	
637,785	487,1	
638,021	331,02	
638,257	671,24	
638,493	290,68	
638,729	457,28	
638,965	604,6	
639,2	739,63	
639,436	215,27	
639,672	562,51	
639,908	357,32	
640,144	-151,26	
640,379	587,06	
640,615	520,42	
640,851	357,32	
641,086	241,58	
641,322	327,51	
641,558	299,45	
641,793	150,38	
642,029	736,13	
642,264	-51,3	
642,5	839,6	
642,736	566,02	
642,971	285,42	
643,207	487,1	
643,442	145,12	
643,678	909,75	
643,913	867,66	
644,148	36,39	
644,384	566,02	
644,619	674,75	
644,855	495,87	
645,09	597,58	
645,325	473,07	
645,561	64,45	
645,796	136,35	
646,031	359,08	
646,266	31,13	
646,502	653,7	
646,737	-105,66	
646,972	-9,21	
647,207	434,49	
647,442	89	
647,678	360,83	
647,913	869,41	
648,148	285,42	
648,383	339,78	
648,618	425,72	
648,853	285,42	
649,088	199,49	
649,323	232,81	
649,558	544,97	
649,793	239,82	
650,028	394,15	
650,263	387,14	
650,498	448,52	
650,733	204,75	
650,968	581,8	
651,202	167,92	
651,437	729,11	
651,672	771,2	
651,907	346,8	
652,142	262,62	
652,376	655,46	
652,611	694,04	
652,846	501,13	
653,081	271,39	
653,315	418,7	
653,55	180,2	
653,785	34,64	
654,019	334,52	
654,254	25,87	
654,488	127,58	
654,723	460,79	
654,958	-126,71	
655,192	194,23	
655,427	183,7	
655,661	445,01	
655,896	481,84	
656,13	634,41	
656,364	425,72	
656,599	262,62	
656,833	306,46	
657,068	359,08	
657,302	155,64	
657,536	541,46	
657,771	36,39	
658,005	495,87	
658,239	-123,2	
658,474	-175,81	
658,708	199,49	
658,942	69,71	
659,176	537,96	
659,41	559	
659,645	578,29	
659,879	138,11	
660,113	-70,59	
660,347	2035,64	
660,581	583,55	
660,815	176,69	
661,049	-184,58	
661,283	630,9	
661,517	241,58	
661,751	430,98	
661,985	-130,21	
662,219	162,66	
662,453	-7,45	
662,687	-117,94	
662,921	-247,71	
663,155	267,88	
663,389	378,37	
663,622	-242,45	
663,856	17,1	
664,09	-138,98	
664,324	69,71	
664,558	-32,01	
664,791	148,63	
665,025	-289,8	
665,259	104,79	
665,492	-217,9	
665,726	113,55	
665,96	-60,07	
666,193	415,19	
666,427	-151,26	
666,661	434,49	
666,894	-396,78	
667,128	-124,95	
667,361	287,17	
667,595	246,84	
667,828	504,63	
668,062	176,69	
668,295	-396,78	
668,529	318,74	
668,762	185,46	
668,995	210,01	
669,229	501,13	
669,462	113,55	
669,695	-86,37	
669,929	32,88	
670,162	-238,95	
670,395	-47,79	
670,629	164,41	
670,862	345,05	
671,095	-103,91	
671,328	-270,51	
671,561	139,86	
671,795	204,75	
672,028	308,22	
672,261	-56,56	
672,494	-9,21	
672,727	567,77	
672,96	283,67	
673,193	73,22	
673,426	6,58	
673,659	64,45	
673,892	167,92	
674,125	-54,8	
674,358	418,7	
674,591	-428,35	
674,824	301,2	
675,057	-221,41	
675,29	437,99	
675,523	-47,79	
675,755	360,83	
675,988	381,87	
676,221	-9,21	
676,454	601,09	
676,687	-53,05	
676,919	559	
677,152	190,72	
677,385	-79,36	
677,617	-124,95	
677,85	53,93	
678,083	29,37	
678,315	-172,3	
678,548	-289,8	
678,78	-175,81	
679,013	457,28	
679,246	-95,14	
679,478	239,82	
679,711	467,81	
679,943	248,59	
680,175	388,89	
680,408	-54,8	
680,64	157,4	
680,873	173,18	
681,105	257,36	
681,338	162,66	
681,57	-88,12	
681,802	173,18	
682,034	-44,28	
682,267	-167,04	
682,499	171,43	
682,731	141,61	
682,964	527,43	
683,196	-124,95	
683,428	245,08	
683,66	74,97	
683,892	557,25	
684,124	-182,83	
684,356	346,8	
684,589	101,28	
684,821	702,81	
685,053	-170,55	
685,285	350,31	
685,517	-82,86	
685,749	390,64	
685,981	206,5	
686,213	-103,91	
686,445	-119,69	
686,676	-403,8	
686,908	96,02	
687,14	-244,21	
687,372	708,07	
687,604	487,1	
687,836	478,33	
688,068	60,94	
688,299	20,61	
688,531	171,43	
688,763	106,54	
688,995	476,58	
689,226	32,88	
689,458	143,37	
689,69	229,3	
689,921	3,07	
690,153	80,23	
690,384	92,51	
690,616	-44,28	
690,848	159,15	
691,079	15,35	
691,311	173,18	
691,542	132,84	
691,774	-58,31	
692,005	141,61	
692,237	739,63	
692,468	-75,85	
692,699	297,7	
692,931	-65,33	
693,162	-140,74	
693,393	-279,28	
693,625	-70,59	
693,856	-5,7	
694,087	-184,58	
694,319	143,37	
694,55	139,86	
694,781	-210,89	
695,012	129,34	
695,243	-331,89	
695,475	499,37	
695,706	648,44	
695,937	-158,27	
696,168	264,37	
696,399	25,87	
696,63	-267	
696,861	92,51	
697,092	-195,1	
697,323	183,7	
697,554	211,76	
697,785	238,07	
698,016	178,44	
698,247	-242,45	
698,478	104,79	
698,709	-302,08	
698,94	-137,23	
699,171	43,4	
699,401	394,15	
699,632	-277,53	
699,863	-105,66	
700,094	-219,65	
700,325	-126,71	
700,555	739,63	
700,786	334,52	
701,017	192,47	
701,247	71,46	
701,478	248,59	
701,709	-54,8	
701,939	190,72	
702,17	429,22	
702,401	241,58	
702,631	348,55	
702,862	-249,47	
703,092	308,22	
703,323	-358,2	
703,553	-44,28	
703,784	225,79	
704,014	355,57	
704,244	234,56	
704,475	241,58	
704,705	4,82	
704,936	290,68	
705,166	225,79	
705,396	-272,27	
705,627	422,21	
705,857	306,46	
706,087	22,36	
706,317	-231,93	
706,548	-235,44	
706,778	336,28	
707,008	215,27	
707,238	-105,66	
707,468	-0,44	
707,698	-293,31	
707,928	245,08	
708,158	57,43	
708,389	41,65	
708,619	45,16	
708,849	192,47	
709,079	27,62	
709,309	269,64	
709,539	245,08	
709,768	-135,48	
709,998	-395,03	
710,228	-28,5	
710,458	-82,86	
710,688	104,79	
710,918	-202,12	
711,148	-72,34	
711,378	87,25	
711,607	-3,95	
711,837	-95,14	
712,067	34,64	
712,297	-19,73	
712,526	-135,48	
712,756	-146	
712,986	-226,67	
713,215	52,17	
713,445	220,53	
713,674	-110,92	
713,904	55,68	
714,134	-261,74	
714,363	-149,51	
714,593	-167,04	
714,822	-203,87	
715,052	3,07	
715,281	131,09	
715,511	-33,76	
715,74	-98,65	
715,969	150,38	
716,199	380,12	
716,428	-286,3	
716,657	-210,89	
716,887	164,41	
717,116	-153,01	
717,345	-70,59	
717,575	234,56	
717,804	-39,02	
718,033	-216,15	
718,262	-81,11	
718,492	-196,86	
718,721	204,75	
718,95	-342,42	
719,179	-3,95	
719,408	-223,16	
719,637	-102,15	
719,866	181,95	
720,095	-221,41	
720,324	345,05	
720,553	-151,26	
720,782	225,79	
721,011	129,34	
721,24	-107,42	
721,469	-235,44	
721,698	-293,31	
721,927	-49,54	
722,156	124,08	
722,385	180,2	
722,613	-388,01	
722,842	111,8	
723,071	-494,99	
723,3	-65,33	
723,529	134,6	
723,757	-296,82	
723,986	-631,78	
724,215	-286,3	
724,443	18,85	
724,672	-35,51	
724,901	-138,98	
725,129	-182,83	
725,358	-119,69	
725,586	-342,42	
725,815	-21,48	
726,043	392,4	
726,272	192,47	
726,5	357,32	
726,729	20,61	
726,957	-168,8	
727,186	38,14	
727,414	-349,43	
727,642	-358,2	
727,871	336,28	
728,099	459,04	
728,327	32,88	
728,556	73,22	
728,784	508,14	
729,012	-526,56	
729,241	60,94	
729,469	-163,53	
729,697	-479,21	
729,925	96,02	
730,153	-161,78	
730,381	-717,71	
730,61	-163,53	
730,838	4,82	
731,066	-142,49	
731,294	-49,54	
731,522	-44,28	
731,75	-149,51	
731,978	197,73	
732,206	22,36	
732,434	-326,63	
732,662	173,18	
732,89	29,37	
733,118	-238,95	
733,346	266,13	
733,573	8,33	
733,801	32,88	
734,029	-84,62	
734,257	-565,14	
734,485	-32,01	
734,712	-105,66	
734,94	-86,37	
735,168	-182,83	
735,396	-44,28	
735,623	-65,33	
735,851	27,62	
736,078	89	
736,306	-231,93	
736,534	-226,67	
736,761	-359,95	
736,989	178,44	
737,216	-124,95	
737,444	473,07	
737,671	-33,76	
737,899	334,52	
738,126	232,81	
738,354	-407,3	
738,581	488,85	
738,809	69,71	
739,036	-30,25	
739,263	146,87	
739,491	-81,11	
739,718	341,54	
739,945	-109,17	
740,173	-12,71	
740,4	-259,99	
740,627	-177,56	
740,854	-352,94	
741,081	187,21	
741,309	336,28	
741,536	-252,98	
741,763	-93,39	
741,99	22,36	
742,217	-68,83	
742,444	-417,83	
742,671	-140,74	
742,898	-349,43	
743,125	-203,87	
743,352	900,98	
743,579	110,05	
743,806	-333,65	
744,033	-161,78	
744,26	-42,53	
744,487	197,73	
744,714	-289,8	
744,941	-160,03	
745,167	48,67	
745,394	-49,54	
745,621	360,83	
745,848	-75,85	
746,075	329,26	
746,301	139,86	
746,528	-358,2	
746,755	-465,18	
746,981	-95,14	
747,208	-130,21	
747,435	227,55	
747,661	199,49	
747,888	-303,83	
748,114	64,45	
748,341	281,91	
748,567	204,75	
748,794	-286,3	
749,02	-68,83	
749,247	97,77	
749,473	118,81	
749,7	574,78	
749,926	459,04	
750,152	-530,06	
750,379	357,32	
750,605	350,31	
750,831	136,35	
751,058	-9,21	
751,284	78,48	
751,51	-242,45	
751,737	266,13	
751,963	267,88	
752,189	-412,56	
752,415	-172,3	
752,641	-100,4	
752,867	-158,27	
753,094	97,77	
753,32	13,59	
753,546	401,16	
753,772	-114,43	
753,998	11,84	
754,224	-207,38	
754,45	38,14	
754,676	-284,54	
754,902	211,76	
755,128	316,99	
755,354	4,82	
755,579	176,69	
755,805	-437,12	
756,031	-119,69	
756,257	-144,24	
756,483	-177,56	
756,709	97,77	
756,934	180,2	
757,16	-42,53	
757,386	211,76	
757,612	253,85	
757,837	55,68	
758,063	-68,83	
758,289	-42,53	
758,514	-119,69	
758,74	132,84	
758,965	329,26	
759,191	48,67	
759,416	-445,88	
759,642	-193,35	
759,868	-281,03	
760,093	-231,93	
760,318	-17,98	
760,544	-156,52	
760,769	-188,09	
760,995	-491,48	
761,22	-512,53	
761,445	453,78	
761,671	334,52	
761,896	-81,11	
762,121	-210,89	
762,347	-466,93	
762,572	436,24	
762,797	-142,49	
763,022	138,11	
763,248	17,1	
763,473	222,28	
763,698	-53,05	
763,923	60,94	
764,148	-114,43	
764,373	260,87	
764,598	183,7	
764,823	229,3	
765,048	338,03	
765,273	362,58	
765,498	-42,53	
765,723	-88,12	
765,948	-160,03	
766,173	-42,53	
766,398	-195,1	
766,623	532,69	
766,848	-131,97	
767,073	-231,93	
767,298	73,22	
767,522	-210,89	
767,747	-98,65	
767,972	3,07	
768,197	48,67	
768,421	-226,67	
768,646	-207,38	
768,871	-312,6	
769,095	-128,46	
769,32	-231,93	
769,545	211,76	
769,769	-149,51	
769,994	-254,73	
770,218	-167,04	
770,443	-133,72	
770,667	-126,71	
770,892	50,42	
771,116	-58,31	
771,341	245,08	
771,565	206,5	
771,79	-39,02	
772,014	-235,44	
772,238	-124,95	
772,463	31,13	
772,687	81,99	
772,911	-219,65	
773,136	173,18	
773,36	-14,47	
773,584	60,94	
773,808	8,33	
774,033	-86,37	
774,257	183,7	
774,481	-245,96	
774,705	96,02	
774,929	-7,45	
775,153	138,11	
775,377	-147,75	
775,602	-407,3	
775,826	103,03	
776,05	-35,51	
776,274	-261,74	
776,498	-330,14	
776,722	185,46	
776,945	64,45	
777,169	-491,48	
777,393	-156,52	
777,617	31,13	
777,841	-153,01	
778,065	-256,48	
778,289	-56,56	
778,512	215,27	
778,736	274,9	
778,96	-175,81	
779,184	183,7	
779,407	318,74	
779,631	117,06	
779,855	-109,17	
780,078	27,62	
780,302	69,71	
780,526	67,96	
780,749	-226,67	
780,973	-135,48	
781,196	420,46	
781,42	-21,48	
781,643	-110,92	
781,867	-223,16	
782,09	11,84	
782,314	-326,63	
782,537	132,84	
782,76	-151,26	
782,984	10,08	
783,207	-496,74	
783,431	36,39	
783,654	-330,14	
783,877	-303,83	
784,1	-272,27	
784,324	97,77	
784,547	-56,56	
784,77	-456,41	
784,993	-181,07	
785,216	238,07	
785,44	-242,45	
785,663	125,83	
785,886	-323,12	
786,109	69,71	
786,332	406,43	
786,555	-138,98	
786,778	-17,98	
787,001	-337,15	
787,224	-372,23	
787,447	-179,32	
787,67	-333,65	
787,893	-184,58	
788,116	-691,41	
788,339	-295,06	
788,561	-384,5	
788,784	-153,01	
789,007	-226,67	
789,23	222,28	
789,453	-0,44	
789,675	17,1	
789,898	150,38	
790,121	18,85	
790,344	92,51	
790,566	234,56	
790,789	-107,42	
791,012	-19,73	
791,234	89	
791,457	129,34	
791,679	-54,8	
791,902	-205,62	
792,124	-466,93	
792,347	-500,25	
792,569	-195,1	
792,792	-245,96	
793,014	-416,07	
793,237	36,39	
793,459	-363,46	
793,681	-98,65	
793,904	-0,44	
794,126	-153,01	
794,348	-186,33	
794,571	269,64	
794,793	459,04	
795,015	-147,75	
795,237	-203,87	
795,46	-149,51	
795,682	-296,82	
795,904	-275,77	
796,126	-389,77	
796,348	402,92	
796,57	257,36	
796,792	145,12	
797,014	-58,31	
797,237	-117,94	
797,459	-216,15	
797,681	-146	
797,903	180,2	
798,124	-86,37	
798,346	136,35	
798,568	-224,92	
798,79	-3,95	
799,012	-114,43	
799,234	127,58	
799,456	-426,59	
799,678	-330,14	
799,899	295,94	
800,121	190,72	
800,343	297,7	
800,565	210,01	
800,786	350,31	
801,008	52,17	
801,23	-410,81	
801,451	306,46	
801,673	767,69	
801,895	94,26	
802,116	443,25	
802,338	-96,89	
802,559	-47,79	
802,781	8,33	
803,002	22,36	
803,224	-91,63	
803,445	-274,02	
803,667	66,2	
803,888	-17,98	
804,109	73,22	
804,331	195,98	
804,552	-196,86	
804,773	264,37	
804,995	-507,27	
805,216	57,43	
805,437	171,43	
805,658	94,26	
805,88	-149,51	
806,101	-167,04	
806,322	69,71	
806,543	46,91	
806,764	-107,42	
806,985	415,19	
807,207	62,7	
807,428	202,99	
807,649	117,06	
807,87	-51,3	
808,091	136,35	
808,312	-284,54	
808,533	-274,02	
808,754	-426,59	
808,975	-89,88	
809,195	-342,42	
809,416	-5,7	
809,637	66,2	
809,858	-140,74	
810,079	-445,88	
810,3	31,13	
810,52	171,43	
810,741	-5,7	
810,962	-589,69	
811,183	-237,19	
811,403	-16,22	
811,624	274,9	
811,845	508,14	
812,065	202,99	
812,286	-224,92	
812,506	366,09	
812,727	20,61	
812,948	-293,31	
813,168	-333,65	
813,389	-267	
813,609	217,02	
813,83	90,76	
814,05	-368,72	
814,27	-121,45	
814,491	76,73	
814,711	-17,98	
814,931	-0,44	
815,152	110,05	
815,372	239,82	
815,592	-112,68	
815,813	-12,71	
816,033	-274,02	
816,253	218,78	
816,473	276,65	
816,694	-238,95	
816,914	-49,54	
817,134	-74,09	
817,354	-189,84	
817,574	46,91	
817,794	346,8	
818,014	-372,23	
818,234	-710,7	
818,454	143,37	
818,674	106,54	
818,894	211,76	
819,114	-442,38	
819,334	187,21	
819,554	67,96	
819,774	-435,36	
819,994	-175,81	
820,214	83,74	
820,433	152,14	
820,653	-19,73	
820,873	-179,32	
821,093	-102,15	
821,312	-238,95	
821,532	-79,36	
821,752	-277,53	
821,972	-345,92	
822,191	-402,04	
822,411	118,81	
822,63	39,9	
822,85	180,2	
823,07	383,63	
823,289	-121,45	
823,509	-417,83	
823,728	78,48	
823,948	-146	
824,167	331,02	
824,387	71,46	
824,606	-107,42	
824,825	118,81	
825,045	-14,47	
825,264	-224,92	
825,483	423,96	
825,703	-68,83	
825,922	-312,6	
826,141	129,34	
826,361	-333,65	
826,58	-198,61	
826,799	-323,12	
827,018	264,37	
827,237	-209,13	
827,456	-275,77	
827,676	-303,83	
827,895	160,9	
828,114	-381	
828,333	-102,15	
828,552	-279,28	
828,771	-19,73	
828,99	139,86	
829,209	-163,53	
829,428	-174,06	
829,647	-95,14	
829,866	-186,33	
830,084	-393,27	
830,303	1,32	
830,522	-32,01	
830,741	246,84	
830,96	474,82	
831,179	181,95	
831,397	164,41	
831,616	8,33	
831,835	-60,07	
832,053	43,4	
832,272	-161,78	
832,491	4,82	
832,709	241,58	
832,928	67,96	
833,147	-186,33	
833,365	-165,29	
833,584	-314,36	
833,802	148,63	
834,021	-61,82	
834,239	39,9	
834,458	-131,97	
834,676	-144,24	
834,894	-263,5	
835,113	-210,89	
835,331	-65,33	
835,55	87,25	
835,768	99,52	
835,986	-342,42	
836,204	-21,48	
836,423	1,32	
836,641	92,51	
836,859	245,08	
837,077	423,96	
837,296	17,1	
837,514	195,98	
837,732	97,77	
837,95	-698,42	
838,168	-51,3	
838,386	-131,97	
838,604	-161,78	
838,822	-35,51	
839,04	78,48	
839,258	194,23	
839,476	-140,74	
839,694	115,31	
839,912	-256,48	
840,13	-516,03	
840,348	-184,58	
840,566	45,16	
840,783	-216,15	
841,001	-293,31	
841,219	-261,74	
841,437	320,49	
841,655	-359,95	
841,872	273,14	
842,09	-28,5	
842,308	-212,64	
842,525	141,61	
842,743	39,9	
842,961	-28,5	
843,178	-228,42	
843,396	29,37	
843,613	350,31	
843,831	-352,94	
844,048	399,41	
844,266	-23,24	
844,483	181,95	
844,701	-270,51	
844,918	71,46	
845,136	-186,33	
845,353	-212,64	
845,57	252,1	
845,788	106,54	
846,005	262,62	
846,222	-258,24	
846,439	-188,09	
846,657	287,17	
846,874	-224,92	
847,091	117,06	
847,308	-10,96	
847,526	-133,72	
847,743	-281,03	
847,96	-540,59	
848,177	352,06	
848,394	-324,88	
848,611	-95,14	
848,828	143,37	
849,045	399,41	
849,262	-224,92	
849,479	-181,07	
849,696	190,72	
849,913	-103,91	
850,13	129,34	
850,347	-24,99	
850,564	-42,53	
850,78	52,17	
850,997	3,07	
851,214	-44,28	
851,431	-124,95	
851,647	-95,14	
851,864	-314,36	
852,081	-349,43	
852,298	-93,39	
852,514	76,73	
852,731	253,85	
852,948	-572,15	
853,164	-505,51	
853,381	-405,55	
853,597	174,93	
853,814	-105,66	
854,03	-363,46	
854,247	-498,5	
854,463	-263,5	
854,68	-284,54	
854,896	-267	
855,113	-182,83	
855,329	178,44	
855,545	-612,49	
855,762	-23,24	
855,978	48,67	
856,194	97,77	
856,411	229,3	
856,627	-209,13	
856,843	-149,51	
857,059	-347,68	
857,275	-523,05	
857,492	257,36	
857,708	-95,14	
857,924	-72,34	
858,14	-121,45	
858,356	99,52	
858,572	-51,3	
858,788	117,06	
859,004	-149,51	
859,22	-531,82	
859,436	-189,84	
859,652	355,57	
859,868	57,43	
860,084	-163,53	
860,3	715,08	
860,516	-393,27	
860,731	-33,76	
860,947	231,05	
861,163	53,93	
861,379	283,67	
861,595	-372,23	
861,81	-228,42	
862,026	-63,57	
862,242	-282,79	
862,457	-198,61	
862,673	-24,99	
862,889	-114,43	
863,104	6,58	
863,32	-191,59	
863,535	-107,42	
863,751	-216,15	
863,966	-286,3	
864,182	-154,77	
864,397	60,94	
864,613	96,02	
864,828	188,96	
865,044	217,02	
865,259	-102,15	
865,474	85,49	
865,69	-114,43	
865,905	-189,84	
866,12	-112,68	
866,336	201,24	
866,551	150,38	
866,766	78,48	
866,981	-344,17	
867,196	199,49	
867,412	281,91	
867,627	-114,43	
867,842	-302,08	
868,057	-144,24	
868,272	-9,21	
868,487	122,32	
868,702	-103,91	
868,917	160,9	
869,132	-117,94	
869,347	-272,27	
869,562	-191,59	
869,777	287,17	
869,992	-424,84	
870,207	-256,48	
870,422	-238,95	
870,636	-251,22	
870,851	38,14	
871,066	74,97	
871,281	-61,82	
871,495	3,07	
871,71	-98,65	
871,925	-479,21	
872,14	-156,52	
872,354	252,1	
872,569	-12,71	
872,783	-224,92	
872,998	-114,43	
873,213	-131,97	
873,427	-140,74	
873,642	-252,98	
873,856	-154,77	
874,071	-65,33	
874,285	-442,38	
874,5	-214,39	
874,714	-428,35	
874,928	402,92	
875,143	-409,06	
875,357	-238,95	
875,571	-437,12	
875,786	-252,98	
876	159,15	
876,214	-93,39	
876,429	125,83	
876,643	211,76	
876,857	-60,07	
877,071	-72,34	
877,285	-286,3	
877,499	-224,92	
877,714	-238,95	
877,928	-219,65	
878,142	-233,68	
878,356	-98,65	
878,57	-410,81	
878,784	-330,14	
878,998	131,09	
879,212	513,4	
879,426	20,61	
879,639	-384,5	
879,853	-116,18	
880,067	96,02	
880,281	-32,01	
880,495	-365,21	
880,709	-680,88	
880,922	152,14	
881,136	264,37	
881,35	-658,09	
881,564	-32,01	
881,777	-14,47	
881,991	-9,21	
882,205	-398,53	
882,418	217,02	
882,632	-181,07	
882,845	174,93	
883,059	-198,61	
883,273	80,23	
883,486	-175,81	
883,7	195,98	
883,913	118,81	
884,126	-72,34	
884,34	148,63	
884,553	90,76	
884,767	-274,02	
884,98	-638,79	
885,193	-138,98	
885,407	266,13	
885,62	143,37	
885,833	-35,51	
886,046	-81,11	
886,26	-256,48	
886,473	-42,53	
886,686	-202,12	
886,899	210,01	
887,112	-345,92	
887,326	-167,04	
887,539	-424,84	
887,752	-210,89	
887,965	132,84	
888,178	18,85	
888,391	-540,59	
888,604	-209,13	
888,817	20,61	
889,03	220,53	
889,243	18,85	
889,455	-175,81	
889,668	-284,54	
889,881	-60,07	
890,094	39,9	
890,307	36,39	
890,52	-403,8	
890,732	99,52	
890,945	173,18	
891,158	-296,82	
891,37	-0,44	
891,583	-258,24	
891,796	-105,66	
892,008	-149,51	
892,221	316,99	
892,434	-288,05	
892,646	-530,06	
892,859	17,1	
893,071	383,63	
893,284	-319,62	
893,496	-189,84	
893,709	71,46	
893,921	-68,83	
894,133	-409,06	
894,346	-219,65	
894,558	-214,39	
894,771	6,58	
894,983	-35,51	
895,195	-542,34	
895,407	-251,22	
895,62	-623,01	
895,832	-130,21	
896,044	-340,66	
896,256	134,6	
896,468	167,92	
896,681	-63,57	
896,893	-170,55	
897,105	4,82	
897,317	-24,99	
897,529	6,58	
897,741	-252,98	
897,953	81,99	
898,165	190,72	
898,377	-61,82	
898,589	-77,6	
898,801	-196,86	
899,013	-110,92	
899,224	111,8	
899,436	-393,27	
899,648	13,59	
899,86	59,19	
900,072	108,29	
900,283	-116,18	
900,495	-186,33	
900,707	-14,47	
900,919	53,93	
901,13	225,79	
901,342	-244,21	
901,554	-419,58	
901,765	-91,63	
901,977	-370,47	
902,188	62,7	
902,4	294,19	
902,611	143,37	
902,823	-123,2	
903,034	-102,15	
903,246	273,14	
903,457	269,64	
903,669	145,12	
903,88	138,11	
904,091	-388,01	
904,303	10,08	
904,514	-398,53	
904,725	1,32	
904,936	64,45	
905,148	-437,12	
905,359	-349,43	
905,57	-242,45	
905,781	-196,86	
905,992	-551,11	
906,204	-405,55	
906,415	-249,47	
906,626	-205,62	
906,837	-361,71	
907,048	-212,64	
907,259	-35,51	
907,47	71,46	
907,681	-146	
907,892	71,46	
908,103	-51,3	
908,314	-67,08	
908,525	20,61	
908,735	-39,02	
908,946	80,23	
909,157	-75,85	
909,368	43,4	
909,579	27,62	
909,789	57,43	
910	509,9	
910,211	-147,75	
910,421	-49,54	
910,632	-554,62	
910,843	-210,89	
911,053	197,73	
911,264	-172,3	
911,475	-428,35	
911,685	17,1	
911,896	20,61	
912,106	-428,35	
912,317	-230,18	
912,527	-53,05	
912,737	-19,73	
912,948	-610,74	
913,158	-396,78	
913,369	66,2	
913,579	-331,89	
913,789	115,31	
914	-449,39	
914,21	232,81	
914,42	264,37	
914,63	-356,44	
914,841	-93,39	
915,051	157,4	
915,261	104,79	
915,471	-303,83	
915,681	248,59	
915,891	-54,8	
916,101	32,88	
916,311	-7,45	
916,521	8,33	
916,731	341,54	
916,941	69,71	
917,151	183,7	
917,361	-137,23	
917,571	45,16	
917,781	-366,97	
917,991	-259,99	
918,201	273,14	
918,411	-107,42	
918,621	183,7	
918,83	-160,03	
919,04	-46,04	
919,25	-235,44	
919,46	-531,82	
919,669	-214,39	
919,879	241,58	
920,089	173,18	
920,298	-261,74	
920,508	185,46	
920,717	-317,86	
920,927	162,66	
921,136	-773,83	
921,346	-128,46	
921,555	-507,27	
921,765	-142,49	
921,974	-24,99	
922,184	-124,95	
922,393	366,09	
922,603	373,11	
922,812	-482,71	
923,021	-135,48	
923,23	-10,96	
923,44	-326,63	
923,649	206,5	
923,858	-21,48	
924,067	-142,49	
924,277	-128,46	
924,486	-549,35	
924,695	-321,37	
924,904	87,25	
925,113	-240,7	
925,322	-724,73	
925,531	-124,95	
925,74	-361,71	
925,949	110,05	
926,158	-272,27	
926,367	-226,67	
926,576	-340,66	
926,785	-96,89	
926,994	8,33	
927,203	-267	
927,412	-198,61	
927,621	-195,1	
927,83	-154,77	
928,038	-56,56	
928,247	31,13	
928,456	-12,71	
928,665	3,07	
928,873	-116,18	
929,082	160,9	
929,291	113,55	
929,499	-74,09	
929,708	138,11	
929,916	-286,3	
930,125	-203,87	
930,333	192,47	
930,542	-289,8	
930,75	-149,51	
930,959	-32,01	
931,167	-368,72	
931,376	-142,49	
931,584	-146	
931,793	-237,19	
932,001	127,58	
932,209	-65,33	
932,418	180,2	
932,626	83,74	
932,834	-365,21	
933,042	-221,41	
933,251	-412,56	
933,459	-212,64	
933,667	227,55	
933,875	238,07	
934,083	-58,31	
934,291	-245,96	
934,499	-198,61	
934,707	134,6	
934,915	248,59	
935,123	-103,91	
935,331	-519,54	
935,539	-444,13	
935,747	-249,47	
935,955	-395,03	
936,163	-470,44	
936,371	-252,98	
936,579	-33,76	
936,787	-40,77	
936,995	-195,1	
937,202	-24,99	
937,41	34,64	
937,618	-95,14	
937,826	-60,07	
938,033	-274,02	
938,241	4,82	
938,449	-95,14	
938,656	-444,13	
938,864	-321,37	
939,071	-0,44	
939,279	-321,37	
939,486	1,32	
939,694	-19,73	
939,901	-151,26	
940,109	-137,23	
940,316	-70,59	
940,524	-147,75	
940,731	-245,96	
940,939	-146	
941,146	-700,18	
941,353	-228,42	
941,561	430,98	
941,768	83,74	
941,975	-298,57	
942,182	-189,84	
942,39	81,99	
942,597	89	
942,804	-228,42	
943,011	-331,89	
943,218	34,64	
943,425	-124,95	
943,632	-131,97	
943,839	-265,25	
944,046	166,17	
944,253	-74,09	
944,46	-217,9	
944,667	-7,45	
944,874	-186,33	
945,081	-5,7	
945,288	-244,21	
945,495	-123,2	
945,702	262,62	
945,909	-272,27	
946,115	-140,74	
946,322	24,11	
946,529	-170,55	
946,736	-5,7	
946,942	-316,11	
947,149	-452,9	
947,356	-75,85	
947,562	-479,21	
947,769	385,38	
947,976	125,83	
948,182	324	
948,389	73,22	
948,595	113,55	
948,802	167,92	
949,008	-284,54	
949,215	13,59	
949,421	-395,03	
949,628	-256,48	
949,834	-116,18	
950,04	173,18	
950,247	-372,23	
950,453	-247,71	
950,659	-405,55	
950,865	-303,83	
951,072	-209,13	
951,278	129,34	
951,484	-195,1	
951,69	-158,27	
951,896	11,84	
952,103	-28,5	
952,309	106,54	
952,515	-263,5	
952,721	-223,16	
952,927	-26,74	
953,133	-200,36	
953,339	487,1	
953,545	-16,22	
953,751	-424,84	
953,957	-28,5	
954,163	-373,98	
954,369	457,28	
954,574	-23,24	
954,78	-531,82	
954,986	-67,08	
955,192	-33,76	
955,398	-14,47	
955,603	36,39	
955,809	-70,59	
956,015	155,64	
956,22	-323,12	
956,426	-95,14	
956,632	-312,6	
956,837	13,59	
957,043	129,34	
957,248	-579,17	
957,454	-205,62	
957,66	-345,92	
957,865	-259,99	
958,07	-40,77	
958,276	285,42	
958,481	-244,21	
958,687	-458,16	
958,892	238,07	
959,097	-49,54	
959,303	113,55	
959,508	160,9	
959,713	-188,09	
959,919	-249,47	
960,124	-224,92	
960,329	38,14	
960,534	-130,21	
960,739	122,32	
960,945	-61,82	
961,15	-274,02	
961,355	-352,94	
961,56	-359,95	
961,765	-240,7	
961,97	104,79	
962,175	10,08	
962,38	50,42	
962,585	-433,61	
962,79	-79,36	
962,995	-459,91	
963,2	-181,07	
963,404	167,92	
963,609	122,32	
963,814	134,6	
964,019	67,96	
964,224	-263,5	
964,428	-323,12	
964,633	-486,22	
964,838	-498,5	
965,042	-331,89	
965,247	316,99	
965,452	-744,02	
965,656	148,63	
965,861	-277,53	
966,066	-405,55	
966,27	-295,06	
966,475	-259,99	
966,679	-551,11	
966,884	-524,8	
967,088	-375,74	
967,292	-403,8	
967,497	118,81	
967,701	-2,19	
967,906	132,84	
968,11	-282,79	
968,314	-338,91	
968,518	-238,95	
968,723	320,49	
968,927	-256,48	
969,131	-352,94	
969,335	134,6	
969,539	413,44	
969,744	-608,98	
969,948	271,39	
970,152	-300,33	
970,356	-56,56	
970,56	66,2	
970,764	-298,57	
970,968	-61,82	
971,172	238,07	
971,376	220,53	
971,58	162,66	
971,784	-107,42	
971,988	332,77	
972,192	-10,96	
972,395	141,61	
972,599	-351,18	
972,803	124,08	
973,007	159,15	
973,21	-2,19	
973,414	-60,07	
973,618	-295,06	
973,822	-124,95	
974,025	281,91	
974,229	120,57	
974,432	-61,82	
974,636	59,19	
974,84	10,08	
975,043	-74,09	
975,247	392,4	
975,45	-361,71	
975,654	-496,74	
975,857	18,85	
976,06	-86,37	
976,264	55,68	
976,467	-317,86	
976,671	-252,98	
976,874	-75,85	
977,077	-335,4	
977,28	-116,18	
977,484	-552,86	
977,687	-126,71	
977,89	150,38	
978,093	-196,86	
978,297	-75,85	
978,5	-189,84	
978,703	269,64	
978,906	46,91	
979,109	-147,75	
979,312	-252,98	
979,515	238,07	
979,718	-167,04	
979,921	4,82	
980,124	-365,21	
980,327	160,9	
980,53	-389,77	
980,733	-221,41	
980,936	299,45	
981,138	-168,8	
981,341	185,46	
981,544	-223,16	
981,747	-103,91	
981,949	-142,49	
982,152	206,5	
982,355	117,06	
982,558	-102,15	
982,76	-438,87	
982,963	-89,88	
983,165	-559,88	
983,368	-279,28	
983,571	-149,51	
983,773	36,39	
983,976	259,11	
984,178	-158,27	
984,381	-35,51	
984,583	89	
984,785	-221,41	
984,988	-137,23	
985,19	99,52	
985,392	-252,98	
985,595	309,97	
985,797	-359,95	
985,999	-188,09	
986,202	66,2	
986,404	-144,24	
986,606	-28,5	
986,808	232,81	
987,01	-24,99	
987,212	313,48	
987,415	-138,98	
987,617	-358,2	
987,819	-119,69	
988,021	338,03	
988,223	89	
988,425	-179,32	
988,627	-459,91	
988,829	38,14	
989,031	97,77	
989,232	236,31	
989,434	-412,56	
989,636	246,84	
989,838	-293,31	
990,04	266,13	
990,242	78,48	
990,443	-459,91	
990,645	13,59	
990,847	-81,11	
991,048	-17,98	
991,25	-519,54	
991,452	-93,39	
991,653	-189,84	
991,855	-591,44	
992,057	50,42	
992,258	-281,03	
992,46	215,27	
992,661	-84,62	
992,863	29,37	
993,064	146,87	
993,265	-263,5	
993,467	-82,86	
993,668	283,67	
993,87	322,25	
994,071	-130,21	
994,272	-54,8	
994,473	-137,23	
994,675	-275,77	
994,876	-414,32	
995,077	-184,58	
995,278	97,77	
995,48	53,93	
995,681	-275,77	
995,882	-17,98	
996,083	-89,88	
996,284	-91,63	
996,485	-209,13	
996,686	131,09	
996,887	-44,28	
997,088	-74,09	
997,289	87,25	
997,49	97,77	
997,691	-33,76	
997,892	-16,22	
998,092	-363,46	
998,293	197,73	
998,494	-196,86	
998,695	-98,65	
998,896	85,49	
999,096	-172,3	
999,297	-361,71	
999,498	-207,38	
999,698	-302,08	
999,899	34,64	
1000,1	-437,12	
1000,3	-363,46	
1000,501	-153,01	
1000,701	-70,59	
1000,902	-196,86	
1001,102	359,08	
1001,303	-91,63	
1001,503	34,64	
1001,704	-165,29	
1001,904	90,76	
1002,105	-147,75	
1002,305	-74,09	
1002,505	-375,74	
1002,706	-661,59	
1002,906	-400,29	
1003,106	-452,9	
1003,306	-128,46	
1003,507	-124,95	
1003,707	-26,74	
1003,907	-77,6	
1004,107	-103,91	
1004,307	169,67	
1004,507	-305,59	
1004,707	73,22	
1004,907	-256,48	
1005,107	34,64	
1005,308	-88,12	
1005,507	-528,31	
1005,707	-395,03	
1005,907	-226,67	
1006,107	-203,87	
1006,307	-128,46	
1006,507	18,85	
1006,707	-191,59	
1006,907	274,9	
1007,106	83,74	
1007,306	-68,83	
1007,506	145,12	
1007,706	-44,28	
1007,905	-333,65	
1008,105	-196,86	
1008,305	-63,57	
1008,504	-289,8	
1008,704	96,02	
1008,903	-658,09	
1009,103	153,89	
1009,303	-161,78	
1009,502	-244,21	
1009,702	11,84	
1009,901	80,23	
1010,1	-112,68	
1010,3	-319,62	
1010,499	118,81	
1010,699	-121,45	
1010,898	-437,12	
1011,097	-196,86	
1011,296	-230,18	
1011,496	181,95	
1011,695	485,34	
1011,894	-195,1	
1012,093	125,83	
1012,293	-365,21	
1012,492	34,64	
1012,691	-252,98	
1012,89	-46,04	
1013,089	-295,06	
1013,288	199,49	
1013,487	-224,92	
1013,686	-252,98	
1013,885	-247,71	
1014,084	-161,78	
1014,283	-12,71	
1014,482	-221,41	
1014,681	-284,54	
1014,88	-223,16	
1015,078	210,01	
1015,277	52,17	
1015,476	-184,58	
1015,675	-265,25	
1015,873	13,59	
1016,072	-459,91	
1016,271	89	
1016,47	-121,45	
1016,668	10,08	
1016,867	-466,93	
1017,065	-128,46	
1017,264	-209,13	
1017,463	-324,88	
1017,661	8,33	
1017,86	-230,18	
1018,058	53,93	
1018,256	-389,77	
1018,455	-577,41	
1018,653	-3,95	
1018,852	-17,98	
1019,05	-377,49	
1019,248	243,33	
1019,447	-377,49	
1019,645	-9,21	
1019,843	-279,28	
1020,041	-565,14	
1020,24	-377,49	
1020,438	-151,26	
1020,636	-342,42	
1020,834	-231,93	
1021,032	32,88	
1021,23	-284,54	
1021,428	-100,4	
1021,626	55,68	
1021,824	-60,07	
1022,022	-405,55	
1022,22	-647,56	
1022,418	-240,7	
1022,616	-175,81	
1022,814	-412,56	
1023,012	-46,04	
1023,21	-317,86	
1023,408	401,16	
1023,606	-361,71	
1023,803	-309,09	
1024,001	218,78	
1024,199	-237,19	
1024,397	-70,59	
1024,594	331,02	
1024,792	6,58	
1024,99	-267	
1025,187	17,1	
1025,385	290,68	
1025,582	-589,69	
1025,78	-63,57	
1025,977	-463,42	
1026,175	32,88	
1026,372	-447,64	
1026,57	-203,87	
1026,767	564,26	
1026,965	-214,39	
1027,162	-693,16	
1027,359	38,14	
1027,557	-182,83	
1027,754	-493,24	
1027,951	-9,21	
1028,148	-295,06	
1028,346	173,18	
1028,543	-91,63	
1028,74	-296,82	
1028,937	-100,4	
1029,134	-39,02	
1029,331	-198,61	
1029,528	20,61	
1029,725	197,73	
1029,923	-142,49	
1030,12	295,94	
1030,317	-314,36	
1030,513	97,77	
1030,71	-445,88	
1030,907	-86,37	
1031,104	59,19	
1031,301	-379,24	
1031,498	-116,18	
1031,695	-493,24	
1031,892	-524,8	
1032,088	-363,46	
1032,285	-361,71	
1032,482	-100,4	
1032,678	-310,85	
1032,875	69,71	
1033,072	399,41	
1033,268	-268,76	
1033,465	155,64	
1033,662	229,3	
1033,858	20,61	
1034,055	-7,45	
1034,251	-472,19	
1034,448	94,26	
1034,644	-219,65	
1034,84	-154,77	
1035,037	-175,81	
1035,233	-510,77	
1035,43	-433,61	
1035,626	-496,74	
1035,822	-333,65	
1036,019	10,08	
1036,215	157,4	
1036,411	-189,84	
1036,607	-445,88	
1036,803	-356,44	
1037	-195,1	
1037,196	520,42	
1037,392	-407,3	
1037,588	-51,3	
1037,784	80,23	
1037,98	-14,47	
1038,176	-337,15	
1038,372	87,25	
1038,568	-366,97	
1038,764	-202,12	
1038,96	-112,68	
1039,156	-393,27	
1039,352	-398,53	
1039,547	-103,91	
1039,743	-473,94	
1039,939	45,16	
1040,135	-442,38	
1040,331	-358,2	
1040,526	-386,26	
1040,722	78,48	
1040,918	-458,16	
1041,113	-224,92	
1041,309	-530,06	
1041,505	6,58	
1041,7	-74,09	
1041,896	176,69	
1042,091	-421,33	
1042,287	-30,25	
1042,482	83,74	
1042,678	-58,31	
1042,873	97,77	
1043,069	-172,3	
1043,264	78,48	
1043,459	62,7	
1043,655	-317,86	
1043,85	-137,23	
1044,045	-714,21	
1044,24	-309,09	
1044,436	-487,97	
1044,631	-110,92	
1044,826	-230,18	
1045,021	-230,18	
1045,216	-230,18	
