couleur : rouge
angle source :0
angle capteur :30
source : 6500K
FLMT02171_1:101		
194,658	-1841,85	
194,923	-1841,85	
195,188	-1841,85	
195,453	-1876,93	
195,717	-68,83	
195,982	576,54	
196,247	166,17	
196,512	-265,25	
196,777	-51,3	
197,042	-77,6	
197,307	90,76	
197,572	124,08	
197,837	-17,98	
198,101	-289,8	
198,366	-137,23	
198,631	17,1	
198,896	-135,48	
199,161	566,02	
199,425	-324,88	
199,69	292,43	
199,955	-61,82	
200,22	-68,83	
200,484	-679,13	
200,749	-54,8	
201,014	39,9	
201,278	-228,42	
201,543	413,44	
201,807	-217,9	
202,072	206,5	
202,337	285,42	
202,601	169,67	
202,866	-414,32	
203,13	-340,66	
203,395	-121,45	
203,659	267,88	
203,924	-182,83	
204,189	108,29	
204,453	25,87	
204,717	-359,95	
204,982	122,32	
205,246	-74,09	
205,511	432,73	
205,775	120,57	
206,04	113,55	
206,304	-265,25	
206,568	-121,45	
206,833	-300,33	
207,097	34,64	
207,361	-95,14	
207,626	-238,95	
207,89	4,82	
208,154	13,59	
208,419	171,43	
208,683	-146	
208,947	129,34	
209,211	309,97	
209,476	185,46	
209,74	232,81	
210,004	711,57	
210,268	232,81	
210,532	553,74	
210,796	201,24	
211,061	-158,27	
211,325	-30,25	
211,589	518,66	
211,853	476,58	
212,117	-5,7	
212,381	436,24	
212,645	18,85	
212,909	122,32	
213,173	-17,98	
213,437	-186,33	
213,701	343,29	
213,965	29,37	
214,229	302,96	
214,493	162,66	
214,757	-5,7	
215,021	-112,68	
215,285	224,04	
215,549	-358,2	
215,813	6,58	
216,077	181,95	
216,34	136,35	
216,604	192,47	
216,868	-70,59	
217,132	-428,35	
217,396	294,19	
217,659	113,55	
217,923	450,27	
218,187	-186,33	
218,451	217,02	
218,714	90,76	
218,978	146,87	
219,242	585,31	
219,505	239,82	
219,769	-28,5	
220,033	329,26	
220,296	248,59	
220,56	145,12	
220,824	220,53	
221,087	304,71	
221,351	-53,05	
221,614	-128,46	
221,878	-430,1	
222,142	99,52	
222,405	113,55	
222,669	-198,61	
222,932	-75,85	
223,196	324	
223,459	220,53	
223,722	38,14	
223,986	-40,77	
224,249	360,83	
224,513	178,44	
224,776	-265,25	
225,04	-26,74	
225,303	-340,66	
225,566	285,42	
225,83	352,06	
226,093	69,71	
226,356	-133,72	
226,62	429,22	
226,883	-444,13	
227,146	-284,54	
227,409	-144,24	
227,673	515,16	
227,936	-210,89	
228,199	197,73	
228,462	397,66	
228,725	278,4	
228,989	124,08	
229,252	178,44	
229,515	-21,48	
229,778	208,26	
230,041	257,36	
230,304	-310,85	
230,567	-107,42	
230,83	69,71	
231,093	-72,34	
231,356	43,4	
231,619	-44,28	
231,882	-167,04	
232,145	27,62	
232,408	-100,4	
232,671	-21,48	
232,934	-328,39	
233,197	48,67	
233,46	564,26	
233,723	22,36	
233,986	160,9	
234,249	-256,48	
234,512	34,64	
234,775	176,69	
235,037	143,37	
235,3	-161,78	
235,563	664,22	
235,826	437,99	
236,089	125,83	
236,351	67,96	
236,614	132,84	
236,877	131,09	
237,14	-153,01	
237,402	-0,44	
237,665	204,75	
237,928	17,1	
238,19	-212,64	
238,453	255,61	
238,716	585,31	
238,978	-70,59	
239,241	-19,73	
239,503	53,93	
239,766	4,82	
240,029	229,3	
240,291	-130,21	
240,554	388,89	
240,816	152,14	
241,079	243,33	
241,341	50,42	
241,604	-507,27	
241,866	-156,52	
242,129	-261,74	
242,391	260,87	
242,653	-49,54	
242,916	127,58	
243,178	-86,37	
243,441	260,87	
243,703	48,67	
243,965	-49,54	
244,228	490,6	
244,49	-44,28	
244,752	69,71	
245,015	315,23	
245,277	-242,45	
245,539	-267	
245,801	-370,47	
246,064	87,25	
246,326	283,67	
246,588	-100,4	
246,85	501,13	
247,112	-161,78	
247,374	215,27	
247,637	-156,52	
247,899	-223,16	
248,161	232,81	
248,423	-84,62	
248,685	373,11	
248,947	394,15	
249,209	529,19	
249,471	-109,17	
249,733	-175,81	
249,995	-137,23	
250,257	-344,17	
250,519	306,46	
250,781	397,66	
251,043	304,71	
251,305	250,34	
251,567	466,05	
251,829	4,82	
252,091	127,58	
252,353	-216,15	
252,615	166,17	
252,876	8,33	
253,138	292,43	
253,4	-95,14	
253,662	-95,14	
253,924	-637,04	
254,185	90,76	
254,447	-121,45	
254,709	362,58	
254,971	36,39	
255,232	188,96	
255,494	480,08	
255,756	124,08	
256,017	-342,42	
256,279	-449,39	
256,541	-144,24	
256,802	120,57	
257,064	-163,53	
257,326	-263,5	
257,587	115,31	
257,849	246,84	
258,11	76,73	
258,372	-268,76	
258,633	243,33	
258,895	527,43	
259,156	557,25	
259,418	-70,59	
259,679	232,81	
259,941	169,67	
260,202	129,34	
260,464	-216,15	
260,725	-60,07	
260,987	210,01	
261,248	10,08	
261,509	253,85	
261,771	241,58	
262,032	204,75	
262,293	318,74	
262,555	180,2	
262,816	364,34	
263,077	-212,64	
263,338	-70,59	
263,6	-489,73	
263,861	-426,59	
264,122	157,4	
264,383	-40,77	
264,645	-228,42	
264,906	-3,95	
265,167	-119,69	
265,428	-23,24	
265,689	-77,6	
265,95	513,4	
266,211	103,03	
266,473	-274,02	
266,734	-40,77	
266,995	104,79	
267,256	83,74	
267,517	78,48	
267,778	55,68	
268,039	-56,56	
268,3	522,17	
268,561	17,1	
268,822	-172,3	
269,083	224,04	
269,344	59,19	
269,604	316,99	
269,865	-314,36	
270,126	159,15	
270,387	69,71	
270,648	-542,34	
270,909	-375,74	
271,17	73,22	
271,43	394,15	
271,691	360,83	
271,952	-100,4	
272,213	-58,31	
272,473	-352,94	
272,734	280,16	
272,995	-444,13	
273,256	-437,12	
273,516	-135,48	
273,777	-65,33	
274,038	-245,96	
274,298	218,78	
274,559	29,37	
274,82	-153,01	
275,08	-177,56	
275,341	-498,5	
275,601	-424,84	
275,862	-144,24	
276,122	290,68	
276,383	71,46	
276,643	437,99	
276,904	302,96	
277,164	478,33	
277,425	502,88	
277,685	-17,98	
277,946	50,42	
278,206	-354,69	
278,467	90,76	
278,727	566,02	
278,987	222,28	
279,248	238,07	
279,508	131,09	
279,768	-91,63	
280,029	36,39	
280,289	-12,71	
280,549	-32,01	
280,81	127,58	
281,07	325,75	
281,33	-351,18	
281,59	494,11	
281,851	92,51	
282,111	-14,47	
282,371	397,66	
282,631	-14,47	
282,891	-191,59	
283,151	-151,26	
283,412	13,59	
283,672	159,15	
283,932	115,31	
284,192	-412,56	
284,452	-117,94	
284,712	143,37	
284,972	39,9	
285,232	355,57	
285,492	139,86	
285,752	213,52	
286,012	-40,77	
286,272	-503,76	
286,532	243,33	
286,792	280,16	
287,052	-124,95	
287,312	-112,68	
287,571	-0,44	
287,831	-114,43	
288,091	276,65	
288,351	-431,86	
288,611	-449,39	
288,871	-67,08	
289,13	-198,61	
289,39	194,23	
289,65	39,9	
289,91	613,37	
290,17	401,16	
290,429	-2,19	
290,689	43,4	
290,949	183,7	
291,208	22,36	
291,468	-284,54	
291,728	29,37	
291,987	-354,69	
292,247	-151,26	
292,506	648,44	
292,766	201,24	
293,026	27,62	
293,285	-170,55	
293,545	295,94	
293,804	-103,91	
294,064	499,37	
294,323	55,68	
294,583	-177,56	
294,842	-389,77	
295,102	224,04	
295,361	501,13	
295,621	269,64	
295,88	232,81	
296,139	-240,7	
296,399	280,16	
296,658	208,26	
296,917	-391,52	
297,177	104,79	
297,436	692,28	
297,695	83,74	
297,955	306,46	
298,214	-196,86	
298,473	80,23	
298,732	78,48	
298,992	332,77	
299,251	-89,88	
299,51	-102,15	
299,769	253,85	
300,028	-347,68	
300,287	148,63	
300,547	-358,2	
300,806	215,27	
301,065	-487,97	
301,324	131,09	
301,583	17,1	
301,842	276,65	
302,101	134,6	
302,36	211,76	
302,619	499,37	
302,878	194,23	
303,137	222,28	
303,396	-172,3	
303,655	357,32	
303,914	308,22	
304,173	78,48	
304,432	71,46	
304,691	-342,42	
304,95	343,29	
305,208	210,01	
305,467	-210,89	
305,726	-631,78	
305,985	-98,65	
306,244	10,08	
306,503	73,22	
306,761	224,04	
307,02	-281,03	
307,279	248,59	
307,537	299,45	
307,796	-335,4	
308,055	-259,99	
308,314	55,68	
308,572	302,96	
308,831	-335,4	
309,09	504,63	
309,348	202,99	
309,607	-105,66	
309,865	427,47	
310,124	459,04	
310,382	164,41	
310,641	-39,02	
310,9	-361,71	
311,158	185,46	
311,417	81,99	
311,675	-275,77	
311,933	-230,18	
312,192	274,9	
312,45	-289,8	
312,709	-89,88	
312,967	425,72	
313,226	441,5	
313,484	-193,35	
313,742	162,66	
314,001	-42,53	
314,259	278,4	
314,517	262,62	
314,776	-219,65	
315,034	-39,02	
315,292	157,4	
315,55	250,34	
315,809	-153,01	
316,067	92,51	
316,325	-117,94	
316,583	131,09	
316,841	-359,95	
317,1	269,64	
317,358	185,46	
317,616	-351,18	
317,874	-40,77	
318,132	11,84	
318,39	362,58	
318,648	281,91	
318,906	153,89	
319,164	-217,9	
319,422	-363,46	
319,68	-352,94	
319,938	-137,23	
320,196	-84,62	
320,454	62,7	
320,712	-151,26	
320,97	11,84	
321,228	-79,36	
321,486	-274,02	
321,744	27,62	
322,002	-307,34	
322,26	253,85	
322,517	85,49	
322,775	-147,75	
323,033	-221,41	
323,291	-35,51	
323,549	27,62	
323,806	-144,24	
324,064	48,67	
324,322	159,15	
324,58	146,87	
324,837	-154,77	
325,095	-121,45	
325,353	399,41	
325,61	36,39	
325,868	283,67	
326,126	-351,18	
326,383	362,58	
326,641	-196,86	
326,898	-175,81	
327,156	113,55	
327,413	111,8	
327,671	85,49	
327,928	52,17	
328,186	241,58	
328,443	-214,39	
328,701	195,98	
328,958	-410,81	
329,216	81,99	
329,473	103,03	
329,731	-114,43	
329,988	273,14	
330,245	-103,91	
330,503	-128,46	
330,76	74,97	
331,017	-163,53	
331,275	206,5	
331,532	122,32	
331,789	201,24	
332,047	-19,73	
332,304	-181,07	
332,561	650,19	
332,818	15,35	
333,076	81,99	
333,333	101,28	
333,59	174,93	
333,847	366,09	
334,104	322,25	
334,361	274,9	
334,618	-93,39	
334,876	360,83	
335,133	-259,99	
335,39	87,25	
335,647	-344,17	
335,904	-54,8	
336,161	-409,06	
336,418	-56,56	
336,675	-68,83	
336,932	59,19	
337,189	325,75	
337,446	32,88	
337,703	167,92	
337,96	20,61	
338,216	-72,34	
338,473	-268,76	
338,73	-209,13	
338,987	-137,23	
339,244	-179,32	
339,501	288,93	
339,757	-419,58	
340,014	-396,78	
340,271	-19,73	
340,528	29,37	
340,785	248,59	
341,041	-60,07	
341,298	155,64	
341,555	-130,21	
341,811	-340,66	
342,068	271,39	
342,325	-51,3	
342,581	-10,96	
342,838	162,66	
343,094	436,24	
343,351	-342,42	
343,608	-181,07	
343,864	243,33	
344,121	-119,69	
344,377	45,16	
344,634	592,32	
344,89	101,28	
345,147	-240,7	
345,403	62,7	
345,66	81,99	
345,916	-331,89	
346,172	-121,45	
346,429	299,45	
346,685	83,74	
346,942	-44,28	
347,198	-100,4	
347,454	-212,64	
347,711	-5,7	
347,967	-81,11	
348,223	-198,61	
348,48	-68,83	
348,736	-103,91	
348,992	-154,77	
349,248	74,97	
349,504	43,4	
349,761	31,13	
350,017	27,62	
350,273	-319,62	
350,529	-363,46	
350,785	269,64	
351,041	-356,44	
351,297	-81,11	
351,554	-100,4	
351,81	-456,41	
352,066	124,08	
352,322	-56,56	
352,578	776,46	
352,834	11,84	
353,09	273,14	
353,346	22,36	
353,602	178,44	
353,858	-373,98	
354,114	-65,33	
354,369	104,79	
354,625	-77,6	
354,881	-223,16	
355,137	145,12	
355,393	-363,46	
355,649	-245,96	
355,905	-267	
356,16	-28,5	
356,416	190,72	
356,672	-168,8	
356,928	-84,62	
357,183	122,32	
357,439	-417,83	
357,695	-3,95	
357,951	-281,03	
358,206	41,65	
358,462	103,03	
358,718	-16,22	
358,973	127,58	
359,229	-74,09	
359,484	-7,45	
359,74	-223,16	
359,996	64,45	
360,251	90,76	
360,507	-209,13	
360,762	111,8	
361,018	199,49	
361,273	24,11	
361,529	-281,03	
361,784	430,98	
362,04	-193,35	
362,295	18,85	
362,55	-486,22	
362,806	97,77	
363,061	197,73	
363,316	-188,09	
363,572	331,02	
363,827	-146	
364,082	395,9	
364,338	69,71	
364,593	-228,42	
364,848	445,01	
365,104	-365,21	
365,359	-23,24	
365,614	-203,87	
365,869	60,94	
366,124	-163,53	
366,38	178,44	
366,635	211,76	
366,89	111,8	
367,145	-30,25	
367,4	201,24	
367,655	194,23	
367,91	-568,65	
368,165	-17,98	
368,42	-33,76	
368,675	127,58	
368,93	-19,73	
369,185	452,02	
369,44	-9,21	
369,695	62,7	
369,95	-60,07	
370,205	-281,03	
370,46	67,96	
370,715	208,26	
370,97	178,44	
371,225	443,25	
371,48	245,08	
371,734	-58,31	
371,989	15,35	
372,244	-517,79	
372,499	55,68	
372,754	395,9	
373,008	-672,12	
373,263	-70,59	
373,518	350,31	
373,773	-32,01	
374,027	-19,73	
374,282	45,16	
374,537	280,16	
374,791	287,17	
375,046	64,45	
375,301	430,98	
375,555	222,28	
375,81	-267	
376,064	-14,47	
376,319	80,23	
376,573	-103,91	
376,828	-496,74	
377,082	-407,3	
377,337	234,56	
377,591	-170,55	
377,846	-333,65	
378,1	146,87	
378,355	153,89	
378,609	460,79	
378,863	-268,76	
379,118	183,7	
379,372	-161,78	
379,627	178,44	
379,881	260,87	
380,135	232,81	
380,389	-235,44	
380,644	-323,12	
380,898	338,03	
381,152	-393,27	
381,407	-298,57	
381,661	148,63	
381,915	430,98	
382,169	122,32	
382,423	17,1	
382,677	-237,19	
382,932	462,55	
383,186	-61,82	
383,44	-174,06	
383,694	-433,61	
383,948	-14,47	
384,202	213,52	
384,456	111,8	
384,71	-158,27	
384,964	-140,74	
385,218	171,43	
385,472	208,26	
385,726	101,28	
385,98	187,21	
386,234	-116,18	
386,488	-303,83	
386,742	134,6	
386,996	288,93	
387,249	74,97	
387,503	534,45	
387,757	-163,53	
388,011	90,76	
388,265	252,1	
388,518	-12,71	
388,772	13,59	
389,026	74,97	
389,28	-130,21	
389,533	3,07	
389,787	195,98	
390,041	52,17	
390,295	-531,82	
390,548	50,42	
390,802	-103,91	
391,055	80,23	
391,309	239,82	
391,563	-263,5	
391,816	136,35	
392,07	206,5	
392,323	260,87	
392,577	125,83	
392,83	131,09	
393,084	-233,68	
393,337	22,36	
393,591	469,56	
393,844	-102,15	
394,098	-75,85	
394,351	-121,45	
394,604	483,59	
394,858	118,81	
395,111	-75,85	
395,364	118,81	
395,618	81,99	
395,871	-196,86	
396,124	339,78	
396,378	364,34	
396,631	210,01	
396,884	636,16	
397,137	694,04	
397,391	187,21	
397,644	160,9	
397,897	560,75	
398,15	401,16	
398,403	409,93	
398,657	204,75	
398,91	178,44	
399,163	-351,18	
399,416	164,41	
399,669	-268,76	
399,922	-28,5	
400,175	22,36	
400,428	101,28	
400,681	-412,56	
400,934	-114,43	
401,187	245,08	
401,44	-81,11	
401,693	-54,8	
401,946	111,8	
402,199	390,64	
402,452	248,59	
402,704	-128,46	
402,957	83,74	
403,21	83,74	
403,463	-212,64	
403,716	-391,52	
403,969	8,33	
404,221	66,2	
404,474	308,22	
404,727	71,46	
404,98	336,28	
405,232	108,29	
405,485	-58,31	
405,738	41,65	
405,99	-466,93	
406,243	31,13	
406,496	-489,73	
406,748	29,37	
407,001	174,93	
407,253	-153,01	
407,506	53,93	
407,759	269,64	
408,011	-56,56	
408,264	287,17	
408,516	266,13	
408,769	309,97	
409,021	201,24	
409,274	185,46	
409,526	248,59	
409,778	115,31	
410,031	501,13	
410,283	495,87	
410,536	15,35	
410,788	-12,71	
411,04	176,69	
411,293	-156,52	
411,545	-170,55	
411,797	-509,02	
412,049	220,53	
412,302	357,32	
412,554	-244,21	
412,806	418,7	
413,058	176,69	
413,311	387,14	
413,563	-67,08	
413,815	231,05	
414,067	204,75	
414,319	564,26	
414,571	-267	
414,823	-19,73	
415,075	188,96	
415,328	122,32	
415,58	4,82	
415,832	-263,5	
416,084	378,37	
416,336	427,47	
416,588	-26,74	
416,84	-160,03	
417,091	309,97	
417,343	83,74	
417,595	178,44	
417,847	-21,48	
418,099	378,37	
418,351	157,4	
418,603	-396,78	
418,855	-114,43	
419,106	122,32	
419,358	557,25	
419,61	-44,28	
419,862	285,42	
420,114	67,96	
420,365	432,73	
420,617	155,64	
420,869	555,49	
421,12	-160,03	
421,372	415,19	
421,624	309,97	
421,875	364,34	
422,127	455,53	
422,379	367,84	
422,63	318,74	
422,882	339,78	
423,133	287,17	
423,385	192,47	
423,636	397,66	
423,888	152,14	
424,139	359,08	
424,391	245,08	
424,642	-324,88	
424,894	194,23	
425,145	537,96	
425,396	108,29	
425,648	199,49	
425,899	-114,43	
426,151	366,09	
426,402	141,61	
426,653	-216,15	
426,905	257,36	
427,156	523,93	
427,407	199,49	
427,658	620,38	
427,91	609,86	
428,161	218,78	
428,412	-75,85	
428,663	436,24	
428,914	-30,25	
429,166	-17,98	
429,417	630,9	
429,668	-28,5	
429,919	602,84	
430,17	334,52	
430,421	373,11	
430,672	111,8	
430,923	-186,33	
431,174	248,59	
431,425	215,27	
431,676	55,68	
431,927	308,22	
432,178	590,57	
432,429	134,6	
432,68	555,49	
432,931	616,87	
433,182	318,74	
433,433	55,68	
433,683	-344,17	
433,934	139,86	
434,185	374,86	
434,436	646,69	
434,687	441,5	
434,937	445,01	
435,188	427,47	
435,439	597,58	
435,69	153,89	
435,94	578,29	
436,191	257,36	
436,442	487,1	
436,692	729,11	
436,943	827,32	
437,194	569,52	
437,444	751,91	
437,695	604,6	
437,945	206,5	
438,196	452,02	
438,447	592,32	
438,697	511,65	
438,948	241,58	
439,198	355,57	
439,449	562,51	
439,699	541,46	
439,949	774,71	
440,2	362,58	
440,45	411,69	
440,701	416,95	
440,951	276,65	
441,201	920,27	
441,452	906,24	
441,702	758,93	
441,952	443,25	
442,203	674,75	
442,453	581,8	
442,703	701,05	
442,953	164,41	
443,204	283,67	
443,454	806,28	
443,704	862,39	
443,954	434,49	
444,204	1004,45	
444,455	874,67	
444,705	1020,23	
444,955	1048,29	
445,205	799,26	
445,455	950,08	
445,705	955,34	
445,955	801,01	
446,205	671,24	
446,455	1034,26	
446,705	1053,55	
446,955	918,51	
447,205	595,83	
447,455	916,76	
447,705	853,63	
447,955	915,01	
448,205	1251,72	
448,454	1283,29	
448,704	786,98	
448,954	1155,27	
449,204	885,19	
449,454	1109,67	
449,704	886,95	
449,953	1079,86	
450,203	1095,64	
450,453	1164,04	
450,703	827,32	
450,952	1043,03	
451,202	1423,59	
451,452	943,07	
451,701	872,92	
451,951	1549,86	
452,201	1113,18	
452,45	1556,87	
452,7	1144,74	
452,949	1292,06	
453,199	1367,47	
453,448	815,04	
453,698	1237,69	
453,947	1409,56	
454,197	967,62	
454,446	1497,24	
454,696	1111,42	
454,945	1155,27	
455,195	1167,54	
455,444	1328,89	
455,693	1751,53	
455,943	1292,06	
456,192	1274,52	
456,442	1214,89	
456,691	1309,6	
456,94	815,04	
457,189	1469,18	
457,439	1120,19	
457,688	900,98	
457,937	850,12	
458,186	929,04	
458,436	1376,24	
458,685	937,81	
458,934	993,92	
459,183	1030,75	
459,432	1309,6	
459,681	950,08	
459,93	1169,3	
460,179	1306,09	
460,429	946,57	
460,678	839,6	
460,927	790,49	
461,176	1078,1	
461,425	1072,84	
461,674	900,98	
461,923	660,72	
462,172	1186,83	
462,42	737,88	
462,669	497,62	
462,918	671,24	
463,167	1479,71	
463,416	1241,2	
463,665	711,57	
463,914	848,37	
464,162	457,28	
464,411	1223,66	
464,66	1013,22	
464,909	867,66	
465,158	683,51	
465,406	1037,77	
465,655	674,75	
465,904	485,34	
466,152	671,24	
466,401	1039,52	
466,65	546,72	
466,898	637,92	
467,147	662,47	
467,395	906,24	
467,644	999,19	
467,893	651,95	
468,141	830,83	
468,39	927,28	
468,638	276,65	
468,887	923,78	
469,135	802,77	
469,384	839,6	
469,632	809,78	
469,88	930,79	
470,129	681,76	
470,377	709,82	
470,626	173,18	
470,874	471,31	
471,122	871,16	
471,371	841,35	
471,619	441,5	
471,867	138,11	
472,115	613,37	
472,364	392,4	
472,612	371,35	
472,86	332,77	
473,108	871,16	
473,356	590,57	
473,605	343,29	
473,853	827,32	
474,101	246,84	
474,349	900,98	
474,597	855,38	
474,845	697,54	
475,093	473,07	
475,341	466,05	
475,589	1095,64	
475,837	574,78	
476,085	446,76	
476,333	867,66	
476,581	439,75	
476,829	806,28	
477,077	690,53	
477,325	450,27	
477,573	274,9	
477,821	411,69	
478,069	413,44	
478,317	685,27	
478,564	199,49	
478,812	508,14	
479,06	267,88	
479,308	311,72	
479,555	418,7	
479,803	765,94	
480,051	25,87	
480,299	792,25	
480,546	222,28	
480,794	906,24	
481,042	518,66	
481,289	639,67	
481,537	515,16	
481,784	492,36	
482,032	799,26	
482,28	960,6	
482,527	157,4	
482,775	92,51	
483,022	164,41	
483,27	999,19	
483,517	388,89	
483,765	681,76	
484,012	634,41	
484,259	464,3	
484,507	155,64	
484,754	769,45	
485,002	297,7	
485,249	530,94	
485,496	276,65	
485,744	1058,81	
485,991	513,4	
486,238	113,55	
486,486	678,25	
486,733	702,81	
486,98	876,42	
487,227	851,87	
487,474	634,41	
487,722	148,63	
487,969	280,16	
488,216	634,41	
488,463	878,18	
488,71	446,76	
488,957	322,25	
489,204	946,57	
489,451	467,81	
489,699	532,69	
489,946	727,36	
490,193	943,07	
490,44	560,75	
490,687	906,24	
490,934	648,44	
491,18	786,98	
491,427	1025,49	
491,674	322,25	
491,921	469,56	
492,168	397,66	
492,415	571,28	
492,662	290,68	
492,909	504,63	
493,155	543,22	
493,402	899,22	
493,649	53,93	
493,896	173,18	
494,142	574,78	
494,389	758,93	
494,636	332,77	
494,883	411,69	
495,129	1007,95	
495,376	848,37	
495,623	395,9	
495,869	573,03	
496,116	527,43	
496,362	867,66	
496,609	844,86	
496,855	832,58	
497,102	15,35	
497,348	402,92	
497,595	990,42	
497,841	183,7	
498,088	590,57	
498,334	658,96	
498,581	432,73	
498,827	504,63	
499,074	750,16	
499,32	830,83	
499,566	858,89	
499,813	815,04	
500,059	1006,2	
500,305	883,44	
500,552	1285,04	
500,798	548,48	
501,044	816,8	
501,29	566,02	
501,537	1132,47	
501,783	543,22	
502,029	753,66	
502,275	457,28	
502,521	548,48	
502,767	1176,31	
503,013	1123,7	
503,26	1092,13	
503,506	771,2	
503,752	430,98	
503,998	829,07	
504,244	767,69	
504,49	755,42	
504,736	950,08	
504,982	366,09	
505,228	557,25	
505,474	895,72	
505,72	1179,82	
505,966	201,24	
506,211	399,41	
506,457	934,3	
506,703	1320,12	
506,949	504,63	
507,195	453,78	
507,441	1062,32	
507,686	778,22	
507,932	1009,71	
508,178	1062,32	
508,424	902,73	
508,669	794	
508,915	1058,81	
509,161	1227,17	
509,406	801,01	
509,652	674,75	
509,898	1027,25	
510,143	630,9	
510,389	743,14	
510,634	872,92	
510,88	915,01	
511,125	299,45	
511,371	1237,69	
511,616	1016,72	
511,862	1281,54	
512,107	590,57	
512,353	916,76	
512,598	822,06	
512,844	1142,99	
513,089	1127,21	
513,335	1325,38	
513,58	1092,13	
513,825	736,13	
514,071	929,04	
514,316	850,12	
514,561	1367,47	
514,806	1029	
515,052	1335,9	
515,297	1053,55	
515,542	837,84	
515,787	774,71	
516,033	1337,65	
516,278	1011,46	
516,523	764,19	
516,768	986,91	
517,013	1306,09	
517,258	797,51	
517,503	1128,96	
517,748	708,07	
517,993	850,12	
518,238	1209,63	
518,483	860,64	
518,728	943,07	
518,973	1128,96	
519,218	1339,41	
519,463	1390,27	
519,708	1039,52	
519,953	923,78	
520,198	718,59	
520,443	1135,98	
520,688	550,23	
520,933	1265,75	
521,177	1162,28	
521,422	941,31	
521,667	778,22	
521,912	955,34	
522,157	1085,12	
522,401	993,92	
522,646	967,62	
522,891	1002,69	
523,135	1034,26	
523,38	758,93	
523,625	1032,51	
523,869	1227,17	
524,114	1192,1	
524,358	1523,55	
524,603	1009,71	
524,848	883,44	
525,092	704,56	
525,337	1121,95	
525,581	869,41	
525,826	515,16	
526,07	1658,59	
526,315	937,81	
526,559	1276,27	
526,803	1276,27	
527,048	1306,09	
527,292	969,37	
527,537	1579,67	
527,781	1037,77	
528,025	964,11	
528,269	897,47	
528,514	739,63	
528,758	964,11	
529,002	1188,59	
529,247	1256,98	
529,491	1441,12	
529,735	1190,34	
529,979	1232,43	
530,223	755,42	
530,467	694,04	
530,712	1611,24	
530,956	916,76	
531,2	1134,22	
531,444	1018,48	
531,688	665,98	
531,932	1495,49	
532,176	1235,94	
532,42	653,7	
532,664	858,89	
532,908	1721,72	
533,152	795,75	
533,396	1444,63	
533,64	1385,01	
533,884	1214,89	
534,128	783,48	
534,371	1039,52	
534,615	1142,99	
534,859	1127,21	
535,103	1006,2	
535,347	1039,52	
535,59	978,14	
535,834	1058,81	
536,078	1169,3	
536,322	1127,21	
536,565	869,41	
536,809	815,04	
537,053	1395,53	
537,296	969,37	
537,54	699,3	
537,784	767,69	
538,027	1086,87	
538,271	1704,18	
538,514	630,9	
538,758	927,28	
539,001	1078,1	
539,245	883,44	
539,488	939,56	
539,732	1381,5	
539,975	936,05	
540,219	1295,57	
540,462	1311,35	
540,706	1356,95	
540,949	1048,29	
541,192	1207,88	
541,436	1053,55	
541,679	1034,26	
541,922	720,34	
542,166	836,09	
542,409	1002,69	
542,652	550,23	
542,895	1172,8	
543,139	1004,45	
543,382	1307,84	
543,625	1079,86	
543,868	1334,15	
544,111	957,1	
544,354	1185,08	
544,598	1190,34	
544,841	971,13	
545,084	1655,08	
545,327	1656,83	
545,57	1107,92	
545,813	811,54	
546,056	839,6	
546,299	1006,2	
546,542	1167,54	
546,785	1023,74	
547,028	1632,28	
547,271	1144,74	
547,514	993,92	
547,756	1046,54	
547,999	971,13	
548,242	993,92	
548,485	1153,51	
548,728	1092,13	
548,971	886,95	
549,213	1253,48	
549,456	1106,16	
549,699	839,6	
549,942	1025,49	
550,184	1092,13	
550,427	1407,8	
550,67	1137,73	
550,912	1074,6	
551,155	1072,84	
551,398	920,27	
551,64	1067,58	
551,883	1097,39	
552,125	736,13	
552,368	1076,35	
552,61	862,39	
552,853	1297,32	
553,095	794	
553,338	974,63	
553,58	860,64	
553,823	827,32	
554,065	1034,26	
554,308	1069,33	
554,55	739,63	
554,792	1267,51	
555,035	872,92	
555,277	1046,54	
555,519	1021,98	
555,762	699,3	
556,004	1078,1	
556,246	541,46	
556,488	1241,2	
556,731	867,66	
556,973	1106,16	
557,215	990,42	
557,457	690,53	
557,699	1234,18	
557,941	850,12	
558,183	692,28	
558,426	630,9	
558,668	790,49	
558,91	715,08	
559,152	1153,51	
559,394	786,98	
559,636	844,86	
559,878	380,12	
560,12	1013,22	
560,362	1000,94	
560,604	1157,02	
560,845	741,39	
561,087	1076,35	
561,329	1242,95	
561,571	555,49	
561,813	897,47	
562,055	1386,76	
562,297	674,75	
562,538	985,16	
562,78	985,16	
563,022	1037,77	
563,264	1014,97	
563,505	1153,51	
563,747	636,16	
563,989	1214,89	
564,23	855,38	
564,472	843,1	
564,714	948,33	
564,955	1299,07	
565,197	981,65	
565,438	1072,84	
565,68	592,32	
565,921	893,96	
566,163	1006,2	
566,404	1321,87	
566,646	676,5	
566,887	1172,8	
567,129	1018,48	
567,37	646,69	
567,612	650,19	
567,853	1018,48	
568,094	900,98	
568,336	1342,92	
568,577	1181,57	
568,818	643,18	
569,06	1023,74	
569,301	1719,97	
569,542	1067,58	
569,783	1214,89	
570,025	797,51	
570,266	1356,95	
570,507	1420,08	
570,748	1202,62	
570,989	988,66	
571,23	1088,63	
571,472	962,36	
571,713	1351,68	
571,954	1106,16	
572,195	1150,01	
572,436	1423,59	
572,677	525,68	
572,918	639,67	
573,159	776,46	
573,4	1325,38	
573,641	985,16	
573,882	1241,2	
574,123	1076,35	
574,364	1256,98	
574,604	1220,16	
574,845	1355,19	
575,086	858,89	
575,327	941,31	
575,568	1142,99	
575,809	1135,98	
576,049	1609,48	
576,29	1348,18	
576,531	1493,74	
576,771	1016,72	
577,012	925,53	
577,253	1186,83	
577,494	978,14	
577,734	1276,27	
577,975	546,72	
578,215	1553,36	
578,456	736,13	
578,697	1246,46	
578,937	1030,75	
579,178	1107,92	
579,418	941,31	
579,659	911,5	
579,899	1014,97	
580,14	1788,36	
580,38	1570,9	
580,62	1518,29	
580,861	1469,18	
581,101	1193,85	
581,342	1514,78	
581,582	1427,09	
581,822	1225,42	
582,063	1046,54	
582,303	1244,71	
582,543	1335,9	
582,783	1011,46	
583,024	1197,36	
583,264	1104,41	
583,504	1113,18	
583,744	1169,3	
583,984	1472,69	
584,224	1537,58	
584,465	1702,43	
584,705	1488,48	
584,945	1400,79	
585,185	623,89	
585,425	1483,21	
585,665	1625,27	
585,905	1448,14	
586,145	1558,62	
586,385	1812,91	
586,625	1712,95	
586,865	1940,94	
587,105	1011,46	
587,345	1637,54	
587,585	1744,52	
587,824	1876,05	
588,064	1491,98	
588,304	1826,94	
588,544	1793,62	
588,784	1944,44	
589,024	1990,04	
589,263	1762,06	
589,503	1397,28	
589,743	1870,79	
589,982	1609,48	
590,222	2182,95	
590,462	1570,9	
590,701	1802,39	
590,941	1807,65	
591,181	1881,31	
591,42	1809,41	
591,66	2184,7	
591,899	1921,65	
592,139	1916,38	
592,378	1704,18	
592,618	1921,65	
592,857	1856,76	
593,097	1921,65	
593,336	2479,33	
593,576	2268,88	
593,815	2423,21	
594,055	2154,89	
594,294	2233,81	
594,533	2582,8	
594,773	2235,56	
595,012	2368,85	
595,251	2959,85	
595,491	2944,07	
595,73	2595,08	
595,969	2652,95	
596,208	2540,71	
596,447	2759,93	
596,687	3042,28	
596,926	2500,38	
597,165	2563,51	
597,404	2858,14	
597,643	2758,17	
597,882	2726,61	
598,121	2638,92	
598,36	2740,64	
598,599	3214,14	
598,838	3019,48	
599,077	3326,38	
599,316	3563,13	
599,555	3266,75	
599,794	3177,31	
600,033	3817,42	
600,272	3250,97	
600,511	3363,21	
600,75	3063,32	
600,989	3647,31	
601,228	3243,96	
601,466	3094,89	
601,705	3592,95	
601,944	3866,53	
602,183	3731,49	
602,422	3498,25	
602,66	3678,88	
602,899	4068,21	
603,138	3735	
603,376	4250,59	
603,615	4161,15	
603,854	4147,12	
604,092	3640,3	
604,331	4076,98	
604,569	4212,01	
604,808	3931,42	
605,047	4050,67	
605,285	4043,65	
605,524	3882,31	
605,762	4350,56	
606	4343,54	
606,239	3859,51	
606,477	4234,81	
606,716	4371,6	
606,954	4352,31	
607,193	4320,74	
607,431	4261,12	
607,669	4245,33	
607,908	4699,55	
608,146	4318,99	
608,384	4534,7	
608,622	4568,02	
608,861	4176,94	
609,099	4411,94	
609,337	4178,69	
609,575	4824,06	
609,813	4573,28	
610,052	4441,75	
610,29	4068,21	
610,528	4290,93	
610,766	4276,9	
611,004	4054,18	
611,242	4531,19	
611,48	4117,31	
611,718	4932,79	
611,956	4592,57	
612,194	4404,92	
612,432	4461,04	
612,67	4397,91	
612,908	4264,62	
613,146	4641,68	
613,384	4878,43	
613,621	4643,43	
613,859	3987,54	
614,097	4604,85	
614,335	4329,51	
614,573	4792,5	
614,811	4471,56	
615,048	4578,54	
615,286	4455,78	
615,524	4580,29	
615,761	4608,35	
615,999	4652,2	
616,237	4234,81	
616,474	5001,19	
616,712	4250,59	
616,95	4934,55	
617,187	4601,34	
617,425	4810,03	
617,662	4331,27	
617,9	4713,58	
618,137	4655,71	
618,375	4846,86	
618,612	4364,59	
618,85	4543,47	
619,087	4759,17	
619,325	4171,68	
619,562	4562,76	
619,799	4601,34	
620,037	4725,85	
620,274	4967,87	
620,511	4662,72	
620,749	4694,29	
620,986	4790,74	
621,223	4634,66	
621,461	4404,92	
621,698	4164,66	
621,935	4310,22	
622,172	4219,03	
622,409	4936,3	
622,647	4748,65	
622,884	4290,93	
623,121	4171,68	
623,358	4473,32	
623,595	4329,51	
623,832	4513,65	
624,069	4494,36	
624,306	4224,29	
624,543	4224,29	
624,78	4183,95	
625,017	4210,26	
625,254	4746,9	
625,491	4327,76	
625,728	4117,31	
625,965	4631,15	
626,202	4162,91	
626,438	4375,11	
626,675	4492,61	
626,912	4096,27	
627,149	4478,58	
627,386	4701,3	
627,622	4010,33	
627,859	4455,78	
628,096	4773,2	
628,333	4438,24	
628,569	4110,3	
628,806	4638,17	
629,043	4492,61	
629,279	4276,9	
629,516	3898,1	
629,752	4306,71	
629,989	4408,43	
630,225	3982,27	
630,462	4294,44	
630,699	4259,36	
630,935	3994,55	
631,171	4168,17	
631,408	4055,93	
631,644	4110,3	
631,881	3864,77	
632,117	4126,08	
632,354	4275,15	
632,59	4110,3	
632,826	4215,52	
633,063	4054,18	
633,299	3570,15	
633,535	3940,18	
633,771	3503,51	
634,008	4019,1	
634,244	3664,85	
634,48	3948,95	
634,716	3529,81	
634,953	3761,3	
635,189	3580,67	
635,425	3785,86	
635,661	3573,66	
635,897	3878,8	
636,133	3791,12	
636,369	3856,01	
636,605	3743,77	
636,841	3656,08	
637,077	3405,3	
637,313	3764,81	
637,549	3950,71	
637,785	3792,87	
638,021	3433,36	
638,257	3768,32	
638,493	3231,68	
638,729	3542,09	
638,965	3578,92	
639,2	3968,24	
639,436	3370,22	
639,672	3578,92	
639,908	3370,22	
640,144	2798,51	
640,379	3621,01	
640,615	3508,77	
640,851	3317,61	
641,086	3122,95	
641,322	3363,21	
641,558	3300,07	
641,793	3022,99	
642,029	3633,28	
642,264	2956,34	
642,5	3715,71	
642,736	3442,13	
642,971	2907,24	
643,207	3152,76	
643,442	2887,95	
643,678	3722,72	
643,913	3719,22	
644,148	2880,93	
644,384	3224,66	
644,619	3382,5	
644,855	2979,14	
645,09	3222,91	
645,325	3108,92	
645,561	2740,64	
645,796	2763,43	
646,031	2831,83	
646,266	2649,44	
646,502	3324,63	
646,737	2484,59	
646,972	2738,88	
647,207	2996,68	
647,442	2628,4	
647,678	2805,52	
647,913	3198,36	
648,148	2894,96	
648,383	2830,08	
648,618	2719,59	
648,853	2752,91	
649,088	2679,26	
649,323	2572,28	
649,558	3007,2	
649,793	2719,59	
650,028	2642,43	
650,263	2689,78	
650,498	2768,7	
650,733	2516,16	
650,968	2877,43	
651,202	2442,5	
651,437	2866,9	
651,672	2944,07	
651,907	2477,58	
652,142	2619,63	
652,376	2851,12	
652,611	2961,61	
652,846	2652,95	
653,081	2388,14	
653,315	2656,46	
653,55	2372,35	
653,785	2223,29	
654,019	2395,15	
654,254	2119,82	
654,488	2172,43	
654,723	2486,35	
654,958	2068,96	
655,192	2305,71	
655,427	2156,64	
655,661	2431,98	
655,896	2389,89	
656,13	2672,24	
656,364	2435,49	
656,599	2102,28	
656,833	2182,95	
657,068	2340,79	
657,302	2198,73	
657,536	2472,32	
657,771	1870,79	
658,005	2391,64	
658,239	1723,47	
658,474	1762,06	
658,708	1933,92	
658,942	1916,38	
659,176	2360,08	
659,41	2333,77	
659,645	2209,26	
659,879	1877,8	
660,113	1609,48	
660,347	2410,94	
660,581	2242,58	
660,815	1963,74	
661,049	1527,06	
661,283	2386,38	
661,517	1874,3	
661,751	2116,31	
661,985	1609,48	
662,219	1923,4	
662,453	1728,74	
662,687	1430,6	
662,921	1506,01	
663,155	1846,24	
663,389	1953,21	
663,622	1439,37	
663,856	1676,12	
664,09	1362,21	
664,324	1584,93	
664,558	1590,19	
664,791	1637,54	
665,025	1118,44	
665,259	1791,87	
665,492	1388,51	
665,726	1569,15	
665,96	1411,31	
666,193	1863,77	
666,427	1502,51	
666,661	1932,17	
666,894	979,89	
667,128	1283,29	
667,361	1716,46	
667,595	1455,15	
667,828	1909,37	
668,062	1691,91	
668,295	1079,86	
668,529	1642,8	
668,762	1607,73	
668,995	1434,11	
669,229	1907,62	
669,462	1455,15	
669,695	1157,02	
669,929	1444,63	
670,162	1200,86	
670,395	1174,56	
670,629	1390,27	
670,862	1490,23	
671,095	1135,98	
671,328	1079,86	
671,561	1383,25	
671,795	1528,81	
672,028	1470,94	
672,261	1055,3	
672,494	1265,75	
672,727	1812,91	
672,96	1406,05	
673,193	1256,98	
673,426	1214,89	
673,659	1344,67	
673,892	1295,57	
674,125	1130,72	
674,358	1539,33	
674,591	764,19	
674,824	1285,04	
675,057	937,81	
675,29	1605,97	
675,523	1221,91	
675,755	1420,08	
675,988	1500,75	
676,221	934,3	
676,454	1855	
676,687	1023,74	
676,919	1604,22	
677,152	1255,23	
677,385	946,57	
677,617	878,18	
677,85	1083,36	
678,083	1021,98	
678,315	883,44	
678,548	722,1	
678,78	795,75	
679,013	1446,39	
679,246	937,81	
679,478	950,08	
679,711	1570,9	
679,943	1337,65	
680,175	1279,78	
680,408	825,57	
680,64	916,76	
680,873	1013,22	
681,105	1344,67	
681,338	1127,21	
681,57	923,78	
681,802	1043,03	
682,034	744,9	
682,267	688,78	
682,499	1021,98	
682,731	941,31	
682,964	1453,4	
683,196	841,35	
683,428	1069,33	
683,66	955,34	
683,892	1497,24	
684,124	655,46	
684,356	1121,95	
684,589	909,75	
684,821	1455,15	
685,053	601,09	
685,285	1064,07	
685,517	602,84	
685,749	1085,12	
685,981	979,89	
686,213	650,19	
686,445	720,34	
686,676	416,95	
686,908	790,49	
687,14	646,69	
687,372	1341,16	
687,604	1064,07	
687,836	1260,49	
688,068	720,34	
688,299	588,81	
688,531	834,34	
688,763	818,55	
688,995	1137,73	
689,226	762,43	
689,458	809,78	
689,69	823,81	
689,921	720,34	
690,153	708,07	
690,384	937,81	
690,616	716,84	
690,848	832,58	
691,079	783,48	
691,311	932,54	
691,542	748,4	
691,774	550,23	
692,005	797,51	
692,237	1425,34	
692,468	455,53	
692,699	972,88	
692,931	555,49	
693,162	387,14	
693,393	273,14	
693,625	546,72	
693,856	601,09	
694,087	388,89	
694,319	630,9	
694,55	753,66	
694,781	371,35	
695,012	818,55	
695,243	387,14	
695,475	1034,26	
695,706	1256,98	
695,937	315,23	
696,168	713,33	
696,399	508,14	
696,63	236,31	
696,861	557,25	
697,092	308,22	
697,323	815,04	
697,554	730,87	
697,785	853,63	
698,016	544,97	
698,247	346,8	
698,478	581,8	
698,709	297,7	
698,94	309,97	
699,171	639,67	
699,401	867,66	
699,632	234,56	
699,863	471,31	
700,094	364,34	
700,325	462,55	
700,555	1214,89	
700,786	913,25	
701,017	620,38	
701,247	578,29	
701,478	644,93	
701,709	343,29	
701,939	585,31	
702,17	822,06	
702,401	822,06	
702,631	827,32	
702,862	294,19	
703,092	653,7	
703,323	13,59	
703,553	399,41	
703,784	655,46	
704,014	757,17	
704,244	592,32	
704,475	655,46	
704,705	434,49	
704,936	727,36	
705,166	511,65	
705,396	43,4	
705,627	902,73	
705,857	641,43	
706,087	464,3	
706,317	210,01	
706,548	220,53	
706,778	723,85	
707,008	657,21	
707,238	290,68	
707,468	325,75	
707,698	29,37	
707,928	550,23	
708,158	509,9	
708,389	404,67	
708,619	516,91	
708,849	553,74	
709,079	397,66	
709,309	646,69	
709,539	664,22	
709,768	362,58	
709,998	17,1	
710,228	295,94	
710,458	199,49	
710,688	446,76	
710,918	106,54	
711,148	117,06	
711,378	329,26	
711,607	355,57	
711,837	166,17	
712,067	266,13	
712,297	299,45	
712,526	245,08	
712,756	155,64	
712,986	89	
713,215	325,75	
713,445	604,6	
713,674	185,46	
713,904	294,19	
714,134	60,94	
714,363	190,72	
714,593	125,83	
714,822	173,18	
715,052	238,07	
715,281	485,34	
715,511	325,75	
715,74	164,41	
715,969	502,88	
716,199	592,32	
716,428	41,65	
716,657	43,4	
716,887	376,61	
717,116	187,21	
717,345	201,24	
717,575	574,78	
717,804	290,68	
718,033	-72,34	
718,262	64,45	
718,492	96,02	
718,721	578,29	
718,95	-82,86	
719,179	232,81	
719,408	-35,51	
719,637	67,96	
719,866	383,63	
720,095	108,29	
720,324	592,32	
720,553	31,13	
720,782	499,37	
721,011	338,03	
721,24	180,2	
721,469	-54,8	
721,698	-61,82	
721,927	311,72	
722,156	378,37	
722,385	331,02	
722,613	-7,45	
722,842	409,93	
723,071	-261,74	
723,3	157,4	
723,529	381,87	
723,757	-88,12	
723,986	-366,97	
724,215	-103,91	
724,443	113,55	
724,672	141,61	
724,901	-26,74	
725,129	-47,79	
725,358	213,52	
725,586	-200,36	
725,815	160,9	
726,043	602,84	
726,272	402,92	
726,5	418,7	
726,729	390,64	
726,957	10,08	
727,186	101,28	
727,414	-93,39	
727,642	-195,1	
727,871	408,18	
728,099	597,58	
728,327	253,85	
728,556	187,21	
728,784	746,65	
729,012	-368,72	
729,241	266,13	
729,469	-63,57	
729,697	-314,36	
729,925	159,15	
730,153	25,87	
730,381	-624,77	
730,61	-77,6	
730,838	185,46	
731,066	1,32	
731,294	145,12	
731,522	153,89	
731,75	13,59	
731,978	390,64	
732,206	199,49	
732,434	-219,65	
732,662	301,2	
732,89	69,71	
733,118	-96,89	
733,346	355,57	
733,573	169,67	
733,801	252,1	
734,029	20,61	
734,257	-379,24	
734,485	183,7	
734,712	90,76	
734,94	-84,62	
735,168	-189,84	
735,396	66,2	
735,623	13,59	
735,851	199,49	
736,078	87,25	
736,306	-161,78	
736,534	-75,85	
736,761	-263,5	
736,989	278,4	
737,216	36,39	
737,444	602,84	
737,671	111,8	
737,899	611,61	
738,126	324	
738,354	-330,14	
738,581	648,44	
738,809	178,44	
739,036	-35,51	
739,263	269,64	
739,491	108,29	
739,718	509,9	
739,945	32,88	
740,173	213,52	
740,4	-167,04	
740,627	89	
740,854	-293,31	
741,081	264,37	
741,309	551,99	
741,536	-224,92	
741,763	-65,33	
741,99	294,19	
742,217	39,9	
742,444	-370,47	
742,671	13,59	
742,898	-268,76	
743,125	-144,24	
743,352	944,82	
743,579	266,13	
743,806	-119,69	
744,033	-100,4	
744,26	39,9	
744,487	194,23	
744,714	-168,8	
744,941	-88,12	
745,167	152,14	
745,394	120,57	
745,621	369,6	
745,848	-56,56	
746,075	345,05	
746,301	67,96	
746,528	-333,65	
746,755	-240,7	
746,981	-84,62	
747,208	-0,44	
747,435	373,11	
747,661	124,08	
747,888	-226,67	
748,114	245,08	
748,341	301,2	
748,567	273,14	
748,794	-349,43	
749,02	89	
749,247	104,79	
749,473	195,98	
749,7	665,98	
749,926	515,16	
750,152	-472,19	
750,379	367,84	
750,605	536,2	
750,831	195,98	
751,058	96,02	
751,284	180,2	
751,51	-244,21	
751,737	394,15	
751,963	273,14	
752,189	-426,59	
752,415	-138,98	
752,641	-91,63	
752,867	-98,65	
753,094	94,26	
753,32	34,64	
753,546	476,58	
753,772	-116,18	
753,998	146,87	
754,224	-142,49	
754,45	24,11	
754,676	-133,72	
754,902	204,75	
755,128	280,16	
755,354	155,64	
755,579	257,36	
755,805	-344,17	
756,031	-67,08	
756,257	-67,08	
756,483	-284,54	
756,709	155,64	
756,934	224,04	
757,16	32,88	
757,386	117,06	
757,612	285,42	
757,837	94,26	
758,063	-91,63	
758,289	103,03	
758,514	-86,37	
758,74	173,18	
758,965	327,51	
759,191	111,8	
759,416	-486,22	
759,642	-226,67	
759,868	-258,24	
760,093	-167,04	
760,318	-17,98	
760,544	8,33	
760,769	-163,53	
760,995	-386,26	
761,22	-375,74	
761,445	541,46	
761,671	371,35	
761,896	8,33	
762,121	-179,32	
762,347	-391,52	
762,572	427,47	
762,797	-88,12	
763,022	174,93	
763,248	18,85	
763,473	199,49	
763,698	6,58	
763,923	39,9	
764,148	-56,56	
764,373	327,51	
764,598	159,15	
764,823	269,64	
765,048	415,19	
765,273	529,19	
765,498	-107,42	
765,723	-33,76	
765,948	-174,06	
766,173	-84,62	
766,398	-272,27	
766,623	537,96	
766,848	-112,68	
767,073	-295,06	
767,298	101,28	
767,522	-284,54	
767,747	-184,58	
767,972	59,19	
768,197	118,81	
768,421	-72,34	
768,646	-212,64	
768,871	-338,91	
769,095	-82,86	
769,32	-98,65	
769,545	194,23	
769,769	-68,83	
769,994	-335,4	
770,218	-193,35	
770,443	-67,08	
770,667	-16,22	
770,892	-28,5	
771,116	118,81	
771,341	229,3	
771,565	324	
771,79	-93,39	
772,014	-256,48	
772,238	-130,21	
772,463	-75,85	
772,687	153,89	
772,911	-198,61	
773,136	211,76	
773,36	-65,33	
773,584	-39,02	
773,808	118,81	
774,033	29,37	
774,257	111,8	
774,481	-289,8	
774,705	173,18	
774,929	-17,98	
775,153	73,22	
775,377	-217,9	
775,602	-405,55	
775,826	176,69	
776,05	43,4	
776,274	-310,85	
776,498	-186,33	
776,722	174,93	
776,945	94,26	
777,169	-442,38	
777,393	-54,8	
777,617	-40,77	
777,841	-193,35	
778,065	-205,62	
778,289	55,68	
778,512	136,35	
778,736	353,81	
778,96	-146	
779,184	120,57	
779,407	399,41	
779,631	-33,76	
779,855	-153,01	
780,078	108,29	
780,302	76,73	
780,526	76,73	
780,749	-98,65	
780,973	-165,29	
781,196	309,97	
781,42	-7,45	
781,643	-200,36	
781,867	-186,33	
782,09	120,57	
782,314	-179,32	
782,537	188,96	
782,76	-160,03	
782,984	176,69	
783,207	-466,93	
783,431	11,84	
783,654	-144,24	
783,877	-375,74	
784,1	-358,2	
784,324	190,72	
784,547	81,99	
784,77	-458,16	
784,993	-146	
785,216	325,75	
785,44	-333,65	
785,663	113,55	
785,886	-300,33	
786,109	-39,02	
786,332	446,76	
786,555	-79,36	
786,778	-91,63	
787,001	-172,3	
787,224	-388,01	
787,447	-202,12	
787,67	-205,62	
787,893	-196,86	
788,116	-679,13	
788,339	-286,3	
788,561	-358,2	
788,784	-72,34	
789,007	-309,09	
789,23	322,25	
789,453	-32,01	
789,675	27,62	
789,898	138,11	
790,121	-53,05	
790,344	52,17	
790,566	187,21	
790,789	-56,56	
791,012	53,93	
791,234	176,69	
791,457	99,52	
791,679	-124,95	
791,902	-305,59	
792,124	-381	
792,347	-375,74	
792,569	-88,12	
792,792	-231,93	
793,014	-430,1	
793,237	-54,8	
793,459	-423,09	
793,681	-75,85	
793,904	94,26	
794,126	-240,7	
794,348	-67,08	
794,571	229,3	
794,793	385,38	
795,015	-233,68	
795,237	-124,95	
795,46	-100,4	
795,682	-391,52	
795,904	-242,45	
796,126	-328,39	
796,348	360,83	
796,57	176,69	
796,792	174,93	
797,014	43,4	
797,237	-119,69	
797,459	-240,7	
797,681	-49,54	
797,903	276,65	
798,124	-168,8	
798,346	153,89	
798,568	-181,07	
798,79	-7,45	
799,012	-65,33	
799,234	118,81	
799,456	-480,96	
799,678	-295,06	
799,899	423,96	
800,121	197,73	
800,343	315,23	
800,565	331,02	
800,786	357,32	
801,008	-19,73	
801,23	-358,2	
801,451	357,32	
801,673	774,71	
801,895	20,61	
802,116	332,77	
802,338	13,59	
802,559	52,17	
802,781	29,37	
803,002	76,73	
803,224	-107,42	
803,445	-288,05	
803,667	96,02	
803,888	-21,48	
804,109	143,37	
804,331	148,63	
804,552	-245,96	
804,773	267,88	
804,995	-505,51	
805,216	4,82	
805,437	210,01	
805,658	164,41	
805,88	-102,15	
806,101	-277,53	
806,322	124,08	
806,543	97,77	
806,764	-114,43	
806,985	450,27	
807,207	15,35	
807,428	211,76	
807,649	76,73	
807,87	-37,27	
808,091	192,47	
808,312	-158,27	
808,533	-231,93	
808,754	-351,18	
808,975	-75,85	
809,195	-237,19	
809,416	-2,19	
809,637	41,65	
809,858	-3,95	
810,079	-449,39	
810,3	-3,95	
810,52	169,67	
810,741	-32,01	
810,962	-616	
811,183	-263,5	
811,403	-40,77	
811,624	332,77	
811,845	569,52	
812,065	276,65	
812,286	-244,21	
812,506	353,81	
812,727	15,35	
812,948	-309,09	
813,168	-265,25	
813,389	-288,05	
813,609	246,84	
813,83	139,86	
814,05	-340,66	
814,27	-147,75	
814,491	45,16	
814,711	-0,44	
814,931	-7,45	
815,152	155,64	
815,372	202,99	
815,592	-174,06	
815,813	-56,56	
816,033	-168,8	
816,253	195,98	
816,473	371,35	
816,694	-175,81	
816,914	-35,51	
817,134	-84,62	
817,354	-126,71	
817,574	55,68	
817,794	297,7	
818,014	-316,11	
818,234	-691,41	
818,454	227,55	
818,674	171,43	
818,894	134,6	
819,114	-509,02	
819,334	134,6	
819,554	169,67	
819,774	-423,09	
819,994	-105,66	
820,214	-79,36	
820,433	87,25	
820,653	38,14	
820,873	-86,37	
821,093	-39,02	
821,312	-296,82	
821,532	-149,51	
821,752	-310,85	
821,972	-373,98	
822,191	-465,18	
822,411	299,45	
822,63	8,33	
822,85	201,24	
823,07	408,18	
823,289	-226,67	
823,509	-391,52	
823,728	97,77	
823,948	-177,56	
824,167	245,08	
824,387	39,9	
824,606	-165,29	
824,825	94,26	
825,045	64,45	
825,264	-102,15	
825,483	394,15	
825,703	-149,51	
825,922	-163,53	
826,141	108,29	
826,361	-373,98	
826,58	-235,44	
826,799	-303,83	
827,018	306,46	
827,237	-107,42	
827,456	-223,16	
827,676	-317,86	
827,895	127,58	
828,114	-307,34	
828,333	-174,06	
828,552	-319,62	
828,771	-65,33	
828,99	52,17	
829,209	-175,81	
829,428	-228,42	
829,647	-54,8	
829,866	-209,13	
830,084	-493,24	
830,303	-63,57	
830,522	57,43	
830,741	283,67	
830,96	357,32	
831,179	173,18	
831,397	24,11	
831,616	101,28	
831,835	-58,31	
832,053	136,35	
832,272	-188,09	
832,491	32,88	
832,709	260,87	
832,928	138,11	
833,147	-54,8	
833,365	-203,87	
833,584	-405,55	
833,802	167,92	
834,021	-82,86	
834,239	-130,21	
834,458	-105,66	
834,676	-102,15	
834,894	-228,42	
835,113	-88,12	
835,331	-79,36	
835,55	101,28	
835,768	145,12	
835,986	-216,15	
836,204	-163,53	
836,423	127,58	
836,641	74,97	
836,859	243,33	
837,077	357,32	
837,296	-30,25	
837,514	195,98	
837,732	99,52	
837,95	-616	
838,168	-3,95	
838,386	-146	
838,604	-186,33	
838,822	-10,96	
839,04	62,7	
839,258	180,2	
839,476	-224,92	
839,694	152,14	
839,912	-244,21	
840,13	-530,06	
840,348	-135,48	
840,566	3,07	
840,783	-216,15	
841,001	-249,47	
841,219	-321,37	
841,437	373,11	
841,655	-359,95	
841,872	353,81	
842,09	-2,19	
842,308	-267	
842,525	220,53	
842,743	106,54	
842,961	-89,88	
843,178	-261,74	
843,396	20,61	
843,613	390,64	
843,831	-340,66	
844,048	374,86	
844,266	-131,97	
844,483	287,17	
844,701	-146	
844,918	155,64	
845,136	-177,56	
845,353	-217,9	
845,57	231,05	
845,788	192,47	
846,005	259,11	
846,222	-310,85	
846,439	-172,3	
846,657	420,46	
846,874	-237,19	
847,091	118,81	
847,308	4,82	
847,526	-202,12	
847,743	-361,71	
847,96	-551,11	
848,177	346,8	
848,394	-461,67	
848,611	-46,04	
848,828	99,52	
849,045	401,16	
849,262	-237,19	
849,479	-189,84	
849,696	67,96	
849,913	-161,78	
850,13	17,1	
850,347	59,19	
850,564	-81,11	
850,78	11,84	
850,997	-14,47	
851,214	-114,43	
851,431	-254,73	
851,647	-40,77	
851,864	-314,36	
852,081	-330,14	
852,298	-44,28	
852,514	64,45	
852,731	185,46	
852,948	-547,6	
853,164	-435,36	
853,381	-423,09	
853,597	287,17	
853,814	-51,3	
854,03	-323,12	
854,247	-509,02	
854,463	-124,95	
854,68	-312,6	
854,896	-335,4	
855,113	-109,17	
855,329	190,72	
855,545	-642,3	
855,762	-54,8	
855,978	80,23	
856,194	138,11	
856,411	339,78	
856,627	-153,01	
856,843	-231,93	
857,059	-216,15	
857,275	-472,19	
857,492	288,93	
857,708	-14,47	
857,924	-158,27	
858,14	-130,21	
858,356	-2,19	
858,572	-21,48	
858,788	118,81	
859,004	-167,04	
859,22	-489,73	
859,436	-117,94	
859,652	294,19	
859,868	34,64	
860,084	-259,99	
860,3	497,62	
860,516	-393,27	
860,731	-21,48	
860,947	276,65	
861,163	48,67	
861,379	90,76	
861,595	-442,38	
861,81	-245,96	
862,026	-47,79	
862,242	-193,35	
862,457	-277,53	
862,673	45,16	
862,889	-133,72	
863,104	-28,5	
863,32	-131,97	
863,535	-230,18	
863,751	-188,09	
863,966	-326,63	
864,182	-109,17	
864,397	185,46	
864,613	178,44	
864,828	164,41	
865,044	173,18	
865,259	-142,49	
865,474	89	
865,69	-174,06	
865,905	-121,45	
866,12	-51,3	
866,336	204,75	
866,551	110,05	
866,766	-24,99	
866,981	-258,24	
867,196	281,91	
867,412	195,98	
867,627	-146	
867,842	-342,42	
868,057	-147,75	
868,272	-46,04	
868,487	157,4	
868,702	-245,96	
868,917	188,96	
869,132	-35,51	
869,347	-219,65	
869,562	-191,59	
869,777	227,55	
869,992	-417,83	
870,207	-214,39	
870,422	-188,09	
870,636	-184,58	
870,851	-65,33	
871,066	-23,24	
871,281	-93,39	
871,495	17,1	
871,71	-86,37	
871,925	-517,79	
872,14	-117,94	
872,354	278,4	
872,569	81,99	
872,783	-296,82	
872,998	-56,56	
873,213	-203,87	
873,427	-198,61	
873,642	-335,4	
873,856	-131,97	
874,071	-70,59	
874,285	-505,51	
874,5	-188,09	
874,714	-361,71	
874,928	346,8	
875,143	-337,15	
875,357	-340,66	
875,571	-326,63	
875,786	-195,1	
876	131,09	
876,214	-186,33	
876,429	25,87	
876,643	211,76	
876,857	6,58	
877,071	-30,25	
877,285	-321,37	
877,499	-293,31	
877,714	-386,26	
877,928	-224,92	
878,142	-142,49	
878,356	-24,99	
878,57	-396,78	
878,784	-351,18	
878,998	122,32	
879,212	544,97	
879,426	36,39	
879,639	-468,68	
879,853	87,25	
880,067	180,2	
880,281	-100,4	
880,495	-312,6	
880,709	-649,32	
880,922	187,21	
881,136	232,81	
881,35	-637,04	
881,564	1,32	
881,777	-72,34	
881,991	-9,21	
882,205	-466,93	
882,418	210,01	
882,632	-263,5	
882,845	183,7	
883,059	-124,95	
883,273	99,52	
883,486	-168,8	
883,7	250,34	
883,913	234,56	
884,126	-109,17	
884,34	97,77	
884,553	164,41	
884,767	-244,21	
884,98	-538,83	
885,193	-198,61	
885,407	164,41	
885,62	131,09	
885,833	-28,5	
886,046	27,62	
886,26	-286,3	
886,473	-33,76	
886,686	-103,91	
886,899	301,2	
887,112	-386,26	
887,326	-158,27	
887,539	-484,47	
887,752	-235,44	
887,965	217,02	
888,178	-39,02	
888,391	-510,77	
888,604	-175,81	
888,817	1,32	
889,03	174,93	
889,243	138,11	
889,455	-35,51	
889,668	-207,38	
889,881	-81,11	
890,094	146,87	
890,307	-75,85	
890,52	-372,23	
890,732	85,49	
890,945	113,55	
891,158	-291,56	
891,37	-39,02	
891,583	-298,57	
891,796	-207,38	
892,008	-63,57	
892,221	306,46	
892,434	-237,19	
892,646	-475,7	
892,859	8,33	
893,071	420,46	
893,284	-303,83	
893,496	-175,81	
893,709	45,16	
893,921	-7,45	
894,133	-410,81	
894,346	-244,21	
894,558	-221,41	
894,771	117,06	
894,983	-91,63	
895,195	-496,74	
895,407	-179,32	
895,62	-682,64	
895,832	-96,89	
896,044	-323,12	
896,256	132,84	
896,468	166,17	
896,681	-26,74	
896,893	-67,08	
897,105	-70,59	
897,317	-179,32	
897,529	99,52	
897,741	-221,41	
897,953	99,52	
898,165	192,47	
898,377	-54,8	
898,589	27,62	
898,801	-237,19	
899,013	-7,45	
899,224	78,48	
899,436	-298,57	
899,648	122,32	
899,86	104,79	
900,072	-24,99	
900,283	-175,81	
900,495	-114,43	
900,707	-153,01	
900,919	-56,56	
901,13	155,64	
901,342	-256,48	
901,554	-503,76	
901,765	-140,74	
901,977	-288,05	
902,188	90,76	
902,4	450,27	
902,611	125,83	
902,823	-217,9	
903,034	-28,5	
903,246	304,71	
903,457	174,93	
903,669	199,49	
903,88	31,13	
904,091	-519,54	
904,303	218,78	
904,514	-438,87	
904,725	-93,39	
904,936	64,45	
905,148	-463,42	
905,359	-309,09	
905,57	-247,71	
905,781	-223,16	
905,992	-526,56	
906,204	-424,84	
906,415	-242,45	
906,626	-195,1	
906,837	-277,53	
907,048	-277,53	
907,259	-170,55	
907,47	67,96	
907,681	-88,12	
907,892	155,64	
908,103	-65,33	
908,314	-181,07	
908,525	89	
908,735	-51,3	
908,946	48,67	
909,157	-135,48	
909,368	202,99	
909,579	-37,27	
909,789	-19,73	
910	518,66	
910,211	-146	
910,421	-137,23	
910,632	-605,47	
910,843	-186,33	
911,053	195,98	
911,264	-340,66	
911,475	-507,27	
911,685	18,85	
911,896	-117,94	
912,106	-396,78	
912,317	-275,77	
912,527	-33,76	
912,737	4,82	
912,948	-617,75	
913,158	-377,49	
913,369	39,9	
913,579	-347,68	
913,789	11,84	
914	-330,14	
914,21	245,08	
914,42	302,96	
914,63	-373,98	
914,841	8,33	
915,051	104,79	
915,261	90,76	
915,471	-330,14	
915,681	260,87	
915,891	-123,2	
916,101	59,19	
916,311	34,64	
916,521	-35,51	
916,731	437,99	
916,941	32,88	
917,151	264,37	
917,361	-81,11	
917,571	125,83	
917,781	-381	
917,991	-205,62	
918,201	345,05	
918,411	-61,82	
918,621	167,92	
918,83	-96,89	
919,04	71,46	
919,25	-217,9	
919,46	-452,9	
919,669	-179,32	
919,879	146,87	
920,089	227,55	
920,298	-249,47	
920,508	246,84	
920,717	-384,5	
920,927	59,19	
921,136	-805,4	
921,346	-184,58	
921,555	-456,41	
921,765	-63,57	
921,974	-170,55	
922,184	-70,59	
922,393	369,6	
922,603	318,74	
922,812	-417,83	
923,021	-138,98	
923,23	-63,57	
923,44	-184,58	
923,649	201,24	
923,858	32,88	
924,067	-161,78	
924,277	-126,71	
924,486	-409,06	
924,695	-331,89	
924,904	18,85	
925,113	-291,56	
925,322	-659,84	
925,531	-219,65	
925,74	-458,16	
925,949	8,33	
926,158	-384,5	
926,367	-228,42	
926,576	-345,92	
926,785	-30,25	
926,994	13,59	
927,203	-277,53	
927,412	-160,03	
927,621	-223,16	
927,83	-195,1	
928,038	-60,07	
928,247	-12,71	
928,456	125,83	
928,665	-28,5	
928,873	-161,78	
929,082	4,82	
929,291	83,74	
929,499	-63,57	
929,708	108,29	
929,916	-288,05	
930,125	-107,42	
930,333	122,32	
930,542	-319,62	
930,75	-237,19	
930,959	-39,02	
931,167	-342,42	
931,376	-82,86	
931,584	-96,89	
931,793	-396,78	
932,001	148,63	
932,209	17,1	
932,418	252,1	
932,626	20,61	
932,834	-444,13	
933,042	-165,29	
933,251	-412,56	
933,459	-186,33	
933,667	146,87	
933,875	285,42	
934,083	-65,33	
934,291	-179,32	
934,499	-247,71	
934,707	202,99	
934,915	222,28	
935,123	-19,73	
935,331	-545,85	
935,539	-381	
935,747	-259,99	
935,955	-381	
936,163	-484,47	
936,371	-288,05	
936,579	-79,36	
936,787	27,62	
936,995	-117,94	
937,202	108,29	
937,41	45,16	
937,618	-26,74	
937,826	-151,26	
938,033	-242,45	
938,241	-54,8	
938,449	-138,98	
938,656	-375,74	
938,864	-342,42	
939,071	-170,55	
939,279	-245,96	
939,486	-10,96	
939,694	-26,74	
939,901	-88,12	
940,109	-240,7	
940,316	-67,08	
940,524	-237,19	
940,731	-295,06	
940,939	-156,52	
941,146	-577,41	
941,353	-142,49	
941,561	353,81	
941,768	-46,04	
941,975	-314,36	
942,182	-121,45	
942,39	159,15	
942,597	110,05	
942,804	-212,64	
943,011	-428,35	
943,218	-30,25	
943,425	-121,45	
943,632	-103,91	
943,839	-237,19	
944,046	188,96	
944,253	-96,89	
944,46	-286,3	
944,667	-39,02	
944,874	-224,92	
945,081	-98,65	
945,288	-295,06	
945,495	-17,98	
945,702	338,03	
945,909	-252,98	
946,115	-158,27	
946,322	-46,04	
946,529	-153,01	
946,736	45,16	
946,942	-326,63	
947,149	-447,64	
947,356	-86,37	
947,562	-442,38	
947,769	348,55	
947,976	124,08	
948,182	248,59	
948,389	64,45	
948,595	181,95	
948,802	194,23	
949,008	-289,8	
949,215	-33,76	
949,421	-459,91	
949,628	-256,48	
949,834	-146	
950,04	246,84	
950,247	-291,56	
950,453	-275,77	
950,659	-338,91	
950,865	-365,21	
951,072	-186,33	
951,278	81,99	
951,484	-121,45	
951,69	-107,42	
951,896	94,26	
952,103	-47,79	
952,309	106,54	
952,515	-212,64	
952,721	-300,33	
952,927	1,32	
953,133	-98,65	
953,339	430,98	
953,545	-54,8	
953,751	-417,83	
953,957	-130,21	
954,163	-410,81	
954,369	404,67	
954,574	-77,6	
954,78	-591,44	
954,986	-89,88	
955,192	-75,85	
955,398	36,39	
955,603	10,08	
955,809	18,85	
956,015	280,16	
956,22	-361,71	
956,426	-46,04	
956,632	-363,46	
956,837	43,4	
957,043	150,38	
957,248	-570,4	
957,454	-107,42	
957,66	-351,18	
957,865	-288,05	
958,07	18,85	
958,276	345,05	
958,481	-205,62	
958,687	-484,47	
958,892	206,5	
959,097	-82,86	
959,303	136,35	
959,508	225,79	
959,713	-263,5	
959,919	-124,95	
960,124	-84,62	
960,329	85,49	
960,534	-88,12	
960,739	46,91	
960,945	-10,96	
961,15	-298,57	
961,355	-295,06	
961,56	-275,77	
961,765	-307,34	
961,97	71,46	
962,175	1,32	
962,38	34,64	
962,585	-416,07	
962,79	-67,08	
962,995	-456,41	
963,2	-175,81	
963,404	132,84	
963,609	113,55	
963,814	155,64	
964,019	69,71	
964,224	-231,93	
964,428	-386,26	
964,633	-494,99	
964,838	-610,74	
965,042	-281,03	
965,247	371,35	
965,452	-744,02	
965,656	110,05	
965,861	-323,12	
966,066	-354,69	
966,27	-442,38	
966,475	-200,36	
966,679	-440,62	
966,884	-424,84	
967,088	-328,39	
967,292	-505,51	
967,497	187,21	
967,701	-7,45	
967,906	-26,74	
968,11	-235,44	
968,314	-424,84	
968,518	-233,68	
968,723	269,64	
968,927	-186,33	
969,131	-342,42	
969,335	124,08	
969,539	460,79	
969,744	-735,25	
969,948	201,24	
970,152	-351,18	
970,356	18,85	
970,56	57,43	
970,764	-358,2	
970,968	-61,82	
971,172	217,02	
971,376	204,75	
971,58	111,8	
971,784	-116,18	
971,988	311,72	
972,192	87,25	
972,395	185,46	
972,599	-466,93	
972,803	113,55	
973,007	15,35	
973,21	-9,21	
973,414	-58,31	
973,618	-251,22	
973,822	-74,09	
974,025	325,75	
974,229	138,11	
974,432	4,82	
974,636	-0,44	
974,84	1,32	
975,043	-96,89	
975,247	362,58	
975,45	-370,47	
975,654	-396,78	
975,857	101,28	
976,06	-81,11	
976,264	106,54	
976,467	-379,24	
976,671	-138,98	
976,874	-121,45	
977,077	-303,83	
977,28	-21,48	
977,484	-582,68	
977,687	-32,01	
977,89	239,82	
978,093	-121,45	
978,297	-46,04	
978,5	-95,14	
978,703	218,78	
978,906	38,14	
979,109	-103,91	
979,312	-251,22	
979,515	288,93	
979,718	-112,68	
979,921	18,85	
980,124	-288,05	
980,327	192,47	
980,53	-393,27	
980,733	-189,84	
980,936	288,93	
981,138	-98,65	
981,341	232,81	
981,544	-259,99	
981,747	-67,08	
981,949	-112,68	
982,152	45,16	
982,355	66,2	
982,558	-21,48	
982,76	-437,12	
982,963	-210,89	
983,165	-475,7	
983,368	-240,7	
983,571	-210,89	
983,773	74,97	
983,976	287,17	
984,178	-102,15	
984,381	-61,82	
984,583	10,08	
984,785	-293,31	
984,988	97,77	
985,19	159,15	
985,392	-274,02	
985,595	355,57	
985,797	-361,71	
985,999	-193,35	
986,202	1,32	
986,404	-235,44	
986,606	113,55	
986,808	194,23	
987,01	-128,46	
987,212	283,67	
987,415	-26,74	
987,617	-305,59	
987,819	-100,4	
988,021	362,58	
988,223	127,58	
988,425	-182,83	
988,627	-503,76	
988,829	29,37	
989,031	169,67	
989,232	259,11	
989,434	-445,88	
989,636	255,61	
989,838	-354,69	
990,04	153,89	
990,242	3,07	
990,443	-335,4	
990,645	8,33	
990,847	-121,45	
991,048	62,7	
991,25	-405,55	
991,452	-151,26	
991,653	-238,95	
991,855	-433,61	
992,057	-32,01	
992,258	-347,68	
992,46	288,93	
992,661	-168,8	
992,863	13,59	
993,064	218,78	
993,265	-352,94	
993,467	-186,33	
993,668	185,46	
993,87	406,43	
994,071	-14,47	
994,272	-12,71	
994,473	-131,97	
994,675	-317,86	
994,876	-407,3	
995,077	-95,14	
995,278	59,19	
995,48	3,07	
995,681	-205,62	
995,882	-17,98	
996,083	-114,43	
996,284	-16,22	
996,485	-240,7	
996,686	148,63	
996,887	60,94	
997,088	-138,98	
997,289	15,35	
997,49	60,94	
997,691	-77,6	
997,892	22,36	
998,092	-337,15	
998,293	195,98	
998,494	-174,06	
998,695	-133,72	
998,896	66,2	
999,096	-35,51	
999,297	-452,9	
999,498	-182,83	
999,698	-333,65	
999,899	-19,73	
1000,1	-445,88	
1000,3	-430,1	
1000,501	-144,24	
1000,701	-100,4	
1000,902	-270,51	
1001,102	359,08	
1001,303	-121,45	
1001,503	1,32	
1001,704	-23,24	
1001,904	145,12	
1002,105	-67,08	
1002,305	-79,36	
1002,505	-400,29	
1002,706	-675,62	
1002,906	-409,06	
1003,106	-303,83	
1003,306	-89,88	
1003,507	-39,02	
1003,707	-75,85	
1003,907	-12,71	
1004,107	-89,88	
1004,307	27,62	
1004,507	-286,3	
1004,707	80,23	
1004,907	-281,03	
1005,107	-81,11	
1005,308	-81,11	
1005,507	-456,41	
1005,707	-359,95	
1005,907	-196,86	
1006,107	-244,21	
1006,307	-184,58	
1006,507	-7,45	
1006,707	-198,61	
1006,907	245,08	
1007,106	45,16	
1007,306	-58,31	
1007,506	111,8	
1007,706	22,36	
1007,905	-291,56	
1008,105	-33,76	
1008,305	11,84	
1008,504	-407,3	
1008,704	150,38	
1008,903	-535,32	
1009,103	83,74	
1009,303	-16,22	
1009,502	-210,89	
1009,702	110,05	
1009,901	117,06	
1010,1	-193,35	
1010,3	-293,31	
1010,499	80,23	
1010,699	-212,64	
1010,898	-514,28	
1011,097	-216,15	
1011,296	-245,96	
1011,496	92,51	
1011,695	418,7	
1011,894	-86,37	
1012,093	202,99	
1012,293	-445,88	
1012,492	-46,04	
1012,691	-202,12	
1012,89	-174,06	
1013,089	-267	
1013,288	208,26	
1013,487	-219,65	
1013,686	-151,26	
1013,885	-337,15	
1014,084	-210,89	
1014,283	-114,43	
1014,482	-300,33	
1014,681	-356,44	
1014,88	-151,26	
1015,078	206,5	
1015,277	78,48	
1015,476	-14,47	
1015,675	-231,93	
1015,873	-19,73	
1016,072	-468,68	
1016,271	146,87	
1016,47	-39,02	
1016,668	-39,02	
1016,867	-438,87	
1017,065	-116,18	
1017,264	-203,87	
1017,463	-356,44	
1017,661	8,33	
1017,86	-174,06	
1018,058	36,39	
1018,256	-407,3	
1018,455	-512,53	
1018,653	10,08	
1018,852	-151,26	
1019,05	-340,66	
1019,248	213,52	
1019,447	-344,17	
1019,645	-2,19	
1019,843	-209,13	
1020,041	-594,95	
1020,24	-366,97	
1020,438	-67,08	
1020,636	-275,77	
1020,834	-267	
1021,032	6,58	
1021,23	-328,39	
1021,428	-170,55	
1021,626	22,36	
1021,824	34,64	
1022,022	-330,14	
1022,22	-628,27	
1022,418	-275,77	
1022,616	-186,33	
1022,814	-382,75	
1023,012	-70,59	
1023,21	-328,39	
1023,408	401,16	
1023,606	-345,92	
1023,803	-370,47	
1024,001	178,44	
1024,199	-189,84	
1024,397	-74,09	
1024,594	341,54	
1024,792	-42,53	
1024,99	-251,22	
1025,187	48,67	
1025,385	316,99	
1025,582	-496,74	
1025,78	-49,54	
1025,977	-424,84	
1026,175	17,1	
1026,372	-344,17	
1026,57	-210,89	
1026,767	441,5	
1026,965	-61,82	
1027,162	-682,64	
1027,359	62,7	
1027,557	-147,75	
1027,754	-442,38	
1027,951	-35,51	
1028,148	-184,58	
1028,346	97,77	
1028,543	-77,6	
1028,74	-386,26	
1028,937	-88,12	
1029,134	-2,19	
1029,331	-210,89	
1029,528	13,59	
1029,725	185,46	
1029,923	-177,56	
1030,12	257,36	
1030,317	-344,17	
1030,513	90,76	
1030,71	-366,97	
1030,907	-167,04	
1031,104	43,4	
1031,301	-326,63	
1031,498	-105,66	
1031,695	-409,06	
1031,892	-579,17	
1032,088	-245,96	
1032,285	-416,07	
1032,482	-189,84	
1032,678	-373,98	
1032,875	89	
1033,072	357,32	
1033,268	-237,19	
1033,465	118,81	
1033,662	166,17	
1033,858	29,37	
1034,055	-102,15	
1034,251	-393,27	
1034,448	167,92	
1034,644	-272,27	
1034,84	-147,75	
1035,037	-114,43	
1035,233	-466,93	
1035,43	-424,84	
1035,626	-466,93	
1035,822	-347,68	
1036,019	-12,71	
1036,215	138,11	
1036,411	-254,73	
1036,607	-388,01	
1036,803	-160,03	
1037	-161,78	
1037,196	551,99	
1037,392	-381	
1037,588	-124,95	
1037,784	20,61	
1037,98	13,59	
1038,176	-324,88	
1038,372	120,57	
1038,568	-379,24	
1038,764	-151,26	
1038,96	-133,72	
1039,156	-345,92	
1039,352	-393,27	
1039,547	-189,84	
1039,743	-475,7	
1039,939	87,25	
1040,135	-409,06	
1040,331	-463,42	
1040,526	-431,86	
1040,722	-32,01	
1040,918	-468,68	
1041,113	-188,09	
1041,309	-505,51	
1041,505	-23,24	
1041,7	-82,86	
1041,896	206,5	
1042,091	-337,15	
1042,287	20,61	
1042,482	1,32	
1042,678	-116,18	
1042,873	166,17	
1043,069	-221,41	
1043,264	122,32	
1043,459	62,7	
1043,655	-321,37	
1043,85	-170,55	
1044,045	-693,16	
1044,24	-307,34	
1044,436	-477,45	
1044,631	-193,35	
1044,826	-254,73	
1045,021	-254,73	
1045,216	-254,73	
