couleur : noir
angle source :0
angle capteur :30
source : 6500K
FLMT02171_1:101		
194,658	-1913,61	
194,923	-1913,61	
195,188	-1913,61	
195,453	-1871,52	
195,717	-187,94	
195,982	573,18	
196,247	132,99	
196,512	-237,05	
196,777	-89,73	
197,042	-72,2	
197,307	104,93	
197,572	-7,31	
197,837	-30,11	
198,101	-275,63	
198,366	-77,46	
198,631	13,74	
198,896	-35,37	
199,161	466,2	
199,425	-344,02	
199,69	220,68	
199,955	-31,86	
200,22	-126,56	
200,484	-682,49	
200,749	-186,19	
201,014	-2,05	
201,278	-317,72	
201,543	452,17	
201,807	-284,4	
202,072	225,94	
202,337	252,24	
202,601	192,62	
202,866	-500,1	
203,13	-377,34	
203,395	-293,16	
203,659	182,1	
203,924	-303,69	
204,189	-28,35	
204,453	-37,12	
204,717	-394,88	
204,982	52,32	
205,246	-35,37	
205,511	290,83	
205,775	27,77	
206,04	90,9	
206,304	-328,24	
206,568	-189,69	
206,833	-310,7	
207,097	6,72	
207,361	-35,37	
207,626	-258,09	
207,89	24,26	
208,154	38,29	
208,419	62,84	
208,683	-130,07	
208,947	1,46	
209,211	222,43	
209,476	96,16	
209,74	283,81	
210,004	639,82	
210,268	285,57	
210,532	504,78	
210,796	220,68	
211,061	-324,73	
211,325	15,49	
211,589	543,36	
211,853	357,47	
212,117	-135,33	
212,381	371,5	
212,645	138,25	
212,909	155,79	
213,173	41,8	
213,437	-109,02	
213,701	346,95	
213,965	59,33	
214,229	380,27	
214,493	161,05	
214,757	-44,14	
215,021	-100,25	
215,285	155,79	
215,549	-408,91	
215,813	-66,93	
216,077	-7,31	
216,34	31,27	
216,604	166,31	
216,868	-98,5	
217,132	-475,55	
217,396	322,39	
217,659	-51,15	
217,923	431,12	
218,187	-193,2	
218,451	334,67	
218,714	87,39	
218,978	55,83	
219,242	485,49	
219,505	257,51	
219,769	-186,19	
220,033	334,67	
220,296	248,74	
220,56	43,55	
220,824	101,42	
221,087	289,07	
221,351	-63,43	
221,614	-166,9	
221,878	-391,37	
222,142	36,54	
222,405	190,86	
222,669	-372,08	
222,932	-121,3	
223,196	215,42	
223,459	229,45	
223,722	61,09	
223,986	-172,16	
224,249	266,27	
224,513	196,13	
224,776	-270,37	
225,04	-94,99	
225,303	-377,34	
225,566	199,63	
225,83	311,87	
226,093	71,61	
226,356	-128,31	
226,62	436,39	
226,883	-493,09	
227,146	-391,37	
227,409	-240,55	
227,673	567,92	
227,936	-314,21	
228,199	48,81	
228,462	352,21	
228,725	164,56	
228,989	73,36	
229,252	124,22	
229,515	-112,53	
229,778	162,8	
230,041	278,55	
230,304	-429,96	
230,567	-175,66	
230,83	-3,8	
231,093	1,46	
231,356	83,89	
231,619	-182,68	
231,882	-63,43	
232,145	-47,64	
232,408	-233,54	
232,671	17,24	
232,934	-256,34	
233,197	87,39	
233,46	446,91	
233,723	-7,31	
233,986	187,36	
234,249	-187,94	
234,512	19	
234,775	157,54	
235,037	171,57	
235,3	-207,23	
235,563	629,3	
235,826	315,38	
236,089	159,3	
236,351	-54,66	
236,614	78,63	
236,877	157,54	
237,14	-308,95	
237,402	-87,98	
237,665	106,69	
237,928	22,51	
238,19	-226,52	
238,453	199,63	
238,716	559,15	
238,978	-75,7	
239,241	43,55	
239,503	143,51	
239,766	8,48	
240,029	283,81	
240,291	-198,46	
240,554	232,95	
240,816	131,24	
241,079	162,8	
241,341	57,58	
241,604	-586,04	
241,866	-237,05	
242,129	-256,34	
242,391	197,88	
242,653	-26,6	
242,916	71,61	
243,178	-107,27	
243,441	236,46	
243,703	155,79	
243,965	-75,7	
244,228	481,98	
244,49	-109,02	
244,752	80,38	
245,015	215,42	
245,277	-307,19	
245,539	-315,96	
245,801	-394,88	
246,064	155,79	
246,326	147,02	
246,588	-265,1	
246,85	571,42	
247,112	-224,77	
247,374	225,94	
247,637	-168,65	
247,899	-352,79	
248,161	138,25	
248,423	-203,72	
248,685	348,7	
248,947	276,8	
249,209	487,24	
249,471	-126,56	
249,733	-200,22	
249,995	-231,78	
250,257	-451	
250,519	215,42	
250,781	371,5	
251,043	264,52	
251,305	164,56	
251,567	420,6	
251,829	90,9	
252,091	41,8	
252,353	-186,19	
252,615	75,12	
252,876	-168,65	
253,138	161,05	
253,4	-137,08	
253,662	-107,27	
253,924	-586,04	
254,185	27,77	
254,447	-140,59	
254,709	408,33	
254,971	-94,99	
255,232	110,19	
255,494	497,77	
255,756	87,39	
256,017	-366,82	
256,279	-559,73	
256,541	-168,65	
256,802	140,01	
257,064	-152,87	
257,326	-287,9	
257,587	26,01	
257,849	248,74	
258,11	87,39	
258,372	-247,57	
258,633	111,95	
258,895	480,23	
259,156	443,4	
259,418	-177,42	
259,679	290,83	
259,941	199,63	
260,202	82,13	
260,464	-184,43	
260,725	24,26	
260,987	201,39	
261,248	-40,63	
261,509	210,15	
261,771	252,24	
262,032	134,74	
262,293	178,59	
262,555	47,06	
262,816	175,08	
263,077	-175,66	
263,338	-198,46	
263,6	-549,21	
263,861	-368,57	
264,122	182,1	
264,383	-66,93	
264,645	-231,78	
264,906	-66,93	
265,167	-128,31	
265,428	6,72	
265,689	-198,46	
265,95	357,47	
266,211	36,54	
266,473	-231,78	
266,734	-126,56	
266,995	129,48	
267,256	66,35	
267,517	40,04	
267,778	-77,46	
268,039	-144,1	
268,3	531,09	
268,561	71,61	
268,822	-179,17	
269,083	301,35	
269,344	-30,11	
269,604	269,78	
269,865	-331,75	
270,126	225,94	
270,387	24,26	
270,648	-621,11	
270,909	-489,58	
271,17	-28,35	
271,43	310,12	
271,691	306,61	
271,952	-96,75	
272,213	-44,14	
272,473	-414,17	
272,734	313,62	
272,995	-543,95	
273,256	-479,06	
273,516	-186,19	
273,777	-70,44	
274,038	-252,83	
274,298	148,77	
274,559	-14,32	
274,82	-114,28	
275,08	-214,25	
275,341	-519,4	
275,601	-472,04	
275,862	-200,22	
276,122	329,41	
276,383	57,58	
276,643	364,48	
276,904	234,71	
277,164	320,64	
277,425	473,21	
277,685	-194,96	
277,946	24,26	
278,206	-282,64	
278,467	24,26	
278,727	527,58	
278,987	145,27	
279,248	239,97	
279,508	31,27	
279,768	-65,18	
280,029	40,04	
280,289	-49,4	
280,549	-58,17	
280,81	68,1	
281,07	287,32	
281,33	-322,98	
281,59	560,9	
281,851	97,92	
282,111	-137,08	
282,371	382,02	
282,631	-102,01	
282,891	-193,2	
283,151	-221,26	
283,412	-72,2	
283,672	43,55	
283,932	246,98	
284,192	-401,9	
284,452	-212,49	
284,712	132,99	
284,972	4,97	
285,232	432,88	
285,492	196,13	
285,752	199,63	
286,012	87,39	
286,272	-484,32	
286,532	301,35	
286,792	76,87	
287,052	-149,36	
287,312	-261,6	
287,571	-42,38	
287,831	-158,13	
288,091	213,66	
288,351	-382,6	
288,611	-372,08	
288,871	-168,65	
289,13	-265,1	
289,39	208,4	
289,65	54,07	
289,91	525,83	
290,17	396,05	
290,429	-61,67	
290,689	69,86	
290,949	118,96	
291,208	-105,52	
291,468	-328,24	
291,728	-19,58	
291,987	-393,13	
292,247	-228,28	
292,506	592,47	
292,766	103,18	
293,026	-30,11	
293,285	-126,56	
293,545	204,89	
293,804	-159,88	
294,064	382,02	
294,323	122,47	
294,583	-361,56	
294,842	-415,93	
295,102	138,25	
295,361	390,79	
295,621	218,92	
295,88	204,89	
296,139	-207,23	
296,399	104,93	
296,658	52,32	
296,917	-321,22	
297,177	-40,63	
297,436	471,46	
297,695	83,89	
297,955	313,62	
298,214	-247,57	
298,473	26,01	
298,732	-12,57	
298,992	129,48	
299,251	-17,83	
299,51	-87,98	
299,769	178,59	
300,028	-429,96	
300,287	-72,2	
300,547	-454,51	
300,806	148,77	
301,065	-608,84	
301,324	52,32	
301,583	59,33	
301,842	204,89	
302,101	50,57	
302,36	306,61	
302,619	404,82	
302,878	127,73	
303,137	61,09	
303,396	-314,21	
303,655	417,09	
303,914	290,83	
304,173	11,98	
304,432	206,65	
304,691	-349,28	
304,95	324,15	
305,208	159,3	
305,467	-231,78	
305,726	-728,09	
305,985	-138,84	
306,244	-65,18	
306,503	-31,86	
306,761	220,68	
307,02	-366,82	
307,279	173,33	
307,537	182,1	
307,796	-394,88	
308,055	-251,08	
308,314	-109,02	
308,572	175,08	
308,831	-322,98	
309,09	522,32	
309,348	243,48	
309,607	-12,57	
309,865	304,86	
310,124	434,63	
310,382	103,18	
310,641	-3,8	
310,9	-398,39	
311,158	169,82	
311,417	90,9	
311,675	-354,55	
311,933	-170,4	
312,192	173,33	
312,45	-387,87	
312,709	-98,5	
312,967	331,16	
313,226	452,17	
313,484	-175,66	
313,742	206,65	
314,001	-52,9	
314,259	271,54	
314,517	239,97	
314,776	-294,92	
315,034	19	
315,292	43,55	
315,55	308,36	
315,809	-156,37	
316,067	66,35	
316,325	-105,52	
316,583	57,58	
316,841	-270,37	
317,1	206,65	
317,358	19	
317,616	-291,41	
317,874	-23,09	
318,132	29,52	
318,39	222,43	
318,648	185,6	
318,906	15,49	
319,164	-280,89	
319,422	-233,54	
319,68	-344,02	
319,938	-170,4	
320,196	-107,27	
320,454	157,54	
320,712	-252,83	
320,97	-105,52	
321,228	-189,69	
321,486	-245,81	
321,744	-58,17	
322,002	-140,59	
322,26	136,5	
322,517	-84,47	
322,775	-158,13	
323,033	-284,4	
323,291	-210,74	
323,549	-47,64	
323,806	-80,96	
324,064	8,48	
324,322	190,86	
324,58	97,92	
324,837	-240,55	
325,095	-173,91	
325,353	366,24	
325,61	-44,14	
325,868	294,33	
326,126	-319,47	
326,383	348,7	
326,641	-184,43	
326,898	-144,1	
327,156	147,02	
327,413	131,24	
327,671	90,9	
327,928	52,32	
328,186	145,27	
328,443	-277,38	
328,701	140,01	
328,958	-428,2	
329,216	103,18	
329,473	90,9	
329,731	-194,96	
329,988	161,05	
330,245	-59,92	
330,503	-179,17	
330,76	175,08	
331,017	-26,6	
331,275	132,99	
331,532	141,76	
331,789	257,51	
332,047	13,74	
332,304	-184,43	
332,561	617,02	
332,818	-44,14	
333,076	-14,32	
333,333	59,33	
333,59	122,47	
333,847	322,39	
334,104	290,83	
334,361	311,87	
334,618	-142,34	
334,876	275,04	
335,133	-287,9	
335,39	-26,6	
335,647	-401,9	
335,904	-214,25	
336,161	-443,99	
336,418	-119,55	
336,675	-149,36	
336,932	-66,93	
337,189	282,06	
337,446	52,32	
337,703	210,15	
337,96	-10,81	
338,216	-156,37	
338,473	-303,69	
338,73	-373,84	
338,987	-116,04	
339,244	-251,08	
339,501	196,13	
339,757	-428,2	
340,014	-379,1	
340,271	-2,05	
340,528	96,16	
340,785	339,93	
341,041	-137,08	
341,298	45,3	
341,555	-144,1	
341,811	-459,77	
342,068	180,34	
342,325	-145,85	
342,581	-54,66	
342,838	155,79	
343,094	359,22	
343,351	-305,44	
343,608	-156,37	
343,864	71,61	
344,121	-163,39	
344,377	50,57	
344,634	562,65	
344,89	24,26	
345,147	-268,61	
345,403	-94,99	
345,66	29,52	
345,916	-429,96	
346,172	-170,4	
346,429	318,89	
346,685	-40,63	
346,942	-82,72	
347,198	-196,71	
347,454	-252,83	
347,711	120,71	
347,967	-44,14	
348,223	-128,31	
348,48	-87,98	
348,736	-147,61	
348,992	-226,52	
349,248	80,38	
349,504	-0,29	
349,761	22,51	
350,017	-3,8	
350,273	-329,99	
350,529	-356,3	
350,785	122,47	
351,041	-338,76	
351,297	-65,18	
351,554	-217,75	
351,81	-461,52	
352,066	4,97	
352,322	-158,13	
352,578	641,57	
352,834	-52,9	
353,09	225,94	
353,346	-56,41	
353,602	68,1	
353,858	-282,64	
354,114	-93,24	
354,369	-16,08	
354,625	6,72	
354,881	-344,02	
355,137	55,83	
355,393	-438,72	
355,649	-322,98	
355,905	-400,14	
356,16	-98,5	
356,416	147,02	
356,672	-247,57	
356,928	-186,19	
357,183	52,32	
357,439	-487,83	
357,695	-42,38	
357,951	-284,4	
358,206	89,15	
358,462	141,76	
358,718	-177,42	
358,973	108,44	
359,229	-96,75	
359,484	-73,95	
359,74	-240,55	
359,996	-14,32	
360,251	-16,08	
360,507	-240,55	
360,762	33,03	
361,018	164,56	
361,273	27,77	
361,529	-301,93	
361,784	375,01	
362,04	-245,81	
362,295	19	
362,55	-466,78	
362,806	17,24	
363,061	141,76	
363,316	-228,28	
363,572	294,33	
363,827	-159,88	
364,082	471,46	
364,338	-26,6	
364,593	-223,02	
364,848	231,2	
365,104	-419,43	
365,359	-75,7	
365,614	-335,25	
365,869	85,64	
366,124	-140,59	
366,38	222,43	
366,635	232,95	
366,89	40,04	
367,145	-65,18	
367,4	132,99	
367,655	83,89	
367,91	-535,18	
368,165	-70,44	
368,42	24,26	
368,675	94,41	
368,93	-49,4	
369,185	332,92	
369,44	-91,49	
369,695	40,04	
369,95	-33,61	
370,205	-231,78	
370,46	1,46	
370,715	161,05	
370,97	69,86	
371,225	387,28	
371,48	308,36	
371,734	-187,94	
371,989	24,26	
372,244	-617,6	
372,499	54,07	
372,754	392,54	
373,008	-707,04	
373,263	-107,27	
373,518	273,29	
373,773	-168,65	
374,027	-256,34	
374,282	29,52	
374,537	231,2	
374,791	245,23	
375,046	31,27	
375,301	369,74	
375,555	166,31	
375,81	-287,9	
376,064	-73,95	
376,319	127,73	
376,573	-182,68	
376,828	-547,45	
377,082	-421,19	
377,337	261,01	
377,591	-338,76	
377,846	-294,92	
378,1	157,54	
378,355	115,45	
378,609	366,24	
378,863	-280,89	
379,118	154,04	
379,372	-314,21	
379,627	155,79	
379,881	204,89	
380,135	132,99	
380,389	-291,41	
380,644	-359,81	
380,898	334,67	
381,152	-373,84	
381,407	-284,4	
381,661	141,76	
381,915	332,92	
382,169	69,86	
382,423	-10,81	
382,677	-293,16	
382,932	324,15	
383,186	11,98	
383,44	-273,87	
383,694	-500,1	
383,948	-33,61	
384,202	169,82	
384,456	94,41	
384,71	-263,35	
384,964	-119,55	
385,218	225,94	
385,472	211,91	
385,726	15,49	
385,98	138,25	
386,234	-193,2	
386,488	-240,55	
386,742	127,73	
386,996	275,04	
387,249	10,23	
387,503	513,55	
387,757	-144,1	
388,011	-30,11	
388,265	236,46	
388,518	-194,96	
388,772	106,69	
389,026	-33,61	
389,28	-24,84	
389,533	-186,19	
389,787	113,7	
390,041	-131,82	
390,295	-556,22	
390,548	-68,69	
390,802	-191,45	
391,055	131,24	
391,309	232,95	
391,563	-312,46	
391,816	152,28	
392,07	185,6	
392,323	227,69	
392,577	222,43	
392,83	155,79	
393,084	-287,9	
393,337	-128,31	
393,591	464,45	
393,844	-158,13	
394,098	-170,4	
394,351	-214,25	
394,604	480,23	
394,858	96,16	
395,111	-226,52	
395,364	20,75	
395,618	-2,05	
395,871	-230,03	
396,124	266,27	
396,378	157,54	
396,631	168,07	
396,884	518,81	
397,137	576,68	
397,391	125,98	
397,644	138,25	
397,897	511,8	
398,15	427,62	
398,403	348,7	
398,657	164,56	
398,91	196,13	
399,163	-463,28	
399,416	115,45	
399,669	-280,89	
399,922	33,03	
400,175	-0,29	
400,428	104,93	
400,681	-447,49	
400,934	-340,52	
401,187	154,04	
401,44	-235,29	
401,693	-126,56	
401,946	141,76	
402,199	331,16	
402,452	203,14	
402,704	-170,4	
402,957	48,81	
403,21	75,12	
403,463	-89,73	
403,716	-386,11	
403,969	-49,4	
404,221	-24,84	
404,474	196,13	
404,727	54,07	
404,98	322,39	
405,232	34,78	
405,485	-114,28	
405,738	24,26	
405,99	-575,51	
406,243	38,29	
406,496	-579,02	
406,748	-49,4	
407,001	110,19	
407,253	-94,99	
407,506	-33,61	
407,759	215,42	
408,011	-105,52	
408,264	339,93	
408,516	324,15	
408,769	285,57	
409,021	206,65	
409,274	189,11	
409,526	250,49	
409,778	61,09	
410,031	392,54	
410,283	362,73	
410,536	-31,86	
410,788	-266,86	
411,04	154,04	
411,293	-200,22	
411,545	-133,58	
411,797	-419,43	
412,049	210,15	
412,302	224,18	
412,554	-223,02	
412,806	455,68	
413,058	155,79	
413,311	357,47	
413,563	-52,9	
413,815	159,3	
414,067	94,41	
414,319	559,15	
414,571	-315,96	
414,823	-40,63	
415,075	182,1	
415,328	141,76	
415,58	90,9	
415,832	-161,64	
416,084	331,16	
416,336	357,47	
416,588	-149,36	
416,84	-280,89	
417,091	266,27	
417,343	22,51	
417,595	129,48	
417,847	-21,34	
418,099	280,3	
418,351	118,96	
418,603	-468,54	
418,855	-194,96	
419,106	24,26	
419,358	431,12	
419,61	-158,13	
419,862	218,92	
420,114	61,09	
420,365	362,73	
420,617	54,07	
420,869	415,34	
421,12	-251,08	
421,372	420,6	
421,624	357,47	
421,875	406,57	
422,127	453,92	
422,379	366,24	
422,63	224,18	
422,882	262,77	
423,133	248,74	
423,385	104,93	
423,636	211,91	
423,888	115,45	
424,139	359,22	
424,391	113,7	
424,642	-375,59	
424,894	131,24	
425,145	489	
425,396	11,98	
425,648	162,8	
425,899	-159,88	
426,151	248,74	
426,402	122,47	
426,653	-256,34	
426,905	117,21	
427,156	387,28	
427,407	162,8	
427,658	453,92	
427,91	408,33	
428,161	27,77	
428,412	-103,76	
428,663	264,52	
428,914	-182,68	
429,166	-114,28	
429,417	497,77	
429,668	1,46	
429,919	476,72	
430,17	140,01	
430,421	248,74	
430,672	87,39	
430,923	-307,19	
431,174	178,59	
431,425	-17,83	
431,676	-40,63	
431,927	236,46	
432,178	503,03	
432,429	-12,57	
432,68	390,79	
432,931	517,06	
433,182	168,07	
433,433	-14,32	
433,683	-419,43	
433,934	101,42	
434,185	248,74	
434,436	497,77	
434,687	255,75	
434,937	313,62	
435,188	310,12	
435,439	453,92	
435,69	-7,31	
435,94	573,18	
436,191	164,56	
436,442	324,15	
436,692	680,15	
436,943	715,23	
437,194	336,42	
437,444	520,56	
437,695	401,31	
437,945	41,8	
438,196	161,05	
438,447	420,6	
438,697	394,3	
438,948	201,39	
439,198	220,68	
439,449	332,92	
439,699	290,83	
439,949	709,97	
440,2	175,08	
440,45	387,28	
440,701	232,95	
440,951	120,71	
441,201	636,31	
441,452	578,44	
441,702	541,61	
441,952	176,83	
442,203	439,89	
442,453	424,11	
442,703	324,15	
442,953	-103,76	
443,204	22,51	
443,454	483,74	
443,704	604,74	
443,954	310,12	
444,204	716,98	
444,455	545,12	
444,705	795,9	
444,955	867,8	
445,205	499,52	
445,455	706,46	
445,705	683,66	
445,955	559,15	
446,205	371,5	
446,455	695,94	
446,705	655,6	
446,955	608,25	
447,205	322,39	
447,455	669,63	
447,705	415,34	
447,955	439,89	
448,205	1009,85	
448,454	1006,35	
448,704	622,28	
448,954	766,09	
449,204	364,48	
449,454	827,47	
449,704	520,56	
449,953	781,87	
450,203	860,79	
450,453	830,97	
450,703	550,38	
450,952	702,95	
451,202	1053,7	
451,452	473,21	
451,701	503,03	
451,951	1190,49	
452,201	724	
452,45	1162,43	
452,7	724	
452,949	813,44	
453,199	880,08	
453,448	524,07	
453,698	704,71	
453,947	909,89	
454,197	532,84	
454,446	1123,85	
454,696	571,42	
454,945	874,82	
455,195	841,5	
455,444	1076,5	
455,693	1407,95	
455,943	966,01	
456,192	946,72	
456,442	880,08	
456,691	839,74	
456,94	399,56	
457,189	1125,6	
457,439	676,65	
457,688	411,83	
457,937	546,87	
458,186	564,41	
458,436	1116,83	
458,685	576,68	
458,934	543,36	
459,183	669,63	
459,432	962,5	
459,681	692,43	
459,93	839,74	
460,179	976,53	
460,429	741,53	
460,678	520,56	
460,927	441,65	
461,176	869,56	
461,425	678,4	
461,674	585,45	
461,923	261,01	
462,172	848,51	
462,42	588,96	
462,669	266,27	
462,918	478,48	
463,167	1092,28	
463,416	1076,5	
463,665	455,68	
463,914	592,47	
464,162	204,89	
464,411	1044,93	
464,66	930,94	
464,909	715,23	
465,158	394,3	
465,406	688,92	
465,655	399,56	
465,904	203,14	
466,152	466,2	
466,401	745,04	
466,65	362,73	
466,898	360,98	
467,147	410,08	
467,395	625,79	
467,644	727,5	
467,893	466,2	
468,141	667,88	
468,39	716,98	
468,638	159,3	
468,887	620,53	
469,135	436,39	
469,384	709,97	
469,632	692,43	
469,88	687,17	
470,129	492,5	
470,377	478,48	
470,626	22,51	
470,874	269,78	
471,122	694,18	
471,371	695,94	
471,619	257,51	
471,867	64,6	
472,115	418,85	
472,364	104,93	
472,612	229,45	
472,86	157,54	
473,108	646,83	
473,356	371,5	
473,605	203,14	
473,853	522,32	
474,101	-5,55	
474,349	636,31	
474,597	701,2	
474,845	515,3	
475,093	289,07	
475,341	225,94	
475,589	988,81	
475,837	501,27	
476,085	268,03	
476,333	643,33	
476,581	331,16	
476,829	525,83	
477,077	562,65	
477,325	289,07	
477,573	157,54	
477,821	194,37	
478,069	318,89	
478,317	443,4	
478,564	1,46	
478,812	306,61	
479,06	164,56	
479,308	222,43	
479,555	289,07	
479,803	615,27	
480,051	-130,07	
480,299	608,25	
480,546	73,36	
480,794	731,01	
481,042	192,62	
481,289	524,07	
481,537	301,35	
481,784	362,73	
482,032	650,34	
482,28	829,22	
482,527	59,33	
482,775	27,77	
483,022	108,44	
483,27	718,74	
483,517	96,16	
483,765	538,1	
484,012	494,26	
484,259	254	
484,507	54,07	
484,754	550,38	
485,002	234,71	
485,249	373,25	
485,496	113,7	
485,744	760,82	
485,991	429,37	
486,238	-107,27	
486,486	373,25	
486,733	527,58	
486,98	653,85	
487,227	801,16	
487,474	406,57	
487,722	-124,81	
487,969	-12,57	
488,216	622,28	
488,463	748,55	
488,71	210,15	
488,957	243,48	
489,204	829,22	
489,451	203,14	
489,699	487,24	
489,946	532,84	
490,193	666,12	
490,44	453,92	
490,687	704,71	
490,934	390,79	
491,18	490,75	
491,427	855,53	
491,674	178,59	
491,921	285,57	
492,168	189,11	
492,415	375,01	
492,662	13,74	
492,909	303,1	
493,155	287,32	
493,402	567,92	
493,649	-163,39	
493,896	10,23	
494,142	394,3	
494,389	567,92	
494,636	73,36	
494,883	189,11	
495,129	801,16	
495,376	618,77	
495,623	273,29	
495,869	359,22	
496,116	452,17	
496,362	594,22	
496,609	720,49	
496,855	494,26	
497,102	-103,76	
497,348	117,21	
497,595	799,41	
497,841	-21,34	
498,088	327,65	
498,334	408,33	
498,581	269,78	
498,827	350,45	
499,074	585,45	
499,32	585,45	
499,566	759,07	
499,813	580,19	
500,059	624,03	
500,305	695,94	
500,552	1025,64	
500,798	348,7	
501,044	469,71	
501,29	287,32	
501,537	909,89	
501,783	194,37	
502,029	508,29	
502,275	-63,43	
502,521	248,74	
502,767	939,71	
503,013	823,96	
503,26	941,46	
503,506	462,69	
503,752	268,03	
503,998	592,47	
504,244	517,06	
504,49	552,13	
504,736	722,24	
504,982	64,6	
505,228	373,25	
505,474	550,38	
505,72	1016,87	
505,966	-94,99	
506,211	68,1	
506,457	534,59	
506,703	1032,65	
506,949	90,9	
507,195	152,28	
507,441	816,94	
507,686	418,85	
507,932	695,94	
508,178	704,71	
508,424	557,39	
508,669	489	
508,915	687,17	
509,161	755,56	
509,406	418,85	
509,652	334,67	
509,898	613,51	
510,143	375,01	
510,389	410,08	
510,634	459,18	
510,88	620,53	
511,125	-138,84	
511,371	811,68	
511,616	583,7	
511,862	808,18	
512,107	96,16	
512,353	481,98	
512,598	206,65	
512,844	769,59	
513,089	685,41	
513,335	746,8	
513,58	792,39	
513,825	303,1	
514,071	515,3	
514,316	403,06	
514,561	927,43	
514,806	610	
515,052	881,83	
515,297	625,79	
515,542	268,03	
515,787	345,19	
516,033	883,59	
516,278	532,84	
516,523	292,58	
516,768	415,34	
517,013	797,65	
517,258	434,63	
517,503	764,33	
517,748	157,54	
517,993	467,95	
518,238	652,09	
518,483	462,69	
518,728	553,89	
518,973	629,3	
519,218	788,88	
519,463	953,73	
519,708	641,57	
519,953	539,86	
520,198	150,53	
520,443	618,77	
520,688	90,9	
520,933	773,1	
521,177	690,68	
521,422	611,76	
521,667	394,3	
521,912	417,09	
522,157	513,55	
522,401	481,98	
522,646	467,95	
522,891	583,7	
523,135	534,59	
523,38	285,57	
523,625	483,74	
523,869	781,87	
524,114	797,65	
524,358	1022,13	
524,603	641,57	
524,848	427,62	
525,092	352,21	
525,337	690,68	
525,581	459,18	
525,826	-44,14	
526,07	1023,88	
526,315	545,12	
526,559	706,46	
526,803	934,44	
527,048	939,71	
527,292	539,86	
527,537	953,73	
527,781	550,38	
528,025	471,46	
528,269	252,24	
528,514	318,89	
528,758	511,8	
529,002	773,1	
529,247	664,37	
529,491	932,69	
529,735	587,21	
529,979	792,39	
530,223	376,76	
530,467	220,68	
530,712	1178,21	
530,956	529,33	
531,2	501,27	
531,444	494,26	
531,688	246,98	
531,932	1023,88	
532,176	766,09	
532,42	138,25	
532,664	573,18	
532,908	1404,44	
533,152	410,08	
533,396	822,21	
533,64	960,75	
533,884	673,14	
534,128	190,86	
534,371	471,46	
534,615	653,85	
534,859	631,05	
535,103	487,24	
535,347	664,37	
535,59	538,1	
535,834	576,68	
536,078	546,87	
536,322	681,91	
536,565	476,72	
536,809	304,86	
537,053	790,64	
537,296	290,83	
537,54	285,57	
537,784	318,89	
538,027	545,12	
538,271	1087,02	
538,514	232,95	
538,758	452,17	
539,001	653,85	
539,245	494,26	
539,488	504,78	
539,732	948,47	
539,975	513,55	
540,219	646,83	
540,462	994,07	
540,706	711,72	
540,949	524,07	
541,192	727,5	
541,436	552,13	
541,679	592,47	
541,922	366,24	
542,166	367,99	
542,409	641,57	
542,652	192,62	
542,895	836,24	
543,139	541,61	
543,382	899,37	
543,625	664,37	
543,868	825,71	
544,111	569,67	
544,354	927,43	
544,598	769,59	
544,841	564,41	
545,084	1164,18	
545,327	1211,53	
545,57	815,19	
545,813	353,96	
546,056	348,7	
546,299	585,45	
546,542	813,44	
546,785	562,65	
547,028	1271,16	
547,271	781,87	
547,514	534,59	
547,756	638,06	
547,999	538,1	
548,242	489	
548,485	692,43	
548,728	643,33	
548,971	262,77	
549,213	936,2	
549,456	673,14	
549,699	578,44	
549,942	581,94	
550,184	643,33	
550,427	1074,74	
550,67	694,18	
550,912	741,53	
551,155	606,5	
551,398	638,06	
551,64	538,1	
551,883	753,81	
552,125	353,96	
552,368	713,47	
552,61	424,11	
552,853	848,51	
553,095	478,48	
553,338	541,61	
553,58	410,08	
553,823	355,71	
554,065	645,08	
554,308	576,68	
554,55	380,27	
554,792	818,7	
555,035	490,75	
555,277	550,38	
555,519	467,95	
555,762	215,42	
556,004	624,03	
556,246	118,96	
556,488	748,55	
556,731	448,66	
556,973	617,02	
557,215	645,08	
557,457	311,87	
557,699	981,79	
557,941	413,59	
558,183	248,74	
558,426	87,39	
558,668	397,8	
558,91	459,18	
559,152	669,63	
559,394	450,42	
559,636	446,91	
559,878	-59,92	
560,12	580,19	
560,362	562,65	
560,604	839,74	
560,845	217,17	
561,087	664,37	
561,329	802,91	
561,571	117,21	
561,813	483,74	
562,055	953,73	
562,297	294,33	
562,538	755,56	
562,78	571,42	
563,022	581,94	
563,264	624,03	
563,505	750,3	
563,747	136,5	
563,989	804,67	
564,23	420,6	
564,472	315,38	
564,714	403,06	
564,955	745,04	
565,197	680,15	
565,438	641,57	
565,68	178,59	
565,921	394,3	
566,163	517,06	
566,404	908,14	
566,646	183,85	
566,887	671,38	
567,129	545,12	
567,37	206,65	
567,612	243,48	
567,853	496,01	
568,094	375,01	
568,336	806,42	
568,577	685,41	
568,818	199,63	
569,06	571,42	
569,301	1134,37	
569,542	560,9	
569,783	655,6	
570,025	352,21	
570,266	878,32	
570,507	785,38	
570,748	715,23	
570,989	489	
571,23	590,71	
571,472	485,49	
571,713	743,29	
571,954	413,59	
572,195	553,89	
572,436	780,12	
572,677	19	
572,918	83,89	
573,159	175,08	
573,4	820,45	
573,641	425,86	
573,882	715,23	
574,123	413,59	
574,364	613,51	
574,604	708,21	
574,845	676,65	
575,086	203,14	
575,327	318,89	
575,568	576,68	
575,809	522,32	
576,049	850,26	
576,29	781,87	
576,531	885,34	
576,771	380,27	
577,012	166,31	
577,253	506,53	
577,494	331,16	
577,734	534,59	
577,975	-114,28	
578,215	827,47	
578,456	99,67	
578,697	580,19	
578,937	467,95	
579,178	490,75	
579,418	189,11	
579,659	296,09	
579,899	203,14	
580,14	1027,39	
580,38	823,96	
580,62	788,88	
580,861	636,31	
581,101	382,02	
581,342	734,52	
581,582	608,25	
581,822	425,86	
582,063	273,29	
582,303	541,61	
582,543	624,03	
582,783	125,98	
583,024	346,95	
583,264	234,71	
583,504	183,85	
583,744	378,51	
583,984	553,89	
584,224	573,18	
584,465	906,38	
584,705	460,94	
584,945	487,24	
585,185	-435,22	
585,425	529,33	
585,665	538,1	
585,905	382,02	
586,145	464,45	
586,385	715,23	
586,625	709,97	
586,865	750,3	
587,105	-124,81	
587,345	559,15	
587,585	473,21	
587,824	566,16	
588,064	259,26	
588,304	657,36	
588,544	466,2	
588,784	815,19	
589,024	739,78	
589,263	431,12	
589,503	143,51	
589,743	576,68	
589,982	313,62	
590,222	780,12	
590,462	85,64	
590,701	310,12	
590,941	422,36	
591,181	529,33	
591,42	292,58	
591,66	524,07	
591,899	341,68	
592,139	506,53	
592,378	-61,67	
592,618	297,84	
592,857	290,83	
593,097	339,93	
593,336	769,59	
593,576	317,13	
593,815	618,77	
594,055	359,22	
594,294	268,03	
594,533	539,86	
594,773	425,86	
595,012	334,67	
595,251	857,28	
595,491	867,8	
595,73	385,53	
595,969	578,44	
596,208	357,47	
596,447	573,18	
596,687	550,38	
596,926	339,93	
597,165	261,01	
597,404	459,18	
597,643	529,33	
597,882	422,36	
598,121	173,33	
598,36	236,46	
598,599	667,88	
598,838	397,8	
599,077	650,34	
599,316	845	
599,555	532,84	
599,794	275,04	
600,033	887,09	
600,272	501,27	
600,511	373,25	
600,75	-0,29	
600,989	664,37	
601,228	194,37	
601,466	124,22	
601,705	594,22	
601,944	659,11	
602,183	655,6	
602,422	248,74	
602,66	406,57	
602,899	799,41	
603,138	329,41	
603,376	688,92	
603,615	660,86	
603,854	736,27	
604,092	210,15	
604,331	497,77	
604,569	664,37	
604,808	383,77	
605,047	445,15	
605,285	399,56	
605,524	262,77	
605,762	602,99	
606	501,27	
606,239	275,04	
606,477	599,48	
606,716	734,52	
606,954	574,93	
607,193	327,65	
607,431	506,53	
607,669	450,42	
607,908	638,06	
608,146	297,84	
608,384	599,48	
608,622	555,64	
608,861	120,71	
609,099	343,44	
609,337	176,83	
609,575	766,09	
609,813	538,1	
610,052	390,79	
610,29	115,45	
610,528	145,27	
610,766	29,52	
611,004	-52,9	
611,242	199,63	
611,48	-2,05	
611,718	830,97	
611,956	401,31	
612,194	303,1	
612,432	225,94	
612,67	318,89	
612,908	99,67	
613,146	425,86	
613,384	496,01	
613,621	383,77	
613,859	-293,16	
614,097	292,58	
614,335	185,6	
614,573	343,44	
614,811	266,27	
615,048	362,73	
615,286	80,38	
615,524	250,49	
615,761	224,18	
615,999	375,01	
616,237	-0,29	
616,474	801,16	
616,712	-66,93	
616,95	497,77	
617,187	152,28	
617,425	529,33	
617,662	-30,11	
617,9	278,55	
618,137	322,39	
618,375	452,17	
618,612	289,07	
618,85	157,54	
619,087	480,23	
619,325	-217,75	
619,562	246,98	
619,799	225,94	
620,037	580,19	
620,274	422,36	
620,511	227,69	
620,749	355,71	
620,986	341,68	
621,223	175,08	
621,461	103,18	
621,698	-187,94	
621,935	-42,38	
622,172	-63,43	
622,409	641,57	
622,647	448,66	
622,884	222,43	
623,121	27,77	
623,358	101,42	
623,595	-33,61	
623,832	396,05	
624,069	438,14	
624,306	-0,29	
624,543	-61,67	
624,78	-23,09	
625,017	19	
625,254	496,01	
625,491	111,95	
625,728	-44,14	
625,965	483,74	
626,202	108,44	
626,438	24,26	
626,675	266,27	
626,912	-80,96	
627,149	322,39	
627,386	531,09	
627,622	-9,06	
627,859	350,45	
628,096	706,46	
628,333	452,17	
628,569	157,54	
628,806	613,51	
629,043	403,06	
629,279	525,83	
629,516	92,66	
629,752	397,8	
629,989	268,03	
630,225	61,09	
630,462	375,01	
630,699	397,8	
630,935	6,72	
631,171	173,33	
631,408	52,32	
631,644	190,86	
631,881	83,89	
632,117	231,2	
632,354	417,09	
632,59	327,65	
632,826	415,34	
633,063	301,35	
633,299	-147,61	
633,535	366,24	
633,771	-179,17	
634,008	380,27	
634,244	-133,58	
634,48	248,74	
634,716	40,04	
634,953	-47,64	
635,189	-216	
635,425	59,33	
635,661	64,6	
635,897	438,14	
636,133	215,42	
636,369	268,03	
636,605	162,8	
636,841	232,95	
637,077	-156,37	
637,313	220,68	
637,549	538,1	
637,785	348,7	
638,021	-82,72	
638,257	178,59	
638,493	-2,05	
638,729	210,15	
638,965	276,8	
639,2	583,7	
639,436	-12,57	
639,672	259,26	
639,908	115,45	
640,144	-370,33	
640,379	271,54	
640,615	268,03	
640,851	168,07	
641,086	-16,08	
641,322	106,69	
641,558	161,05	
641,793	-93,24	
642,029	564,41	
642,264	-354,55	
642,5	545,12	
642,736	353,96	
642,971	-63,43	
643,207	299,59	
643,442	-40,63	
643,678	750,3	
643,913	625,79	
644,148	-301,93	
644,384	297,84	
644,619	408,33	
644,855	66,35	
645,09	320,64	
645,325	287,32	
645,561	-163,39	
645,796	-114,28	
646,031	106,69	
646,266	-224,77	
646,502	504,78	
646,737	-337,01	
646,972	-91,49	
647,207	236,46	
647,442	17,24	
647,678	224,18	
647,913	595,97	
648,148	59,33	
648,383	97,92	
648,618	306,61	
648,853	111,95	
649,088	10,23	
649,323	-40,63	
649,558	396,05	
649,793	104,93	
650,028	171,57	
650,263	190,86	
650,498	225,94	
650,733	1,46	
650,968	399,56	
651,202	15,49	
651,437	531,09	
651,672	573,18	
651,907	106,69	
652,142	83,89	
652,376	474,97	
652,611	557,39	
652,846	273,29	
653,081	82,13	
653,315	259,26	
653,55	69,86	
653,785	-149,36	
654,019	122,47	
654,254	-179,17	
654,488	-109,02	
654,723	262,77	
654,958	-340,52	
655,192	-23,09	
655,427	-16,08	
655,661	282,06	
655,896	285,57	
656,13	443,4	
656,364	217,17	
656,599	101,42	
656,833	89,15	
657,068	161,05	
657,302	-23,09	
657,536	441,65	
657,771	-205,48	
658,005	224,18	
658,239	-329,99	
658,474	-424,69	
658,708	-105,52	
658,942	-175,66	
659,176	382,02	
659,41	367,99	
659,645	366,24	
659,879	-0,29	
660,113	-231,78	
660,347	1916,53	
660,581	317,13	
660,815	40,04	
661,049	-365,07	
661,283	360,98	
661,517	43,55	
661,751	282,06	
661,985	-235,29	
662,219	104,93	
662,453	-75,7	
662,687	-296,67	
662,921	-303,69	
663,155	75,12	
663,389	132,99	
663,622	-433,46	
663,856	-77,46	
664,09	-280,89	
664,324	27,77	
664,558	-137,08	
664,791	-33,61	
665,025	-529,92	
665,259	-45,89	
665,492	-393,13	
665,726	-5,55	
665,96	-184,43	
666,193	232,95	
666,427	-324,73	
666,661	304,86	
666,894	-615,85	
667,128	-294,92	
667,361	169,82	
667,595	48,81	
667,828	331,16	
668,062	110,19	
668,295	-431,71	
668,529	194,37	
668,762	73,36	
668,995	33,03	
669,229	343,44	
669,462	-110,78	
669,695	-228,28	
669,929	-19,58	
670,162	-340,52	
670,395	-224,77	
670,629	-26,6	
670,862	103,18	
671,095	-265,1	
671,328	-377,34	
671,561	-17,83	
671,795	1,46	
672,028	69,86	
672,261	-170,4	
672,494	-219,51	
672,727	471,46	
672,96	134,74	
673,193	-45,89	
673,426	-87,98	
673,659	-94,99	
673,892	92,66	
674,125	-82,72	
674,358	138,25	
674,591	-577,27	
674,824	57,58	
675,057	-237,05	
675,29	306,61	
675,523	-179,17	
675,755	196,13	
675,988	127,73	
676,221	-138,84	
676,454	497,77	
676,687	-230,03	
676,919	420,6	
677,152	120,71	
677,385	-265,1	
677,617	-270,37	
677,85	-117,79	
678,083	-87,98	
678,315	-286,15	
678,548	-366,82	
678,78	-289,66	
679,013	383,77	
679,246	-37,12	
679,478	-75,7	
679,711	332,92	
679,943	90,9	
680,175	311,87	
680,408	-77,46	
680,64	-9,06	
680,873	-117,79	
681,105	171,57	
681,338	61,09	
681,57	-231,78	
681,802	34,78	
682,034	-194,96	
682,267	-173,91	
682,499	147,02	
682,731	73,36	
682,964	448,66	
683,196	-205,48	
683,428	131,24	
683,66	-3,8	
683,892	520,56	
684,124	-284,4	
684,356	231,2	
684,589	-24,84	
684,821	534,59	
685,053	-331,75	
685,285	138,25	
685,517	-235,29	
685,749	187,36	
685,981	61,09	
686,213	-263,35	
686,445	-98,5	
686,676	-510,63	
686,908	-17,83	
687,14	-214,25	
687,372	604,74	
687,604	329,41	
687,836	467,95	
688,068	-5,55	
688,299	-114,28	
688,531	106,69	
688,763	-24,84	
688,995	311,87	
689,226	-5,55	
689,458	10,23	
689,69	187,36	
689,921	-23,09	
690,153	-100,25	
690,384	36,54	
690,616	-2,05	
690,848	104,93	
691,079	-42,38	
691,311	34,78	
691,542	82,13	
691,774	-186,19	
692,005	111,95	
692,237	571,42	
692,468	-210,74	
692,699	325,9	
692,931	-251,08	
693,162	-203,72	
693,393	-331,75	
693,625	-172,16	
693,856	-58,17	
694,087	-159,88	
694,319	69,86	
694,55	62,84	
694,781	-265,1	
695,012	-116,04	
695,243	-286,15	
695,475	346,95	
695,706	504,78	
695,937	-387,87	
696,168	176,83	
696,399	-16,08	
696,63	-436,97	
696,861	-3,8	
697,092	-238,8	
697,323	92,66	
697,554	52,32	
697,785	94,41	
698,016	68,1	
698,247	-182,68	
698,478	29,52	
698,709	-345,78	
698,94	-219,51	
699,171	101,42	
699,401	276,8	
699,632	-324,73	
699,863	-84,47	
700,094	-214,25	
700,325	-96,75	
700,555	622,28	
700,786	262,77	
701,017	136,5	
701,247	-86,22	
701,478	166,31	
701,709	-70,44	
701,939	103,18	
702,17	327,65	
702,401	185,6	
702,631	301,35	
702,862	-249,32	
703,092	213,66	
703,323	-410,66	
703,553	-51,15	
703,784	161,05	
704,014	222,43	
704,244	110,19	
704,475	183,85	
704,705	-119,55	
704,936	276,8	
705,166	62,84	
705,396	-424,69	
705,627	390,79	
705,857	266,27	
706,087	-44,14	
706,317	-210,74	
706,548	-370,33	
706,778	276,8	
707,008	287,32	
707,238	-245,81	
707,468	-87,98	
707,698	-380,85	
707,928	204,89	
708,158	-0,29	
708,389	87,39	
708,619	155,79	
708,849	143,51	
709,079	-68,69	
709,309	210,15	
709,539	239,97	
709,768	-100,25	
709,998	-447,49	
710,228	-110,78	
710,458	-66,93	
710,688	43,55	
710,918	-252,83	
711,148	-223,02	
711,378	-37,12	
711,607	-103,76	
711,837	-152,87	
712,067	-133,58	
712,297	-47,64	
712,526	-63,43	
712,756	-149,36	
712,986	-251,08	
713,215	10,23	
713,445	303,1	
713,674	-154,62	
713,904	-80,96	
714,134	-366,82	
714,363	-194,96	
714,593	-261,6	
714,822	-221,26	
715,052	-75,7	
715,281	154,04	
715,511	8,48	
715,74	-91,49	
715,969	106,69	
716,199	327,65	
716,428	-389,62	
716,657	-300,18	
716,887	97,92	
717,116	-121,3	
717,345	-70,44	
717,575	275,04	
717,804	-30,11	
718,033	-294,92	
718,262	-80,96	
718,492	-123,05	
718,721	155,79	
718,95	-344,02	
719,179	-17,83	
719,408	-342,27	
719,637	-251,08	
719,866	113,7	
720,095	-168,65	
720,324	271,54	
720,553	-149,36	
720,782	239,97	
721,011	-26,6	
721,24	-130,07	
721,469	-389,62	
721,698	-280,89	
721,927	-79,21	
722,156	78,63	
722,385	148,77	
722,613	-279,13	
722,842	168,07	
723,071	-491,34	
723,3	-191,45	
723,529	78,63	
723,757	-279,13	
723,986	-621,11	
724,215	-315,96	
724,443	-133,58	
724,672	-117,79	
724,901	-240,55	
725,129	-279,13	
725,358	-158,13	
725,586	-368,57	
725,815	-5,55	
726,043	389,03	
726,272	-5,55	
726,5	180,34	
726,729	43,55	
726,957	-237,05	
727,186	-65,18	
727,414	-321,22	
727,642	-466,78	
727,871	310,12	
728,099	359,22	
728,327	52,32	
728,556	-47,64	
728,784	408,33	
729,012	-573,76	
729,241	106,69	
729,469	-251,08	
729,697	-563,24	
729,925	19	
730,153	-124,81	
730,381	-794,73	
730,61	-230,03	
730,838	-147,61	
731,066	-147,61	
731,294	11,98	
731,522	-130,07	
731,75	-156,37	
731,978	168,07	
732,206	48,81	
732,434	-315,96	
732,662	152,28	
732,89	-38,87	
733,118	-245,81	
733,346	203,14	
733,573	6,72	
733,801	90,9	
734,029	-93,24	
734,257	-540,44	
734,485	-28,35	
734,712	-249,32	
734,94	-235,29	
735,168	-273,87	
735,396	-98,5	
735,623	-144,1	
735,851	-68,69	
736,078	-121,3	
736,306	-340,52	
736,534	-284,4	
736,761	-324,73	
736,989	166,31	
737,216	-130,07	
737,444	474,97	
737,671	-128,31	
737,899	417,09	
738,126	111,95	
738,354	-387,87	
738,581	417,09	
738,809	104,93	
739,036	-86,22	
739,263	140,01	
739,491	-70,44	
739,718	176,83	
739,945	-17,83	
740,173	-42,38	
740,4	-333,5	
740,627	-154,62	
740,854	-370,33	
741,081	33,03	
741,309	371,5	
741,536	-289,66	
741,763	-175,66	
741,99	78,63	
742,217	-105,52	
742,444	-554,47	
742,671	-210,74	
742,898	-393,13	
743,125	-261,6	
743,352	820,45	
743,579	161,05	
743,806	-358,05	
744,033	-189,69	
744,26	-73,95	
744,487	118,96	
744,714	-256,34	
744,941	-94,99	
745,167	-0,29	
745,394	40,04	
745,621	311,87	
745,848	-244,06	
746,075	296,09	
746,301	69,86	
746,528	-452,75	
746,755	-422,94	
746,981	-54,66	
747,208	-107,27	
747,435	259,26	
747,661	71,61	
747,888	-393,13	
748,114	145,27	
748,341	125,98	
748,567	161,05	
748,794	-387,87	
749,02	-98,5	
749,247	31,27	
749,473	6,72	
749,7	466,2	
749,926	427,62	
750,152	-491,34	
750,379	282,06	
750,605	413,59	
750,831	113,7	
751,058	87,39	
751,284	185,6	
751,51	-303,69	
751,737	227,69	
751,963	169,82	
752,189	-503,61	
752,415	-184,43	
752,641	-126,56	
752,867	-191,45	
753,094	-37,12	
753,32	8,48	
753,546	343,44	
753,772	-266,86	
753,998	-98,5	
754,224	-242,31	
754,45	33,03	
754,676	-214,25	
754,902	255,75	
755,128	259,26	
755,354	-30,11	
755,579	210,15	
755,805	-454,51	
756,031	-149,36	
756,257	-221,26	
756,483	-326,49	
756,709	41,8	
756,934	131,24	
757,16	-17,83	
757,386	134,74	
757,612	106,69	
757,837	-31,86	
758,063	-189,69	
758,289	-103,76	
758,514	-212,49	
758,74	124,22	
758,965	211,91	
759,191	38,29	
759,416	-514,13	
759,642	-214,25	
759,868	-442,23	
760,093	-184,43	
760,318	29,52	
760,544	-172,16	
760,769	-251,08	
760,995	-329,99	
761,22	-382,6	
761,445	404,82	
761,671	432,88	
761,896	-159,88	
762,121	-280,89	
762,347	-517,64	
762,572	438,14	
762,797	-168,65	
763,022	36,54	
763,248	-154,62	
763,473	99,67	
763,698	-93,24	
763,923	83,89	
764,148	-230,03	
764,373	196,13	
764,598	173,33	
764,823	178,59	
765,048	364,48	
765,273	411,83	
765,498	-66,93	
765,723	-172,16	
765,948	-173,91	
766,173	-77,46	
766,398	-396,63	
766,623	489	
766,848	-128,31	
767,073	-373,84	
767,298	59,33	
767,522	-275,63	
767,747	-217,75	
767,972	6,72	
768,197	87,39	
768,421	-159,88	
768,646	-228,28	
768,871	-287,9	
769,095	-210,74	
769,32	-282,64	
769,545	103,18	
769,769	-142,34	
769,994	-259,84	
770,218	-182,68	
770,443	-168,65	
770,667	-165,14	
770,892	52,32	
771,116	87,39	
771,341	189,11	
771,565	227,69	
771,79	-16,08	
772,014	-384,36	
772,238	-208,99	
772,463	-21,34	
772,687	159,3	
772,911	-291,41	
773,136	127,73	
773,36	-138,84	
773,584	94,41	
773,808	-24,84	
774,033	1,46	
774,257	120,71	
774,481	-303,69	
774,705	159,3	
774,929	-128,31	
775,153	138,25	
775,377	-212,49	
775,602	-543,95	
775,826	206,65	
776,05	-17,83	
776,274	-319,47	
776,498	-301,93	
776,722	204,89	
776,945	-5,55	
777,169	-563,24	
777,393	-191,45	
777,617	-151,11	
777,841	-289,66	
778,065	-244,06	
778,289	-73,95	
778,512	132,99	
778,736	243,48	
778,96	-231,78	
779,184	124,22	
779,407	317,13	
779,631	59,33	
779,855	-102,01	
780,078	-77,46	
780,302	-14,32	
780,526	-5,55	
780,749	-208,99	
780,973	-208,99	
781,196	217,17	
781,42	-102,01	
781,643	-128,31	
781,867	-296,67	
782,09	47,06	
782,314	-361,56	
782,537	89,15	
782,76	-238,8	
782,984	52,32	
783,207	-533,43	
783,431	-23,09	
783,654	-249,32	
783,877	-375,59	
784,1	-247,57	
784,324	171,57	
784,547	-59,92	
784,77	-517,64	
784,993	-131,82	
785,216	206,65	
785,44	-366,82	
785,663	-33,61	
785,886	-349,28	
786,109	-68,69	
786,332	292,58	
786,555	-66,93	
786,778	-58,17	
787,001	-216	
787,224	-580,78	
787,447	-224,77	
787,67	-317,72	
787,893	-337,01	
788,116	-717,57	
788,339	-317,72	
788,561	-400,14	
788,784	-123,05	
789,007	-421,19	
789,23	259,26	
789,453	-7,31	
789,675	10,23	
789,898	131,24	
790,121	41,8	
790,344	80,38	
790,566	69,86	
790,789	-107,27	
791,012	45,3	
791,234	66,35	
791,457	82,13	
791,679	-221,26	
791,902	-221,26	
792,124	-521,15	
792,347	-486,07	
792,569	-235,29	
792,792	-272,12	
793,014	-394,88	
793,237	-0,29	
793,459	-435,22	
793,681	-75,7	
793,904	-65,18	
794,126	-301,93	
794,348	-109,02	
794,571	199,63	
794,793	250,49	
795,015	-224,77	
795,237	-217,75	
795,46	-240,55	
795,682	-324,73	
795,904	-210,74	
796,126	-298,43	
796,348	364,48	
796,57	140,01	
796,792	104,93	
797,014	-21,34	
797,237	-187,94	
797,459	-287,9	
797,681	-130,07	
797,903	125,98	
798,124	-144,1	
798,346	148,77	
798,568	-277,38	
798,79	40,04	
799,012	-154,62	
799,234	82,13	
799,456	-447,49	
799,678	-366,82	
799,899	304,86	
800,121	108,44	
800,343	182,1	
800,565	159,3	
800,786	336,42	
801,008	1,46	
801,23	-401,9	
801,451	315,38	
801,673	823,96	
801,895	20,75	
802,116	324,15	
802,338	-49,4	
802,559	-59,92	
802,781	15,49	
803,002	38,29	
803,224	-177,42	
803,445	-382,6	
803,667	43,55	
803,888	-117,79	
804,109	36,54	
804,331	199,63	
804,552	-226,52	
804,773	275,04	
804,995	-528,16	
805,216	19	
805,437	134,74	
805,658	31,27	
805,88	-166,9	
806,101	-252,83	
806,322	90,9	
806,543	40,04	
806,764	-135,33	
806,985	218,92	
807,207	136,5	
807,428	213,66	
807,649	90,9	
807,87	-130,07	
808,091	106,69	
808,312	-275,63	
808,533	-310,7	
808,754	-375,59	
808,975	-163,39	
809,195	-268,61	
809,416	-59,92	
809,637	-63,43	
809,858	-166,9	
810,079	-561,48	
810,3	-77,46	
810,52	204,89	
810,741	-52,9	
810,962	-671,97	
811,183	-354,55	
811,403	-130,07	
811,624	257,51	
811,845	471,46	
812,065	190,86	
812,286	-258,09	
812,506	282,06	
812,727	-14,32	
812,948	-310,7	
813,168	-310,7	
813,389	-349,28	
813,609	257,51	
813,83	62,84	
814,05	-301,93	
814,27	-217,75	
814,491	54,07	
814,711	-109,02	
814,931	52,32	
815,152	97,92	
815,372	161,05	
815,592	-263,35	
815,813	-61,67	
816,033	-324,73	
816,253	203,14	
816,473	304,86	
816,694	-373,84	
816,914	-58,17	
817,134	-123,05	
817,354	-119,55	
817,574	106,69	
817,794	206,65	
818,014	-389,62	
818,234	-678,98	
818,454	125,98	
818,674	222,43	
818,894	190,86	
819,114	-500,1	
819,334	4,97	
819,554	52,32	
819,774	-424,69	
819,994	-149,36	
820,214	59,33	
820,433	104,93	
820,653	113,7	
820,873	-247,57	
821,093	-144,1	
821,312	-254,58	
821,532	-189,69	
821,752	-310,7	
821,972	-400,14	
822,191	-486,07	
822,411	283,81	
822,63	-49,4	
822,85	185,6	
823,07	350,45	
823,289	-151,11	
823,509	-489,58	
823,728	76,87	
823,948	-170,4	
824,167	224,18	
824,387	159,3	
824,606	-110,78	
824,825	48,81	
825,045	13,74	
825,264	-179,17	
825,483	473,21	
825,703	-145,85	
825,922	-256,34	
826,141	45,3	
826,361	-282,64	
826,58	-244,06	
826,799	-465,03	
827,018	236,46	
827,237	-166,9	
827,456	-372,08	
827,676	-279,13	
827,895	101,42	
828,114	-312,46	
828,333	-156,37	
828,552	-259,84	
828,771	-54,66	
828,99	-40,63	
829,209	-191,45	
829,428	-319,47	
829,647	-133,58	
829,866	-247,57	
830,084	-493,09	
830,303	-38,87	
830,522	-117,79	
830,741	189,11	
830,96	280,3	
831,179	115,45	
831,397	89,15	
831,616	71,61	
831,835	-119,55	
832,053	34,78	
832,272	-219,51	
832,491	-52,9	
832,709	299,59	
832,928	52,32	
833,147	-151,11	
833,365	-151,11	
833,584	-408,91	
833,802	122,47	
834,021	-163,39	
834,239	-65,18	
834,458	-138,84	
834,676	-168,65	
834,894	-251,08	
835,113	-207,23	
835,331	-130,07	
835,55	26,01	
835,768	115,45	
835,986	-387,87	
836,204	-107,27	
836,423	22,51	
836,641	52,32	
836,859	208,4	
837,077	290,83	
837,296	-10,81	
837,514	124,22	
837,732	-68,69	
837,95	-610,59	
838,168	-110,78	
838,386	-187,94	
838,604	-308,95	
838,822	-82,72	
839,04	-42,38	
839,258	103,18	
839,476	-142,34	
839,694	178,59	
839,912	-310,7	
840,13	-600,07	
840,348	-158,13	
840,566	-21,34	
840,783	-286,15	
841,001	-344,02	
841,219	-373,84	
841,437	225,94	
841,655	-435,22	
841,872	285,57	
842,09	34,78	
842,308	-217,75	
842,525	194,37	
842,743	38,29	
842,961	-24,84	
843,178	-273,87	
843,396	-63,43	
843,613	350,45	
843,831	-377,34	
844,048	313,62	
844,266	-116,04	
844,483	262,77	
844,701	-231,78	
844,918	85,64	
845,136	-182,68	
845,353	-310,7	
845,57	201,39	
845,788	94,41	
846,005	306,61	
846,222	-484,32	
846,439	-238,8	
846,657	350,45	
846,874	-272,12	
847,091	41,8	
847,308	-7,31	
847,526	-94,99	
847,743	-417,68	
847,96	-577,27	
848,177	290,83	
848,394	-494,84	
848,611	-75,7	
848,828	40,04	
849,045	290,83	
849,262	-338,76	
849,479	-352,79	
849,696	103,18	
849,913	-193,2	
850,13	11,98	
850,347	24,26	
850,564	-66,93	
850,78	62,84	
850,997	-65,18	
851,214	-102,01	
851,431	-219,51	
851,647	-96,75	
851,864	-238,8	
852,081	-358,05	
852,298	-23,09	
852,514	115,45	
852,731	299,59	
852,948	-540,44	
853,164	-540,44	
853,381	-494,84	
853,597	169,82	
853,814	-98,5	
854,03	-305,44	
854,247	-582,53	
854,463	-194,96	
854,68	-370,33	
854,896	-379,1	
855,113	-237,05	
855,329	140,01	
855,545	-654,43	
855,762	-19,58	
855,978	83,89	
856,194	117,21	
856,411	311,87	
856,627	-235,29	
856,843	-261,6	
857,059	-305,44	
857,275	-635,14	
857,492	264,52	
857,708	-30,11	
857,924	-172,16	
858,14	-12,57	
858,356	-5,55	
858,572	-49,4	
858,788	83,89	
859,004	-173,91	
859,22	-587,79	
859,436	-149,36	
859,652	322,39	
859,868	-28,35	
860,084	-272,12	
860,3	545,12	
860,516	-315,96	
860,731	-70,44	
860,947	231,2	
861,163	11,98	
861,379	157,54	
861,595	-477,31	
861,81	-266,86	
862,026	-133,58	
862,242	-182,68	
862,457	-258,09	
862,673	-14,32	
862,889	-221,26	
863,104	-31,86	
863,32	-277,38	
863,535	-82,72	
863,751	-224,77	
863,966	-349,28	
864,182	-205,48	
864,397	106,69	
864,613	50,57	
864,828	255,75	
865,044	187,36	
865,259	-168,65	
865,474	50,57	
865,69	-212,49	
865,905	-65,18	
866,12	-172,16	
866,336	154,04	
866,551	11,98	
866,766	-24,84	
866,981	-315,96	
867,196	211,91	
867,412	245,23	
867,627	-45,89	
867,842	-352,79	
868,057	-123,05	
868,272	-16,08	
868,487	150,53	
868,702	-289,66	
868,917	45,3	
869,132	-61,67	
869,347	-344,02	
869,562	-216	
869,777	241,72	
869,992	-349,28	
870,207	-240,55	
870,422	-259,84	
870,636	-191,45	
870,851	-107,27	
871,066	-44,14	
871,281	-63,43	
871,495	-21,34	
871,71	-112,53	
871,925	-452,75	
872,14	-193,2	
872,354	220,68	
872,569	-73,95	
872,783	-179,17	
872,998	-103,76	
873,213	-124,81	
873,427	-180,93	
873,642	-328,24	
873,856	-205,48	
874,071	-30,11	
874,285	-429,96	
874,5	-240,55	
874,714	-398,39	
874,928	367,99	
875,143	-431,71	
875,357	-319,47	
875,571	-512,38	
875,786	-247,57	
876	54,07	
876,214	-156,37	
876,429	103,18	
876,643	206,65	
876,857	-38,87	
877,071	-186,19	
877,285	-421,19	
877,499	-245,81	
877,714	-359,81	
877,928	-268,61	
878,142	-191,45	
878,356	-105,52	
878,57	-424,69	
878,784	-396,63	
878,998	31,27	
879,212	504,78	
879,426	-80,96	
879,639	-489,58	
879,853	-47,64	
880,067	159,3	
880,281	-137,08	
880,495	-328,24	
880,709	-707,04	
880,922	117,21	
881,136	13,74	
881,35	-552,72	
881,564	-145,85	
881,777	-82,72	
881,991	-151,11	
882,205	-445,74	
882,418	197,88	
882,632	-282,64	
882,845	110,19	
883,059	-240,55	
883,273	57,58	
883,486	-208,99	
883,7	45,3	
883,913	150,53	
884,126	-161,64	
884,34	75,12	
884,553	57,58	
884,767	-447,49	
884,98	-633,39	
885,193	-161,64	
885,407	269,78	
885,62	106,69	
885,833	-96,75	
886,046	69,86	
886,26	-375,59	
886,473	-110,78	
886,686	-163,39	
886,899	292,58	
887,112	-414,17	
887,326	-124,81	
887,539	-580,78	
887,752	-228,28	
887,965	115,45	
888,178	3,22	
888,391	-475,55	
888,604	-177,42	
888,817	-61,67	
889,03	148,77	
889,243	-23,09	
889,455	-159,88	
889,668	-315,96	
889,881	-166,9	
890,094	75,12	
890,307	-158,13	
890,52	-440,48	
890,732	17,24	
890,945	117,21	
891,158	-322,98	
891,37	-23,09	
891,583	-201,97	
891,796	-286,15	
892,008	-193,2	
892,221	325,9	
892,434	-221,26	
892,646	-507,12	
892,859	-107,27	
893,071	425,86	
893,284	-335,25	
893,496	-149,36	
893,709	-63,43	
893,921	-28,35	
894,133	-435,22	
894,346	-216	
894,558	-228,28	
894,771	-17,83	
894,983	-116,04	
895,195	-512,38	
895,407	-300,18	
895,62	-686	
895,832	-159,88	
896,044	-321,22	
896,256	80,38	
896,468	120,71	
896,681	-82,72	
896,893	-128,31	
897,105	-86,22	
897,317	8,48	
897,529	43,55	
897,741	-314,21	
897,953	-31,86	
898,165	210,15	
898,377	-51,15	
898,589	-96,75	
898,801	-296,67	
899,013	-152,87	
899,224	3,22	
899,436	-305,44	
899,648	54,07	
899,86	122,47	
900,072	-44,14	
900,283	-58,17	
900,495	-173,91	
900,707	-70,44	
900,919	4,97	
901,13	48,81	
901,342	-189,69	
901,554	-447,49	
901,765	-151,11	
901,977	-463,28	
902,188	10,23	
902,4	318,89	
902,611	61,09	
902,823	-159,88	
903,034	-87,98	
903,246	292,58	
903,457	124,22	
903,669	73,36	
903,88	89,15	
904,091	-566,75	
904,303	87,39	
904,514	-449,25	
904,725	-61,67	
904,936	-42,38	
905,148	-373,84	
905,359	-240,55	
905,57	-344,02	
905,781	-152,87	
905,992	-561,48	
906,204	-508,87	
906,415	-333,5	
906,626	-217,75	
906,837	-401,9	
907,048	-301,93	
907,259	-128,31	
907,47	19	
907,681	-168,65	
907,892	27,77	
908,103	-73,95	
908,314	-91,49	
908,525	83,89	
908,735	-130,07	
908,946	-14,32	
909,157	-170,4	
909,368	125,98	
909,579	-123,05	
909,789	-30,11	
910	473,21	
910,211	-126,56	
910,421	-102,01	
910,632	-647,42	
910,843	-214,25	
911,053	138,25	
911,264	-358,05	
911,475	-587,79	
911,685	-38,87	
911,896	-44,14	
912,106	-540,44	
912,317	-435,22	
912,527	-86,22	
912,737	29,52	
912,948	-617,6	
913,158	-470,29	
913,369	104,93	
913,579	-280,89	
913,789	103,18	
914	-424,69	
914,21	206,65	
914,42	224,18	
914,63	-438,72	
914,841	-116,04	
915,051	106,69	
915,261	71,61	
915,471	-452,75	
915,681	254	
915,891	-72,2	
916,101	11,98	
916,311	-19,58	
916,521	-142,34	
916,731	296,09	
916,941	52,32	
917,151	231,2	
917,361	-166,9	
917,571	97,92	
917,781	-422,94	
917,991	-272,12	
918,201	308,36	
918,411	-9,06	
918,621	143,51	
918,83	-179,17	
919,04	-93,24	
919,25	-287,9	
919,46	-407,16	
919,669	-138,84	
919,879	229,45	
920,089	161,05	
920,298	-203,72	
920,508	227,69	
920,717	-293,16	
920,927	62,84	
921,136	-750,89	
921,346	-193,2	
921,555	-563,24	
921,765	-30,11	
921,974	-126,56	
922,184	-109,02	
922,393	411,83	
922,603	294,33	
922,812	-498,35	
923,021	-140,59	
923,23	11,98	
923,44	-221,26	
923,649	90,9	
923,858	-24,84	
924,067	-291,41	
924,277	-80,96	
924,486	-507,12	
924,695	-365,07	
924,904	15,49	
925,113	-391,37	
925,322	-721,07	
925,531	-140,59	
925,74	-424,69	
925,949	89,15	
926,158	-366,82	
926,367	-170,4	
926,576	-452,75	
926,785	-96,75	
926,994	20,75	
927,203	-294,92	
927,412	-200,22	
927,621	-261,6	
927,83	-233,54	
928,038	10,23	
928,247	-56,41	
928,456	50,57	
928,665	-7,31	
928,873	-305,44	
929,082	134,74	
929,291	-80,96	
929,499	-51,15	
929,708	31,27	
929,916	-356,3	
930,125	-131,82	
930,333	33,03	
930,542	-235,29	
930,75	-261,6	
930,959	-26,6	
931,167	-377,34	
931,376	-179,17	
931,584	-205,48	
931,793	-319,47	
932,001	110,19	
932,209	-23,09	
932,418	124,22	
932,626	62,84	
932,834	-443,99	
933,042	-144,1	
933,251	-319,47	
933,459	-200,22	
933,667	168,07	
933,875	382,02	
934,083	-61,67	
934,291	-303,69	
934,499	-212,49	
934,707	59,33	
934,915	218,92	
935,123	-156,37	
935,331	-522,9	
935,539	-466,78	
935,747	-275,63	
935,955	-426,45	
936,163	-557,98	
936,371	-345,78	
936,579	-138,84	
936,787	-63,43	
936,995	-159,88	
937,202	33,03	
937,41	62,84	
937,618	-54,66	
937,826	-256,34	
938,033	-201,97	
938,241	-87,98	
938,449	-112,53	
938,656	-422,94	
938,864	-289,66	
939,071	-5,55	
939,279	-394,88	
939,486	-109,02	
939,694	-112,53	
939,901	-203,72	
940,109	-226,52	
940,316	-161,64	
940,524	-156,37	
940,731	-344,02	
940,939	-154,62	
941,146	-680,74	
941,353	-284,4	
941,561	304,86	
941,768	-31,86	
941,975	-337,01	
942,182	-294,92	
942,39	57,58	
942,597	-61,67	
942,804	-261,6	
943,011	-284,4	
943,218	136,5	
943,425	-159,88	
943,632	-89,73	
943,839	-231,78	
944,046	71,61	
944,253	-216	
944,46	-289,66	
944,667	92,66	
944,874	-238,8	
945,081	-149,36	
945,288	-254,58	
945,495	-84,47	
945,702	250,49	
945,909	-298,43	
946,115	-179,17	
946,322	-94,99	
946,529	-270,37	
946,736	-45,89	
946,942	-408,91	
947,149	-461,52	
947,356	-121,3	
947,562	-549,21	
947,769	327,65	
947,976	73,36	
948,182	215,42	
948,389	-3,8	
948,595	154,04	
948,802	259,26	
949,008	-359,81	
949,215	-0,29	
949,421	-482,57	
949,628	-196,71	
949,834	-172,16	
950,04	147,02	
950,247	-351,04	
950,453	-201,97	
950,659	-431,71	
950,865	-405,4	
951,072	-259,84	
951,278	48,81	
951,484	-216	
951,69	-142,34	
951,896	8,48	
952,103	-175,66	
952,309	-45,89	
952,515	-314,21	
952,721	-245,81	
952,927	-68,69	
953,133	-123,05	
953,339	467,95	
953,545	-124,81	
953,751	-498,35	
953,957	-180,93	
954,163	-542,19	
954,369	389,03	
954,574	-61,67	
954,78	-659,69	
954,986	-79,21	
955,192	10,23	
955,398	-19,58	
955,603	22,51	
955,809	-66,93	
956,015	111,95	
956,22	-317,72	
956,426	-40,63	
956,632	-419,43	
956,837	-19,58	
957,043	132,99	
957,248	-582,53	
957,454	-212,49	
957,66	-303,69	
957,865	-289,66	
958,07	34,78	
958,276	234,71	
958,481	-214,25	
958,687	-487,83	
958,892	129,48	
959,097	-119,55	
959,303	-86,22	
959,508	106,69	
959,713	-240,55	
959,919	-216	
960,124	-263,35	
960,329	132,99	
960,534	-244,06	
960,739	101,42	
960,945	-100,25	
961,15	-328,24	
961,355	-403,65	
961,56	-377,34	
961,765	-237,05	
961,97	17,24	
962,175	-23,09	
962,38	40,04	
962,585	-352,79	
962,79	-103,76	
962,995	-482,57	
963,2	-165,14	
963,404	196,13	
963,609	87,39	
963,814	29,52	
964,019	11,98	
964,224	-282,64	
964,428	-375,59	
964,633	-472,04	
964,838	-514,13	
965,042	-379,1	
965,247	385,53	
965,452	-745,63	
965,656	34,78	
965,861	-224,77	
966,066	-382,6	
966,27	-400,14	
966,475	-308,95	
966,679	-494,84	
966,884	-424,69	
967,088	-314,21	
967,292	-452,75	
967,497	129,48	
967,701	-68,69	
967,906	22,51	
968,11	-247,57	
968,314	-429,96	
968,518	-212,49	
968,723	282,06	
968,927	-268,61	
969,131	-294,92	
969,335	69,86	
969,539	396,05	
969,744	-647,42	
969,948	161,05	
970,152	-379,1	
970,356	-112,53	
970,56	-40,63	
970,764	-379,1	
970,968	-182,68	
971,172	132,99	
971,376	192,62	
971,58	-19,58	
971,784	-182,68	
971,988	259,26	
972,192	-28,35	
972,395	194,37	
972,599	-398,39	
972,803	115,45	
973,007	52,32	
973,21	-80,96	
973,414	-35,37	
973,618	-226,52	
973,822	-208,99	
974,025	387,28	
974,229	82,13	
974,432	-84,47	
974,636	-24,84	
974,84	61,09	
975,043	-89,73	
975,247	294,33	
975,45	-358,05	
975,654	-391,37	
975,857	45,3	
976,06	-159,88	
976,264	83,89	
976,467	-361,56	
976,671	-173,91	
976,874	-177,42	
977,077	-251,08	
977,28	-87,98	
977,484	-650,92	
977,687	-135,33	
977,89	143,51	
978,093	-251,08	
978,297	-205,48	
978,5	-110,78	
978,703	238,21	
978,906	-54,66	
979,109	-198,46	
979,312	-231,78	
979,515	268,03	
979,718	-179,17	
979,921	-23,09	
980,124	-442,23	
980,327	101,42	
980,53	-300,18	
980,733	-335,25	
980,936	294,33	
981,138	-252,83	
981,341	201,39	
981,544	-317,72	
981,747	-44,14	
981,949	-235,29	
982,152	157,54	
982,355	34,78	
982,558	-105,52	
982,76	-512,38	
982,963	-191,45	
983,165	-510,63	
983,368	-417,68	
983,571	-221,26	
983,773	20,75	
983,976	280,3	
984,178	-145,85	
984,381	19	
984,583	22,51	
984,785	-301,93	
984,988	-17,83	
985,19	-54,66	
985,392	-375,59	
985,595	282,06	
985,797	-340,52	
985,999	-296,67	
986,202	-72,2	
986,404	-201,97	
986,606	-33,61	
986,808	299,59	
987,01	-80,96	
987,212	262,77	
987,415	-142,34	
987,617	-426,45	
987,819	-80,96	
988,021	352,21	
988,223	148,77	
988,425	-270,37	
988,627	-493,09	
988,829	-2,05	
989,031	120,71	
989,232	190,86	
989,434	-566,75	
989,636	224,18	
989,838	-347,53	
990,04	180,34	
990,242	110,19	
990,443	-419,43	
990,645	-10,81	
990,847	-149,36	
991,048	-66,93	
991,25	-533,43	
991,452	-177,42	
991,653	-268,61	
991,855	-589,54	
992,057	11,98	
992,258	-301,93	
992,46	192,62	
992,661	-217,75	
992,863	-70,44	
993,064	234,71	
993,265	-389,62	
993,467	-198,46	
993,668	220,68	
993,87	318,89	
994,071	-159,88	
994,272	-128,31	
994,473	-144,1	
994,675	-408,91	
994,876	-528,16	
995,077	-145,85	
995,278	97,92	
995,48	40,04	
995,681	-277,38	
995,882	-84,47	
996,083	-117,79	
996,284	-119,55	
996,485	-217,75	
996,686	54,07	
996,887	-24,84	
997,088	-135,33	
997,289	97,92	
997,49	41,8	
997,691	-52,9	
997,892	-2,05	
998,092	-477,31	
998,293	48,81	
998,494	-200,22	
998,695	-173,91	
998,896	55,83	
999,096	-80,96	
999,297	-344,02	
999,498	-170,4	
999,698	-394,88	
999,899	-63,43	
1000,1	-570,25	
1000,3	-463,28	
1000,501	-137,08	
1000,701	-109,02	
1000,902	-280,89	
1001,102	276,8	
1001,303	-94,99	
1001,503	-37,12	
1001,704	-128,31	
1001,904	185,6	
1002,105	-237,05	
1002,305	-44,14	
1002,505	-456,26	
1002,706	-705,29	
1002,906	-433,46	
1003,106	-342,27	
1003,306	-245,81	
1003,507	-56,41	
1003,707	-40,63	
1003,907	26,01	
1004,107	-131,82	
1004,307	83,89	
1004,507	-400,14	
1004,707	-30,11	
1004,907	-340,52	
1005,107	-117,79	
1005,308	-63,43	
1005,507	-484,32	
1005,707	-456,26	
1005,907	-345,78	
1006,107	-194,96	
1006,307	-189,69	
1006,507	-59,92	
1006,707	-231,78	
1006,907	269,78	
1007,106	-9,06	
1007,306	-38,87	
1007,506	134,74	
1007,706	-52,9	
1007,905	-335,25	
1008,105	-84,47	
1008,305	-51,15	
1008,504	-391,37	
1008,704	204,89	
1008,903	-703,54	
1009,103	178,59	
1009,303	-94,99	
1009,502	-279,13	
1009,702	124,22	
1009,901	122,47	
1010,1	-286,15	
1010,3	-345,78	
1010,499	-33,61	
1010,699	-189,69	
1010,898	-538,69	
1011,097	-223,02	
1011,296	-263,35	
1011,496	148,77	
1011,695	473,21	
1011,894	-219,51	
1012,093	78,63	
1012,293	-535,18	
1012,492	-40,63	
1012,691	-138,84	
1012,89	-147,61	
1013,089	-384,36	
1013,288	76,87	
1013,487	-303,69	
1013,686	-275,63	
1013,885	-361,56	
1014,084	-180,93	
1014,283	-63,43	
1014,482	-210,74	
1014,681	-315,96	
1014,88	-240,55	
1015,078	106,69	
1015,277	-3,8	
1015,476	-154,62	
1015,675	-221,26	
1015,873	-56,41	
1016,072	-556,22	
1016,271	-26,6	
1016,47	-126,56	
1016,668	-47,64	
1016,867	-550,96	
1017,065	-133,58	
1017,264	-296,67	
1017,463	-301,93	
1017,661	-61,67	
1017,86	-240,55	
1018,058	52,32	
1018,256	-410,66	
1018,455	-508,87	
1018,653	-93,24	
1018,852	-59,92	
1019,05	-482,57	
1019,248	187,36	
1019,447	-496,6	
1019,645	-3,8	
1019,843	-303,69	
1020,041	-577,27	
1020,24	-382,6	
1020,438	-86,22	
1020,636	-261,6	
1020,834	-308,95	
1021,032	-24,84	
1021,23	-331,75	
1021,428	-168,65	
1021,626	-38,87	
1021,824	31,27	
1022,022	-405,4	
1022,22	-659,69	
1022,418	-256,34	
1022,616	-219,51	
1022,814	-440,48	
1023,012	-5,55	
1023,21	-245,81	
1023,408	383,77	
1023,606	-456,26	
1023,803	-296,67	
1024,001	299,59	
1024,199	-196,71	
1024,397	-80,96	
1024,594	224,18	
1024,792	20,75	
1024,99	-301,93	
1025,187	31,27	
1025,385	296,09	
1025,582	-610,59	
1025,78	-21,34	
1025,977	-407,16	
1026,175	-82,72	
1026,372	-384,36	
1026,57	-263,35	
1026,767	399,56	
1026,965	-242,31	
1027,162	-664,95	
1027,359	103,18	
1027,557	-219,51	
1027,754	-417,68	
1027,951	113,7	
1028,148	-289,66	
1028,346	111,95	
1028,543	-182,68	
1028,74	-321,22	
1028,937	-79,21	
1029,134	-84,47	
1029,331	-151,11	
1029,528	-38,87	
1029,725	218,92	
1029,923	-224,77	
1030,12	311,87	
1030,317	-454,51	
1030,513	120,71	
1030,71	-454,51	
1030,907	-109,02	
1031,104	78,63	
1031,301	-331,75	
1031,498	-198,46	
1031,695	-591,3	
1031,892	-629,88	
1032,088	-296,67	
1032,285	-340,52	
1032,482	-252,83	
1032,678	-354,55	
1032,875	-19,58	
1033,072	332,92	
1033,268	-275,63	
1033,465	168,07	
1033,662	68,1	
1033,858	15,49	
1034,055	-110,78	
1034,251	-445,74	
1034,448	168,07	
1034,644	-189,69	
1034,84	-201,97	
1035,037	-114,28	
1035,233	-458,01	
1035,43	-477,31	
1035,626	-586,04	
1035,822	-468,54	
1036,019	-31,86	
1036,215	59,33	
1036,411	-217,75	
1036,607	-545,7	
1036,803	-187,94	
1037	-251,08	
1037,196	481,98	
1037,392	-480,81	
1037,588	57,58	
1037,784	8,48	
1037,98	-33,61	
1038,176	-333,5	
1038,372	148,77	
1038,568	-370,33	
1038,764	-286,15	
1038,96	-138,84	
1039,156	-436,97	
1039,352	-436,97	
1039,547	-170,4	
1039,743	-531,67	
1039,939	-47,64	
1040,135	-396,63	
1040,331	-459,77	
1040,526	-407,16	
1040,722	64,6	
1040,918	-451	
1041,113	-156,37	
1041,309	-538,69	
1041,505	-10,81	
1041,7	-121,3	
1041,896	132,99	
1042,091	-438,72	
1042,287	-9,06	
1042,482	-58,17	
1042,678	-70,44	
1042,873	90,9	
1043,069	-268,61	
1043,264	48,81	
1043,459	52,32	
1043,655	-417,68	
1043,85	-151,11	
1044,045	-747,38	
1044,24	-347,53	
1044,436	-580,78	
1044,631	-198,46	
1044,826	-166,9	
1045,021	-166,9	
1045,216	-166,9	
