couleur : jaune
angle source :0
angle capteur :30
source : 6500K
FLMT02171_1:101		
194,658	-1895,63	
194,923	-1895,63	
195,188	-1895,63	
195,453	-1939,48	
195,717	-108,58	
195,982	550,82	
196,247	149,21	
196,512	-285,71	
196,777	-62,99	
197,042	-98,06	
197,307	63,28	
197,572	17,68	
197,837	21,19	
198,101	-306,76	
198,366	68,54	
198,631	-19,14	
198,896	-98,06	
199,161	412,27	
199,425	-378,66	
199,69	282,5	
199,955	-55,97	
200,22	-64,74	
200,484	-668,02	
200,749	-57,73	
201,014	49,25	
201,278	-285,71	
201,543	419,29	
201,807	-317,28	
202,072	233,39	
202,337	233,39	
202,601	105,37	
202,866	-569,81	
203,13	-345,34	
203,395	-217,32	
203,659	305,29	
203,924	-198,02	
204,189	-1,61	
204,453	-1,61	
204,717	-331,31	
204,982	143,95	
205,246	-64,74	
205,511	349,14	
205,775	-103,32	
206,04	93,09	
206,304	-315,52	
206,568	-152,43	
206,833	-313,77	
207,097	84,33	
207,361	-73,51	
207,626	-292,73	
207,89	38,73	
208,154	-84,03	
208,419	149,21	
208,683	-280,45	
208,947	105,37	
209,211	200,07	
209,476	243,91	
209,74	207,09	
210,004	647,27	
210,268	328,09	
210,532	480,67	
210,796	117,65	
211,061	-248,88	
211,325	-31,42	
211,589	450,85	
211,853	449,1	
212,117	22,94	
212,381	410,52	
212,645	129,92	
212,909	87,83	
213,173	121,15	
213,437	-269,93	
213,701	350,89	
213,965	-41,94	
214,229	284,25	
214,493	175,52	
214,757	-38,44	
215,021	-264,67	
215,285	128,17	
215,549	-420,75	
215,813	-26,16	
216,077	45,74	
216,34	59,77	
216,604	252,68	
216,868	-148,92	
217,132	-375,15	
217,396	266,71	
217,659	7,16	
217,923	352,65	
218,187	-131,38	
218,451	196,56	
218,714	191,3	
218,978	65,03	
219,242	508,73	
219,505	224,62	
219,769	-134,89	
220,033	298,28	
220,296	312,31	
220,56	133,43	
220,824	135,18	
221,087	335,11	
221,351	-140,15	
221,614	-94,56	
221,878	-454,07	
222,142	119,4	
222,405	131,68	
222,669	-240,11	
222,932	-66,5	
223,196	263,21	
223,459	163,24	
223,722	-61,23	
223,986	-155,94	
224,249	277,23	
224,513	221,12	
224,776	-206,79	
225,04	-62,99	
225,303	-359,37	
225,566	231,64	
225,83	326,34	
226,093	14,18	
226,356	-180,49	
226,62	485,93	
226,883	-408,47	
227,146	-347,09	
227,409	-313,77	
227,673	568,35	
227,936	-312,02	
228,199	124,66	
228,462	294,77	
228,725	175,52	
228,989	54,51	
229,252	91,34	
229,515	-110,34	
229,778	110,63	
230,041	177,27	
230,304	-362,88	
230,567	-219,07	
230,83	28,21	
231,093	12,42	
231,356	-48,96	
231,619	-119,11	
231,882	-236,61	
232,145	-1,61	
232,408	-187,5	
232,671	-68,25	
232,934	-236,61	
233,197	157,98	
233,46	492,94	
233,723	-10,38	
233,986	259,7	
234,249	-333,06	
234,512	49,25	
234,775	122,91	
235,037	101,86	
235,3	-233,1	
235,563	691,11	
235,826	307,05	
236,089	277,23	
236,351	-45,45	
236,614	110,63	
236,877	91,34	
237,14	-313,77	
237,402	-101,57	
237,665	210,59	
237,928	51	
238,19	-212,05	
238,453	221,12	
238,716	533,28	
238,978	-103,32	
239,241	52,76	
239,503	22,94	
239,766	0,15	
240,029	268,47	
240,291	-203,29	
240,554	322,83	
240,816	31,71	
241,079	240,41	
241,341	31,71	
241,604	-534,74	
241,866	-184	
242,129	-234,85	
242,391	319,32	
242,653	-196,27	
242,916	100,11	
243,178	-71,76	
243,441	277,23	
243,703	59,77	
243,965	-134,89	
244,228	519,25	
244,49	-127,88	
244,752	105,37	
245,015	94,85	
245,277	-184	
245,539	-380,41	
245,801	-313,77	
246,064	138,69	
246,326	221,12	
246,588	-166,46	
246,85	566,6	
247,112	-189,26	
247,374	180,78	
247,637	-105,08	
247,899	-340,08	
248,161	222,87	
248,423	-145,41	
248,685	373,69	
248,947	293,02	
249,209	421,04	
249,471	-110,34	
249,733	-171,72	
249,995	-203,29	
250,257	-352,35	
250,519	345,63	
250,781	378,95	
251,043	382,46	
251,305	163,24	
251,567	436,82	
251,829	10,67	
252,091	61,53	
252,353	-192,76	
252,615	45,74	
252,876	-112,09	
253,138	175,52	
253,4	-26,16	
253,662	-84,03	
253,924	-711,87	
254,185	75,56	
254,447	-138,4	
254,709	487,68	
254,971	-99,82	
255,232	59,77	
255,494	454,36	
255,756	73,8	
256,017	-497,91	
256,279	-545,26	
256,541	-101,57	
256,802	110,63	
257,064	-262,91	
257,326	-254,14	
257,587	-10,38	
257,849	154,47	
258,11	65,03	
258,372	-234,85	
258,633	177,27	
258,895	540,29	
259,156	535,03	
259,418	52,76	
259,679	147,46	
259,941	168,5	
260,202	103,62	
260,464	-178,73	
260,725	17,68	
260,987	128,17	
261,248	82,57	
261,509	229,88	
261,771	161,49	
262,032	91,34	
262,293	228,13	
262,555	212,35	
262,816	226,38	
263,077	-219,07	
263,338	-141,91	
263,6	-568,06	
263,861	-399,7	
264,122	319,32	
264,383	12,42	
264,645	-205,04	
264,906	-75,26	
265,167	-138,4	
265,428	3,65	
265,689	-212,05	
265,95	524,51	
266,211	126,41	
266,473	-301,49	
266,734	-77,02	
266,995	47,5	
267,256	166,75	
267,517	145,71	
267,778	-47,2	
268,039	-1,61	
268,3	489,44	
268,561	-29,67	
268,822	-113,85	
269,083	266,71	
269,344	-43,7	
269,604	436,82	
269,865	-359,37	
270,126	268,47	
270,387	1,9	
270,648	-650,49	
270,909	-434,78	
271,17	75,56	
271,43	428,06	
271,691	210,59	
271,952	-84,03	
272,213	-96,31	
272,473	-454,07	
272,734	261,45	
272,995	-496,16	
273,256	-559,29	
273,516	-203,29	
273,777	-87,54	
274,038	-255,9	
274,298	231,64	
274,559	-45,45	
274,82	-257,65	
275,08	-87,54	
275,341	-532,99	
275,601	-454,07	
275,862	-189,26	
276,122	333,35	
276,383	-133,14	
276,643	293,02	
276,904	210,59	
277,164	461,38	
277,425	466,64	
277,685	-159,44	
277,946	96,6	
278,206	-345,34	
278,467	-43,7	
278,727	522,76	
278,987	172,01	
279,248	307,05	
279,508	114,14	
279,768	-117,35	
280,029	-24,41	
280,289	-24,41	
280,549	-54,22	
280,81	35,22	
281,07	308,8	
281,33	-283,96	
281,59	470,14	
281,851	42,24	
282,111	5,41	
282,371	380,7	
282,631	-98,06	
282,891	-166,46	
283,151	-198,02	
283,412	-22,65	
283,672	31,71	
283,932	124,66	
284,192	-378,66	
284,452	-191,01	
284,712	236,9	
284,972	24,7	
285,232	303,54	
285,492	128,17	
285,752	229,88	
286,012	-26,16	
286,272	-466,35	
286,532	329,85	
286,792	175,52	
287,052	-173,47	
287,312	-164,7	
287,571	52,76	
287,831	-64,74	
288,091	159,74	
288,351	-347,09	
288,611	-441,79	
288,871	-238,36	
289,13	-194,52	
289,39	107,12	
289,65	108,88	
289,91	577,12	
290,17	293,02	
290,429	-143,66	
290,689	0,15	
290,949	77,31	
291,208	-55,97	
291,468	-345,34	
291,728	73,8	
291,987	-447,05	
292,247	-180,49	
292,506	622,72	
292,766	121,15	
293,026	7,16	
293,285	-105,08	
293,545	273,73	
293,804	-176,98	
294,064	410,52	
294,323	58,02	
294,583	-348,85	
294,842	-390,93	
295,102	229,88	
295,361	449,1	
295,621	277,23	
295,88	252,68	
296,139	-101,57	
296,399	286	
296,658	114,14	
296,917	-357,61	
297,177	-54,22	
297,436	554,32	
297,695	19,44	
297,955	294,77	
298,214	-268,17	
298,473	115,89	
298,732	40,48	
298,992	212,35	
299,251	-57,73	
299,51	-138,4	
299,769	161,49	
300,028	-422,5	
300,287	-20,9	
300,547	-468,1	
300,806	196,56	
301,065	-555,79	
301,324	128,17	
301,583	65,03	
301,842	266,71	
302,101	19,44	
302,36	356,15	
302,619	400	
302,878	147,46	
303,137	124,66	
303,396	-152,43	
303,655	293,02	
303,914	233,39	
304,173	-50,71	
304,432	128,17	
304,691	-371,64	
304,95	321,08	
305,208	266,71	
305,467	-169,97	
305,726	-620,67	
305,985	-106,83	
306,244	-36,68	
306,503	-103,32	
306,761	198,32	
307,02	-283,96	
307,279	271,97	
307,537	128,17	
307,796	-448,81	
308,055	-224,33	
308,314	-94,56	
308,572	212,35	
308,831	-312,02	
309,09	454,36	
309,348	254,44	
309,607	-133,14	
309,865	308,8	
310,124	392,98	
310,382	166,75	
310,641	-66,5	
310,9	-464,59	
311,158	198,32	
311,417	26,45	
311,675	-222,58	
311,933	-227,84	
312,192	275,48	
312,45	-294,48	
312,709	-106,83	
312,967	378,95	
313,226	417,53	
313,484	-126,12	
313,742	163,24	
314,001	72,05	
314,259	293,02	
314,517	189,55	
314,776	-303,25	
315,034	-31,42	
315,292	98,35	
315,55	254,44	
315,809	-148,92	
316,067	191,3	
316,325	-168,21	
316,583	170,26	
316,841	-399,7	
317,1	328,09	
317,358	-27,91	
317,616	-369,89	
317,874	-48,96	
318,132	33,47	
318,39	461,38	
318,648	159,74	
318,906	63,28	
319,164	-362,88	
319,422	-338,32	
319,68	-250,64	
319,938	-138,4	
320,196	-120,86	
320,454	-27,91	
320,712	-352,35	
320,97	-73,51	
321,228	-217,32	
321,486	-345,34	
321,744	12,42	
322,002	-226,08	
322,26	182,53	
322,517	-15,64	
322,775	-215,56	
323,033	-240,11	
323,291	-78,77	
323,549	-124,37	
323,806	-138,4	
324,064	119,4	
324,322	184,29	
324,58	100,11	
324,837	-217,32	
325,095	-171,72	
325,353	454,36	
325,61	-80,53	
325,868	221,12	
326,126	-240,11	
326,383	315,82	
326,641	-247,13	
326,898	-185,75	
327,156	129,92	
327,413	138,69	
327,671	58,02	
327,928	-12,13	
328,186	186,04	
328,443	-203,29	
328,701	36,97	
328,958	-466,35	
329,216	87,83	
329,473	105,37	
329,731	-166,46	
329,988	228,13	
330,245	-129,63	
330,503	-178,73	
330,76	79,06	
331,017	-13,88	
331,275	161,49	
331,532	122,91	
331,789	207,09	
332,047	28,21	
332,304	-198,02	
332,561	622,72	
332,818	-62,99	
333,076	-45,45	
333,333	-5,12	
333,59	36,97	
333,847	300,03	
334,104	271,97	
334,361	326,34	
334,618	-143,66	
334,876	273,73	
335,133	-310,26	
335,39	29,96	
335,647	-382,17	
335,904	-98,06	
336,161	-447,05	
336,418	-47,2	
336,675	-98,06	
336,932	-13,88	
337,189	303,54	
337,446	21,19	
337,703	347,38	
337,96	19,44	
338,216	-247,13	
338,473	-276,94	
338,73	-247,13	
338,987	-147,17	
339,244	-275,19	
339,501	194,81	
339,757	-392,69	
340,014	-426,01	
340,271	-57,73	
340,528	58,02	
340,785	250,93	
341,041	-103,32	
341,298	133,43	
341,555	-159,44	
341,811	-417,24	
342,068	156,23	
342,325	-108,58	
342,581	-36,68	
342,838	242,16	
343,094	326,34	
343,351	-266,42	
343,608	-231,35	
343,864	254,44	
344,121	-269,93	
344,377	-10,38	
344,634	570,11	
344,89	-78,77	
345,147	-269,93	
345,403	17,68	
345,66	98,35	
345,916	-431,27	
346,172	-99,82	
346,429	266,71	
346,685	70,3	
346,942	-106,83	
347,198	-133,14	
347,454	-152,43	
347,711	61,53	
347,967	58,02	
348,223	-120,86	
348,48	-33,17	
348,736	-108,58	
348,992	-103,32	
349,248	-48,96	
349,504	-54,22	
349,761	56,27	
350,017	-161,2	
350,273	-312,02	
350,529	-303,25	
350,785	80,82	
351,041	-383,92	
351,297	-47,2	
351,554	-94,56	
351,81	-492,65	
352,066	38,73	
352,322	-175,23	
352,578	761,26	
352,834	-17,39	
353,09	300,03	
353,346	-150,67	
353,602	68,54	
353,858	-315,52	
354,114	-112,09	
354,369	-5,12	
354,625	-41,94	
354,881	-254,14	
355,137	212,35	
355,393	-534,74	
355,649	-297,99	
355,905	-229,59	
356,16	-124,37	
356,416	266,71	
356,672	-208,55	
356,928	-189,26	
357,183	115,89	
357,439	-497,91	
357,695	-82,28	
357,951	-315,52	
358,206	117,65	
358,462	179,03	
358,718	-124,37	
358,973	73,8	
359,229	-106,83	
359,484	36,97	
359,74	-231,35	
359,996	-41,94	
360,251	38,73	
360,507	-278,7	
360,762	24,7	
361,018	205,33	
361,273	89,59	
361,529	-234,85	
361,784	343,88	
362,04	-294,48	
362,295	66,79	
362,55	-492,65	
362,806	63,28	
363,061	138,69	
363,316	-226,08	
363,572	259,7	
363,827	-187,5	
364,082	331,6	
364,338	-29,67	
364,593	-254,14	
364,848	293,02	
365,104	-382,17	
365,359	-112,09	
365,614	-243,62	
365,869	100,11	
366,124	-162,95	
366,38	287,76	
366,635	282,5	
366,89	56,27	
367,145	45,74	
367,4	68,54	
367,655	156,23	
367,91	-550,52	
368,165	-5,12	
368,42	-3,36	
368,675	96,6	
368,93	-136,64	
369,185	410,52	
369,44	-70	
369,695	28,21	
369,95	-103,32	
370,205	-252,39	
370,46	-13,88	
370,715	166,75	
370,97	128,17	
371,225	400	
371,48	261,45	
371,734	-82,28	
371,989	-15,64	
372,244	-599,63	
372,499	1,9	
372,754	301,79	
373,008	-673,28	
373,263	-8,62	
373,518	389,47	
373,773	-252,39	
374,027	-103,32	
374,282	40,48	
374,537	268,47	
374,791	340,37	
375,046	36,97	
375,301	322,83	
375,555	128,17	
375,81	-220,82	
376,064	10,67	
376,319	133,43	
376,573	-29,67	
376,828	-641,72	
377,082	-434,78	
377,337	277,23	
377,591	-187,5	
377,846	-292,73	
378,1	256,19	
378,355	1,9	
378,609	294,77	
378,863	-210,3	
379,118	70,3	
379,372	-220,82	
379,627	238,65	
379,881	201,82	
380,135	117,65	
380,389	-250,64	
380,644	-294,48	
380,898	300,03	
381,152	-313,77	
381,407	-264,67	
381,661	98,35	
381,915	363,17	
382,169	152,72	
382,423	87,83	
382,677	-283,96	
382,932	328,09	
383,186	-5,12	
383,44	-240,11	
383,694	-515,45	
383,948	-38,44	
384,202	89,59	
384,456	-6,87	
384,71	-240,11	
384,964	-147,17	
385,218	200,07	
385,472	121,15	
385,726	68,54	
385,98	257,94	
386,234	-124,37	
386,488	-255,9	
386,742	157,98	
386,996	236,9	
387,249	65,03	
387,503	582,38	
387,757	-55,97	
388,011	-6,87	
388,265	222,87	
388,518	-94,56	
388,772	-19,14	
389,026	110,63	
389,28	-71,76	
389,533	-5,12	
389,787	207,09	
390,041	-84,03	
390,295	-618,92	
390,548	65,03	
390,802	-91,05	
391,055	168,5	
391,309	142,2	
391,563	-254,14	
391,816	193,06	
392,07	124,66	
392,323	264,96	
392,577	91,34	
392,83	240,41	
393,084	-252,39	
393,337	-138,4	
393,591	496,45	
393,844	-173,47	
394,098	-112,09	
394,351	-169,97	
394,604	459,62	
394,858	75,56	
395,111	-31,42	
395,364	89,59	
395,618	-47,2	
395,871	-119,11	
396,124	282,5	
396,378	165	
396,631	254,44	
396,884	550,82	
397,137	563,09	
397,391	133,43	
397,644	119,4	
397,897	487,68	
398,15	407,01	
398,403	350,89	
398,657	191,3	
398,91	152,72	
399,163	-287,46	
399,416	145,71	
399,669	-289,22	
399,922	-3,36	
400,175	29,96	
400,428	-40,19	
400,681	-513,7	
400,934	-198,02	
401,187	231,64	
401,44	-189,26	
401,693	-48,96	
401,946	142,2	
402,199	335,11	
402,452	254,44	
402,704	-159,44	
402,957	54,51	
403,21	14,18	
403,463	-271,68	
403,716	-382,17	
403,969	-3,36	
404,221	65,03	
404,474	128,17	
404,727	157,98	
404,98	315,82	
405,232	87,83	
405,485	-91,05	
405,738	63,28	
405,99	-547,02	
406,243	152,72	
406,496	-547,02	
406,748	-15,64	
407,001	93,09	
407,253	-180,49	
407,506	-43,7	
407,759	282,5	
408,011	-8,62	
408,264	340,37	
408,516	298,28	
408,769	335,11	
409,021	305,29	
409,274	194,81	
409,526	224,62	
409,778	59,77	
410,031	401,75	
410,283	487,68	
410,536	5,41	
410,788	-173,47	
411,04	161,49	
411,293	-94,56	
411,545	-27,91	
411,797	-545,26	
412,049	200,07	
412,302	254,44	
412,554	-280,45	
412,806	496,45	
413,058	94,85	
413,311	403,5	
413,563	-13,88	
413,815	236,9	
414,067	191,3	
414,319	536,79	
414,571	-276,94	
414,823	-22,65	
415,075	205,33	
415,328	17,68	
415,58	161,49	
415,832	-238,36	
416,084	384,21	
416,336	305,29	
416,588	-91,05	
416,84	-198,02	
417,091	363,17	
417,343	124,66	
417,595	73,8	
417,847	75,56	
418,099	314,06	
418,351	166,75	
418,603	-369,89	
418,855	-119,11	
419,106	86,08	
419,358	440,33	
419,61	36,97	
419,862	273,73	
420,114	68,54	
420,365	385,97	
420,617	79,06	
420,869	656,04	
421,12	-180,49	
421,372	433,32	
421,624	335,11	
421,875	400	
422,127	501,71	
422,379	312,31	
422,63	377,2	
422,882	191,3	
423,133	328,09	
423,385	221,12	
423,636	277,23	
423,888	103,62	
424,139	364,92	
424,391	233,39	
424,642	-238,36	
424,894	203,58	
425,145	475,41	
425,396	26,45	
425,648	263,21	
425,899	-78,77	
426,151	356,15	
426,402	229,88	
426,653	-198,02	
426,905	168,5	
427,156	538,54	
427,407	201,82	
427,658	552,57	
427,91	552,57	
428,161	212,35	
428,412	-26,16	
428,663	412,27	
428,914	-29,67	
429,166	51	
429,417	642,01	
429,668	175,52	
429,919	654,29	
430,17	366,67	
430,421	466,64	
430,672	175,52	
430,923	-159,44	
431,174	329,85	
431,425	228,13	
431,676	129,92	
431,927	349,14	
432,178	606,94	
432,429	114,14	
432,68	705,14	
432,931	649,02	
433,182	457,87	
433,433	115,89	
433,683	-287,46	
433,934	273,73	
434,185	564,85	
434,436	659,55	
434,687	564,85	
434,937	594,66	
435,188	542,05	
435,439	747,23	
435,69	212,35	
435,94	792,83	
436,191	433,32	
436,442	501,71	
436,692	898,05	
436,943	954,17	
437,194	619,21	
437,444	752,49	
437,695	670,07	
437,945	219,36	
438,196	440,33	
438,447	712,16	
438,697	613,95	
438,948	382,46	
439,198	463,13	
439,449	770,03	
439,699	670,07	
439,949	1041,86	
440,2	407,01	
440,45	692,87	
440,701	503,47	
440,951	431,56	
441,201	989,25	
441,452	1022,57	
441,702	1008,54	
441,952	591,15	
442,203	838,43	
442,453	780,55	
442,703	794,58	
442,953	342,12	
443,204	512,23	
443,454	992,76	
443,704	1220,74	
443,954	782,31	
444,204	1222,49	
444,455	1092,72	
444,705	1297,9	
444,955	1183,91	
445,205	1062,9	
445,455	1199,69	
445,705	1180,4	
445,955	1113,76	
446,205	966,45	
446,455	1347,01	
446,705	1124,28	
446,955	1203,2	
447,205	805,11	
447,455	1247,05	
447,705	1001,52	
447,955	1122,53	
448,205	1567,98	
448,454	1632,87	
448,704	1275,11	
448,954	1432,94	
449,204	1040,11	
449,454	1620,59	
449,704	1411,9	
449,953	1348,76	
450,203	1557,46	
450,453	1522,38	
450,703	1331,22	
450,952	1441,71	
451,202	1704,77	
451,452	1218,99	
451,701	1236,52	
451,951	2074,8	
452,201	1655,66	
452,45	2011,67	
452,7	1587,27	
452,949	1697,75	
453,199	1717,04	
453,448	1278,61	
453,698	1703,01	
453,947	1729,32	
454,197	1404,88	
454,446	1987,12	
454,696	1438,2	
454,945	1608,31	
455,195	1589,02	
455,444	1946,78	
455,693	2213,35	
455,943	1703,01	
456,192	1725,81	
456,442	1655,66	
456,691	1736,34	
456,94	1259,32	
457,189	1860,85	
457,439	1657,42	
457,688	1397,87	
457,937	1410,14	
458,186	1417,16	
458,436	1820,51	
458,685	1357,53	
458,934	1392,6	
459,183	1397,87	
459,432	1724,06	
459,681	1357,53	
459,93	1571,48	
460,179	1606,56	
460,429	1406,63	
460,678	1257,57	
460,927	1199,69	
461,176	1587,27	
461,425	1604,81	
461,674	1339,99	
461,923	1143,58	
462,172	1520,63	
462,42	1297,9	
462,669	1008,54	
462,918	1047,12	
463,167	1734,58	
463,416	1639,88	
463,665	1113,76	
463,914	1243,54	
464,162	898,05	
464,411	1564,47	
464,66	1397,87	
464,909	1254,06	
465,158	1006,79	
465,406	1443,46	
465,655	1047,12	
465,904	705,14	
466,152	1218,99	
466,401	1385,59	
466,65	1061,15	
466,898	975,22	
467,147	943,65	
467,395	1380,33	
467,644	1336,49	
467,893	1062,9	
468,141	1236,52	
468,39	1143,58	
468,638	734,96	
468,887	1104,99	
469,135	1115,52	
469,384	1266,34	
469,632	1264,58	
469,88	1313,69	
470,129	1203,2	
470,377	1082,2	
470,626	694,62	
470,874	792,83	
471,122	1241,78	
471,371	1266,34	
471,619	866,49	
471,867	633,24	
472,115	899,81	
472,364	738,46	
472,612	782,31	
472,86	813,88	
473,108	1178,65	
473,356	880,52	
473,605	729,7	
473,853	1164,62	
474,101	517,5	
474,349	1229,51	
474,597	1182,16	
474,845	931,37	
475,093	787,57	
475,341	854,21	
475,589	1427,68	
475,837	1062,9	
476,085	812,12	
476,333	1227,75	
476,581	756	
476,829	1136,56	
477,077	1024,32	
477,325	882,27	
477,573	633,24	
477,821	815,63	
478,069	871,75	
478,317	1099,73	
478,564	608,69	
478,812	782,31	
479,06	768,28	
479,308	852,46	
479,555	868,24	
479,803	1218,99	
480,051	582,38	
480,299	1168,13	
480,546	747,23	
480,794	1233,02	
481,042	917,35	
481,289	1159,36	
481,537	782,31	
481,784	869,99	
482,032	1345,25	
482,28	1439,96	
482,527	606,94	
482,775	635	
483,022	685,85	
483,27	1520,63	
483,517	933,13	
483,765	1199,69	
484,012	1283,87	
484,259	934,88	
484,507	882,27	
484,754	1324,21	
485,002	1008,54	
485,249	1141,82	
485,496	933,13	
485,744	1646,9	
485,991	1197,94	
486,238	871,75	
486,486	1387,34	
486,733	1418,91	
486,98	1415,4	
487,227	1601,3	
487,474	1220,74	
487,722	857,72	
487,969	898,05	
488,216	1282,12	
488,463	1711,78	
488,71	1120,78	
488,957	1297,9	
489,204	1804,73	
489,451	1306,67	
489,699	1618,84	
489,946	1559,21	
490,193	1720,55	
490,44	1501,34	
490,687	1778,42	
490,934	1643,39	
491,18	1778,42	
491,427	2066,04	
491,674	1429,43	
491,921	1596,04	
492,168	1466,26	
492,415	1662,68	
492,662	1276,86	
492,909	1646,9	
493,155	1620,59	
493,402	1934,51	
493,649	1194,43	
493,896	1478,54	
494,142	1931	
494,389	2085,33	
494,636	1696	
494,883	1788,95	
495,129	2295,77	
495,376	2339,62	
495,623	1918,72	
495,869	2148,46	
496,116	2141,45	
496,362	2374,69	
496,609	2427,3	
496,855	2416,78	
497,102	1732,83	
497,348	2115,14	
497,595	2672,83	
497,841	1945,03	
498,088	2329,09	
498,334	2422,04	
498,581	2276,48	
498,827	2408,01	
499,074	2764,02	
499,32	2737,71	
499,566	3009,54	
499,813	2851,71	
500,059	2992	
500,305	3063,91	
500,552	3469,02	
500,798	2923,61	
501,044	3002,53	
501,29	2851,71	
501,537	3523,38	
501,783	2809,62	
502,029	3323,46	
502,275	2835,92	
502,521	3156,85	
502,767	3928,49	
503,013	3675,96	
503,26	3961,81	
503,506	3584,76	
503,752	3232,26	
503,998	3600,55	
504,244	3933,75	
504,49	3709,28	
504,736	4175,77	
504,982	3547,93	
505,228	3767,15	
505,474	4119,65	
505,72	4526,51	
505,966	3525,14	
506,211	3961,81	
506,457	4365,17	
506,703	4921,1	
506,949	4145,96	
507,195	4152,97	
507,441	5028,08	
507,686	4458,12	
507,932	4896,55	
508,178	5066,66	
508,424	4971,96	
508,669	4842,18	
508,915	5012,3	
509,161	5424,42	
509,406	5177,15	
509,652	5136,81	
509,898	5468,26	
510,143	5313,94	
510,389	5243,79	
510,634	5452,48	
510,88	5657,67	
511,125	4840,43	
511,371	6046,99	
511,616	5864,61	
511,862	6092,59	
512,107	5629,61	
512,353	6048,75	
512,598	5883,9	
512,844	6410,02	
513,089	6524,01	
513,335	6646,77	
513,58	6622,22	
513,825	6129,42	
514,071	6508,22	
514,316	6469,64	
514,561	7057,14	
514,806	7006,28	
515,052	7206,21	
515,297	7192,18	
515,542	6741,47	
515,787	6946,66	
516,033	7409,64	
516,278	7502,59	
516,523	7148,33	
516,768	7279,86	
517,013	7758,63	
517,258	7499,08	
517,503	7842,81	
517,748	7279,86	
517,993	7834,04	
518,238	8107,62	
518,483	7735,83	
518,728	8016,43	
518,973	8160,23	
519,218	8412,77	
519,463	8563,59	
519,708	8612,7	
519,953	8272,47	
520,198	7930,5	
520,443	8751,24	
520,688	8191,8	
520,933	8924,86	
521,177	8905,57	
521,422	8863,48	
521,667	8691,61	
521,912	8879,26	
522,157	9007,28	
522,401	8937,14	
522,646	8975,72	
522,891	9247,55	
523,135	9121,28	
523,38	9065,16	
523,625	9261,58	
523,869	9361,54	
524,114	9670,19	
524,358	10038,48	
524,603	9701,76	
524,848	9501,84	
525,092	9512,36	
525,337	10140,19	
525,581	9517,62	
525,826	9215,98	
526,07	10494,44	
526,315	9942,02	
526,559	10049	
526,803	10429,56	
527,048	10401,5	
527,292	9917,47	
527,537	10431,31	
527,781	10287,5	
528,025	10127,92	
528,269	10134,93	
528,514	10050,75	
528,758	10278,74	
529,002	10659,29	
529,247	10748,73	
529,491	10910,08	
529,735	10583,88	
529,979	10697,88	
530,223	10371,68	
530,467	10357,65	
530,712	11259,07	
530,956	10618,96	
531,2	10846,94	
531,444	10529,52	
531,688	10368,18	
531,932	11432,69	
532,176	11008,29	
532,42	10578,62	
532,664	10696,12	
532,908	11751,87	
533,152	10541,8	
533,396	11395,86	
533,64	11274,85	
533,884	11201,2	
534,128	10403,25	
534,371	11257,32	
534,615	11216,98	
534,859	11045,11	
535,103	10997,76	
535,347	11229,26	
535,59	10980,23	
535,834	11110	
536,078	11234,52	
536,322	11306,42	
536,565	11078,44	
536,809	11192,43	
537,053	11695,75	
537,296	11055,64	
537,54	11313,43	
537,784	11052,13	
538,027	11480,04	
538,271	12034,22	
538,514	11183,66	
538,758	11257,32	
539,001	11578,25	
539,245	11487,05	
539,488	11329,22	
539,732	12065,78	
539,975	11387,09	
540,219	11658,92	
540,462	12076,31	
540,706	11815	
540,949	11506,34	
541,192	11774,66	
541,436	11776,42	
541,679	11546,68	
541,922	11280,11	
542,166	11599,29	
542,409	11469,52	
542,652	11348,51	
542,895	11706,27	
543,139	11800,97	
543,382	12163,99	
543,625	11860,6	
543,868	11997,39	
544,111	11509,85	
544,354	11999,14	
544,598	11660,67	
544,841	11730,82	
545,084	12248,17	
545,327	12362,16	
545,57	11886,9	
545,813	11546,68	
546,056	11515,11	
546,299	11797,46	
546,542	11809,74	
546,785	11623,84	
547,028	12393,73	
547,271	11932,5	
547,514	11944,78	
547,756	11957,05	
547,999	11772,91	
548,242	11699,25	
548,485	11986,87	
548,728	11723,81	
548,971	11613,32	
549,213	12020,19	
549,456	11892,16	
549,699	11678,21	
549,942	11851,83	
550,184	11743,1	
550,427	12171,01	
550,67	11851,83	
550,912	11941,27	
551,155	11781,68	
551,398	11822,02	
551,64	11937,76	
551,883	12009,66	
552,125	11644,89	
552,368	12062,28	
552,61	11567,73	
552,853	12039,48	
553,095	11678,21	
553,338	11776,42	
553,58	11564,22	
553,823	11551,94	
554,065	11613,32	
554,308	11664,18	
554,55	11432,69	
554,792	12020,19	
555,035	11720,3	
555,277	11718,55	
555,519	11720,3	
555,762	11569,48	
556,004	11893,92	
556,246	11299,41	
556,488	12065,78	
556,731	11499,33	
556,973	11855,34	
557,215	11778,17	
557,457	11446,72	
557,699	12078,06	
557,941	11508,1	
558,183	11320,45	
558,426	11229,26	
558,668	11583,51	
558,91	11288,88	
559,152	11690,49	
559,394	11481,79	
559,636	11523,88	
559,878	10967,95	
560,12	11732,58	
560,362	11564,22	
560,604	11790,45	
560,845	11383,58	
561,087	11834,29	
561,329	11620,34	
561,571	11311,68	
561,813	11397,61	
562,055	12032,46	
562,297	11337,99	
562,538	11550,19	
562,78	11764,14	
563,022	11744,85	
563,264	11672,95	
563,505	11760,64	
563,747	11017,06	
563,989	11857,09	
564,23	11525,64	
564,472	11685,22	
564,714	11420,41	
564,955	11904,44	
565,197	11718,55	
565,438	11916,72	
565,68	11215,23	
565,921	11643,14	
566,163	11467,76	
566,404	12227,13	
566,646	11643,14	
566,887	11853,58	
567,129	11583,51	
567,37	11632,61	
567,612	11611,57	
567,853	11909,7	
568,094	11825,52	
568,336	12209,59	
568,577	12178,02	
568,818	11785,19	
569,06	11990,37	
569,301	12905,82	
569,542	11967,57	
569,783	12435,82	
570,025	12000,9	
570,266	12413,02	
570,507	12590,15	
570,748	12320,07	
570,989	12193,81	
571,23	12337,61	
571,472	12139,44	
571,713	12207,84	
571,954	12111,38	
572,195	12048,25	
572,436	12218,36	
572,677	11693,99	
572,918	11560,71	
573,159	11827,28	
573,4	12009,66	
573,641	12095,6	
573,882	12221,87	
574,123	11857,09	
574,364	12102,61	
574,604	11976,34	
574,845	11879,89	
575,086	11357,28	
575,327	11564,22	
575,568	11806,23	
575,809	11451,98	
576,049	12213,1	
576,29	11597,54	
576,531	11697,5	
576,771	11436,2	
577,012	11024,07	
577,253	11460,75	
577,494	11157,35	
577,734	11392,35	
577,975	10817,13	
578,215	11974,59	
578,456	10952,17	
578,697	11437,95	
578,937	11138,06	
579,178	11243,29	
579,418	10843,44	
579,659	11073,17	
579,899	10729,44	
580,14	11758,88	
580,38	11404,63	
580,62	11225,75	
580,861	11294,14	
581,101	10789,07	
581,342	11378,32	
581,582	11081,94	
581,822	10680,34	
582,063	10604,93	
582,303	11064,41	
582,543	10738,21	
582,783	10461,12	
583,024	10550,56	
583,264	10587,39	
583,504	10564,59	
583,744	10759,26	
583,984	10796,09	
584,224	10832,91	
584,465	11245,04	
584,705	10380,45	
584,945	10492,69	
585,185	9714,04	
585,425	10676,83	
585,665	10604,93	
585,905	10461,12	
586,145	10464,63	
586,385	10706,65	
586,625	10745,23	
586,865	10818,88	
587,105	10080,57	
587,345	10734,71	
587,585	10571,61	
587,824	10654,03	
588,064	10417,28	
588,304	10548,81	
588,544	10340,12	
588,784	10534,78	
589,024	10412,02	
589,263	10085,83	
589,503	10029,71	
589,743	10264,71	
589,982	9927,99	
590,222	10543,55	
590,462	9906,95	
590,701	9991,13	
590,941	10147,21	
591,181	10066,54	
591,42	9850,83	
591,66	10255,94	
591,899	9947,28	
592,139	10031,46	
592,378	9707,02	
592,618	9891,16	
592,857	9917,47	
593,097	9899,93	
593,336	10240,15	
593,576	9942,02	
593,815	10426,05	
594,055	9787,69	
594,294	9954,3	
594,533	10327,84	
594,773	9880,64	
595,012	10006,91	
595,251	10620,71	
595,491	10573,36	
595,73	10098,1	
595,969	10091,09	
596,208	9940,27	
596,447	10212,09	
596,687	10231,39	
596,926	9905,19	
597,165	9999,89	
597,404	10148,96	
597,643	10180,53	
597,882	9978,85	
598,121	9752,62	
598,36	9968,33	
598,599	10580,38	
598,838	10354,15	
599,077	10799,59	
599,316	10480,41	
599,555	10366,42	
599,794	10013,92	
600,033	10636,5	
600,272	10066,54	
600,511	10085,83	
600,75	9857,84	
600,989	10336,61	
601,228	10150,71	
601,466	9692,99	
601,705	10205,08	
601,944	10126,16	
602,183	10322,58	
602,422	9714,04	
602,66	9798,22	
602,899	10345,38	
603,138	9887,66	
603,376	10312,06	
603,615	10177,02	
603,854	10061,27	
604,092	9377,32	
604,331	9884,15	
604,569	10106,87	
604,808	9577,25	
605,047	9859,6	
605,285	9272,1	
605,524	9422,92	
605,762	9700,01	
606	9487,81	
606,239	9091,46	
606,477	9738,59	
606,716	9673,7	
606,954	9321,2	
607,193	9014,3	
607,431	9251,05	
607,669	9270,34	
607,908	9265,08	
608,146	8928,37	
608,384	9012,55	
608,622	8995,01	
608,861	8575,87	
609,099	8959,93	
609,337	8419,79	
609,575	8966,95	
609,813	8712,66	
610,052	8600,42	
610,29	8165,5	
610,528	8309,3	
610,766	8091,84	
611,004	7960,31	
611,242	8184,79	
611,48	7553,45	
611,718	8572,36	
611,956	7962,06	
612,194	8209,34	
612,432	8009,41	
612,67	8069,04	
612,908	7939,27	
613,146	8076,06	
613,384	8204,08	
613,621	7911,21	
613,859	7120,28	
614,097	7714,79	
614,335	7597,29	
614,573	7762,14	
614,811	7711,28	
615,048	7609,56	
615,286	7343	
615,524	7658,67	
615,761	7576,24	
615,999	7471,02	
616,237	7058,89	
616,474	7855,09	
616,712	6943,15	
616,95	7711,28	
617,187	7234,27	
617,425	7358,78	
617,662	6869,49	
617,9	7378,07	
618,137	7323,71	
618,375	7204,45	
618,612	6946,66	
618,85	7011,54	
619,087	7209,72	
619,325	6508,22	
619,562	6827,4	
619,799	6825,65	
620,037	7001,02	
620,274	7199,19	
620,511	6676,58	
620,749	6832,66	
620,986	7065,91	
621,223	6680,09	
621,461	6334,61	
621,698	6231,14	
621,935	6364,42	
622,172	6253,93	
622,409	7029,08	
622,647	6708,15	
622,884	6380,2	
623,121	6194,31	
623,358	6225,87	
623,595	6269,72	
623,832	6488,93	
624,069	6432,81	
624,306	5985,61	
624,543	6039,98	
624,78	5985,61	
625,017	5922,48	
625,254	6539,79	
625,491	6001,4	
625,728	5838,3	
625,965	6485,43	
626,202	5797,97	
626,438	5955,8	
626,675	6274,98	
626,912	5699,76	
627,149	5826,03	
627,386	6166,25	
627,622	5540,17	
627,859	6064,53	
628,096	6401,25	
628,333	5910,2	
628,569	5662,93	
628,806	5925,99	
629,043	5882,14	
629,279	5829,53	
629,516	5612,07	
629,752	5699,76	
629,989	5694,5	
630,225	5538,41	
630,462	5624,35	
630,699	5508,6	
630,935	5384,09	
631,171	5213,97	
631,408	5271,85	
631,644	5196,44	
631,881	5103,49	
632,117	5342	
632,354	5527,89	
632,59	5429,68	
632,826	5371,81	
633,063	5187,67	
633,299	4917,59	
633,535	5189,42	
633,771	4772,04	
634,008	5196,44	
634,244	4857,97	
634,48	5070,17	
634,716	4715,92	
634,953	5040,36	
635,189	4589,65	
635,425	4868,49	
635,661	4880,77	
635,897	5128,04	
636,133	4977,22	
636,369	4994,76	
636,605	4877,26	
636,841	4901,81	
637,077	4540,54	
637,313	4752,74	
637,549	5150,84	
637,785	4784,31	
638,021	4459,87	
638,257	4651,03	
638,493	4584,39	
638,729	4514,24	
638,965	4729,95	
639,2	5024,57	
639,436	4221,37	
639,672	4447,6	
639,908	4419,54	
640,144	3946,03	
640,379	4538,79	
640,615	4340,62	
640,851	4382,71	
641,086	4207,34	
641,322	4300,28	
641,558	4358,16	
641,793	3975,84	
642,029	4768,53	
642,264	3793,46	
642,5	4765,02	
642,736	4475,66	
642,971	4045,99	
643,207	4179,28	
643,442	3849,58	
643,678	4679,09	
643,913	4431,81	
644,148	3547,93	
644,384	4133,68	
644,619	4221,37	
644,855	3961,81	
645,09	4053,01	
645,325	3730,32	
645,561	3574,24	
645,796	3523,38	
646,031	3842,56	
646,266	3432,19	
646,502	4133,68	
646,737	3227	
646,972	3391,85	
647,207	3747,86	
647,442	3430,43	
647,678	3654,91	
647,913	4133,68	
648,148	3623,34	
648,383	3563,72	
648,618	3586,52	
648,853	3369,05	
649,088	3377,82	
649,323	3314,69	
649,558	3863,61	
649,793	3300,66	
650,028	3377,82	
650,263	3465,51	
650,498	3469,02	
650,733	3316,44	
650,968	3556,7	
651,202	3104,24	
651,437	3481,29	
651,672	3805,73	
651,907	3116,52	
652,142	3186,67	
652,376	3433,94	
652,611	3567,23	
652,846	3325,21	
653,081	3055,14	
653,315	3381,33	
653,55	2886,78	
653,785	2886,78	
654,019	3207,71	
654,254	2806,11	
654,488	2758,76	
654,723	3177,9	
654,958	2500,96	
655,192	2732,45	
655,427	2758,76	
655,661	3097,23	
655,896	3070,92	
656,13	3286,63	
656,364	3062,15	
656,599	2792,08	
656,833	2764,02	
657,068	2899,06	
657,302	2704,39	
657,536	3104,24	
657,771	2429,06	
658,005	2902,56	
658,239	2353,65	
658,474	2294,02	
658,708	2616,71	
658,942	2360,66	
659,176	2916,59	
659,41	2939,39	
659,645	2878,01	
659,879	2523,76	
660,113	2287,01	
660,347	3067,41	
660,581	2874,5	
660,815	2388,72	
661,049	2004,66	
661,283	2906,07	
661,517	2346,63	
661,751	2723,68	
661,985	2146,71	
662,219	2330,85	
662,453	2272,98	
662,687	1901,19	
662,921	1925,74	
663,155	2306,3	
663,389	2416,78	
663,622	1913,46	
663,856	2057,27	
664,09	1960,81	
664,324	2211,6	
664,558	1974,84	
664,791	2127,42	
665,025	1610,07	
665,259	2023,95	
665,492	1827,53	
665,726	2157,23	
665,96	1817,01	
666,193	2181,78	
666,427	1760,89	
666,661	2269,47	
666,894	1466,26	
667,128	1724,06	
667,361	2120,4	
667,595	1990,63	
667,828	2353,65	
668,062	1945,03	
668,295	1552,19	
668,529	2132,68	
668,762	1976,6	
668,995	1809,99	
669,229	2339,62	
669,462	1873,13	
669,695	1671,45	
669,929	1664,43	
670,162	1496,07	
670,395	1546,93	
670,629	1853,83	
670,862	1883,65	
671,095	1480,29	
671,328	1382,08	
671,561	1634,62	
671,795	1711,78	
672,028	1911,71	
672,261	1320,7	
672,494	1608,31	
672,727	2190,55	
672,96	1717,04	
673,193	1596,04	
673,426	1522,38	
673,659	1676,71	
673,892	1662,68	
674,125	1527,64	
674,358	1901,19	
674,591	998,02	
674,824	1717,04	
675,057	1152,34	
675,29	1857,34	
675,523	1243,54	
675,755	1911,71	
675,988	1755,63	
676,221	1220,74	
676,454	1927,49	
676,687	1234,77	
676,919	1918,72	
677,152	1466,26	
677,385	1254,06	
677,617	1169,88	
677,85	1503,09	
678,083	1368,05	
678,315	1145,33	
678,548	987,49	
678,78	1012,05	
679,013	1683,72	
679,246	1264,58	
679,478	1420,66	
679,711	1717,04	
679,943	1448,72	
680,175	1688,98	
680,408	1185,67	
680,64	1241,78	
680,873	1068,17	
681,105	1508,35	
681,338	1338,24	
681,57	1036,6	
681,802	1506,6	
682,034	954,17	
682,267	913,84	
682,499	1222,49	
682,731	1254,06	
682,964	1464,51	
683,196	998,02	
683,428	1403,13	
683,66	1010,29	
683,892	1703,01	
684,124	959,43	
684,356	1452,23	
684,589	1166,37	
684,821	1601,3	
685,053	780,55	
685,285	1240,03	
685,517	864,73	
685,749	1354,02	
685,981	1150,59	
686,213	789,32	
686,445	948,91	
686,676	582,38	
686,908	1159,36	
687,14	752,49	
687,372	1613,57	
687,604	1332,98	
687,836	1411,9	
688,068	1094,47	
688,299	838,43	
688,531	991	
688,763	1054,14	
688,995	1347,01	
689,226	983,99	
689,458	1027,83	
689,69	1101,49	
689,921	877,01	
690,153	910,33	
690,384	989,25	
690,616	866,49	
690,848	1043,61	
691,079	815,63	
691,311	913,84	
691,542	903,32	
691,774	740,22	
692,005	962,94	
692,237	1476,78	
692,468	719,17	
692,699	1127,79	
692,931	670,07	
693,162	670,07	
693,393	421,04	
693,625	712,16	
693,856	734,96	
694,087	512,23	
694,319	880,52	
694,55	878,76	
694,781	627,98	
695,012	734,96	
695,243	356,15	
695,475	1090,96	
695,706	1311,93	
695,937	459,62	
696,168	910,33	
696,399	717,42	
696,63	396,49	
696,861	759,51	
697,092	543,8	
697,323	777,05	
697,554	768,28	
697,785	933,13	
698,016	747,23	
698,247	522,76	
698,478	675,33	
698,709	340,37	
698,94	531,53	
699,171	684,1	
699,401	943,65	
699,632	350,89	
699,863	631,49	
700,094	419,29	
700,325	526,26	
700,555	1287,38	
700,786	991	
701,017	756	
701,247	524,51	
701,478	784,06	
701,709	487,68	
701,939	841,93	
702,17	913,84	
702,401	924,36	
702,631	962,94	
702,862	315,82	
703,092	763,02	
703,323	136,94	
703,553	587,64	
703,784	719,17	
704,014	840,18	
704,244	612,2	
704,475	803,35	
704,705	401,75	
704,936	792,83	
705,166	727,94	
705,396	228,13	
705,627	905,07	
705,857	771,79	
706,087	380,7	
706,317	264,96	
706,548	238,65	
706,778	847,2	
707,008	801,6	
707,238	400	
707,468	447,35	
707,698	138,69	
707,928	756	
708,158	473,65	
708,389	513,99	
708,619	598,17	
708,849	615,7	
709,079	482,42	
709,309	659,55	
709,539	761,26	
709,768	315,82	
709,998	-8,62	
710,228	363,17	
710,458	296,53	
710,688	536,79	
710,918	247,42	
711,148	338,62	
711,378	380,7	
711,607	298,28	
711,837	266,71	
712,067	294,77	
712,297	312,31	
712,526	235,15	
712,756	273,73	
712,986	177,27	
713,215	391,23	
713,445	596,41	
713,674	259,7	
713,904	342,12	
714,134	63,28	
714,363	194,81	
714,593	264,96	
714,822	247,42	
715,052	310,56	
715,281	517,5	
715,511	349,14	
715,74	321,08	
715,969	456,11	
716,199	684,1	
716,428	36,97	
716,657	-33,17	
716,887	545,56	
717,116	349,14	
717,345	361,41	
717,575	561,34	
717,804	277,23	
718,033	8,91	
718,262	215,85	
718,492	157,98	
718,721	363,17	
718,95	-73,51	
719,179	403,5	
719,408	-26,16	
719,637	80,82	
719,866	398,24	
720,095	161,49	
720,324	480,67	
720,553	42,24	
720,782	561,34	
721,011	331,6	
721,24	75,56	
721,469	-77,02	
721,698	-85,79	
721,927	286	
722,156	470,14	
722,385	443,84	
722,613	-19,14	
722,842	370,18	
723,071	-229,59	
723,3	170,26	
723,529	445,59	
723,757	77,31	
723,986	-338,32	
724,215	17,68	
724,443	140,44	
724,672	66,79	
724,901	89,59	
725,129	-36,68	
725,358	122,91	
725,586	-187,5	
725,815	368,43	
726,043	626,23	
726,272	310,56	
726,5	452,61	
726,729	203,58	
726,957	66,79	
727,186	193,06	
727,414	-98,06	
727,642	-133,14	
727,871	535,03	
728,099	719,17	
728,327	228,13	
728,556	208,84	
728,784	727,94	
729,012	-357,61	
729,241	291,26	
729,469	10,67	
729,697	-240,11	
729,925	208,84	
730,153	58,02	
730,381	-606,64	
730,61	98,35	
730,838	257,94	
731,066	121,15	
731,294	108,88	
731,522	143,95	
731,75	54,51	
731,978	373,69	
732,206	94,85	
732,434	-192,76	
732,662	287,76	
732,89	212,35	
733,118	-55,97	
733,346	273,73	
733,573	287,76	
733,801	222,87	
734,029	21,19	
734,257	-352,35	
734,485	138,69	
734,712	-5,12	
734,94	-29,67	
735,168	-124,37	
735,396	110,63	
735,623	15,93	
735,851	112,38	
736,078	93,09	
736,306	-133,14	
736,534	-106,83	
736,761	-273,44	
736,989	485,93	
737,216	59,77	
737,444	727,94	
737,671	61,53	
737,899	570,11	
738,126	273,73	
738,354	-333,06	
738,581	608,69	
738,809	128,17	
739,036	31,71	
739,263	303,54	
739,491	66,79	
739,718	391,23	
739,945	-31,42	
740,173	126,41	
740,4	-203,29	
740,627	-41,94	
740,854	-212,05	
741,081	364,92	
741,309	440,33	
741,536	-96,31	
741,763	-22,65	
741,99	222,87	
742,217	-22,65	
742,444	-313,77	
742,671	-119,11	
742,898	-320,79	
743,125	-26,16	
743,352	840,18	
743,579	259,7	
743,806	-205,04	
744,033	-38,44	
744,26	70,3	
744,487	310,56	
744,714	-247,13	
744,941	-82,28	
745,167	217,61	
745,394	121,15	
745,621	364,92	
745,848	1,9	
746,075	347,38	
746,301	43,99	
746,528	-392,69	
746,755	-320,79	
746,981	-87,54	
747,208	7,16	
747,435	301,79	
747,661	163,24	
747,888	-350,6	
748,114	165	
748,341	233,39	
748,567	222,87	
748,794	-175,23	
749,02	-36,68	
749,247	80,82	
749,473	119,4	
749,7	580,63	
749,926	517,5	
750,152	-541,76	
750,379	392,98	
750,605	552,57	
750,831	257,94	
751,058	156,23	
751,284	201,82	
751,51	-233,1	
751,737	352,65	
751,963	394,73	
752,189	-466,35	
752,415	-43,7	
752,641	-26,16	
752,867	-24,41	
753,094	84,33	
753,32	136,94	
753,546	499,96	
753,772	-62,99	
753,998	63,28	
754,224	-169,97	
754,45	52,76	
754,676	-136,64	
754,902	321,08	
755,128	254,44	
755,354	-26,16	
755,579	242,16	
755,805	-354,11	
756,031	33,47	
756,257	-73,51	
756,483	-234,85	
756,709	256,19	
756,934	280,74	
757,16	12,42	
757,386	189,55	
757,612	214,1	
757,837	52,76	
758,063	1,9	
758,289	72,05	
758,514	-152,43	
758,74	186,04	
758,965	308,8	
759,191	126,41	
759,416	-434,78	
759,642	-126,12	
759,868	-305	
760,093	-173,47	
760,318	36,97	
760,544	33,47	
760,769	-159,44	
760,995	-399,7	
761,22	-368,14	
761,445	431,56	
761,671	335,11	
761,896	-168,21	
762,121	-275,19	
762,347	-413,73	
762,572	505,22	
762,797	-99,82	
763,022	166,75	
763,248	43,99	
763,473	184,29	
763,698	-33,17	
763,923	152,72	
764,148	-219,07	
764,373	336,86	
764,598	172,01	
764,823	294,77	
765,048	384,21	
765,273	447,35	
765,498	-50,71	
765,723	-108,58	
765,948	-141,91	
766,173	-36,68	
766,398	-334,82	
766,623	598,17	
766,848	-133,14	
767,073	-247,13	
767,298	107,12	
767,522	-220,82	
767,747	-227,84	
767,972	43,99	
768,197	33,47	
768,421	-182,24	
768,646	-245,38	
768,871	-287,46	
769,095	-168,21	
769,32	-113,85	
769,545	145,71	
769,769	-82,28	
769,994	-334,82	
770,218	-219,07	
770,443	-222,58	
770,667	19,44	
770,892	-3,36	
771,116	31,71	
771,341	121,15	
771,565	273,73	
771,79	-96,31	
772,014	-224,33	
772,238	-199,78	
772,463	70,3	
772,687	96,6	
772,911	-199,78	
773,136	250,93	
773,36	-55,97	
773,584	54,51	
773,808	93,09	
774,033	-24,41	
774,257	79,06	
774,481	-271,68	
774,705	138,69	
774,929	-27,91	
775,153	66,79	
775,377	-241,87	
775,602	-504,93	
775,826	89,59	
776,05	43,99	
776,274	-245,38	
776,498	-322,54	
776,722	289,51	
776,945	82,57	
777,169	-462,84	
777,393	-120,86	
777,617	-33,17	
777,841	-206,79	
778,065	-264,67	
778,289	-12,13	
778,512	159,74	
778,736	238,65	
778,96	-238,36	
779,184	140,44	
779,407	319,32	
779,631	75,56	
779,855	-120,86	
780,078	-40,19	
780,302	-1,61	
780,526	-73,51	
780,749	-176,98	
780,973	-222,58	
781,196	347,38	
781,42	29,96	
781,643	17,68	
781,867	-257,65	
782,09	24,7	
782,314	-329,55	
782,537	-55,97	
782,76	-182,24	
782,984	140,44	
783,207	-578,58	
783,431	-8,62	
783,654	-324,29	
783,877	-415,49	
784,1	-411,98	
784,324	105,37	
784,547	-33,17	
784,77	-489,14	
784,993	-89,29	
785,216	193,06	
785,44	-303,25	
785,663	105,37	
785,886	-308,51	
786,109	-3,36	
786,332	385,97	
786,555	-124,37	
786,778	-68,25	
787,001	-194,52	
787,224	-476,87	
787,447	-261,16	
787,67	-287,46	
787,893	-248,88	
788,116	-596,12	
788,339	-229,59	
788,561	-362,88	
788,784	-176,98	
789,007	-357,61	
789,23	352,65	
789,453	0,15	
789,675	-45,45	
789,898	75,56	
790,121	-33,17	
790,344	91,34	
790,566	124,66	
790,789	-161,2	
791,012	26,45	
791,234	73,8	
791,457	82,57	
791,679	-159,44	
791,902	-233,1	
792,124	-471,61	
792,347	-441,79	
792,569	-155,94	
792,792	-266,42	
793,014	-362,88	
793,237	33,47	
793,459	-482,13	
793,681	-82,28	
793,904	-78,77	
794,126	-241,87	
794,348	-68,25	
794,571	217,61	
794,793	407,01	
795,015	-247,13	
795,237	-287,46	
795,46	-150,67	
795,682	-359,37	
795,904	-299,74	
796,126	-359,37	
796,348	324,59	
796,57	140,44	
796,792	138,69	
797,014	-24,41	
797,237	-85,79	
797,459	-361,12	
797,681	-138,4	
797,903	110,63	
798,124	-164,7	
798,346	82,57	
798,568	-192,76	
798,79	38,73	
799,012	-89,29	
799,234	80,82	
799,456	-489,14	
799,678	-371,64	
799,899	287,76	
800,121	129,92	
800,343	224,62	
800,565	235,15	
800,786	321,08	
801,008	-43,7	
801,23	-483,88	
801,451	243,91	
801,673	775,29	
801,895	29,96	
802,116	415,78	
802,338	-106,83	
802,559	29,96	
802,781	66,79	
803,002	66,79	
803,224	-41,94	
803,445	-359,37	
803,667	-3,36	
803,888	-133,14	
804,109	-10,38	
804,331	100,11	
804,552	-155,94	
804,773	245,67	
804,995	-545,26	
805,216	87,83	
805,437	189,55	
805,658	145,71	
805,88	-138,4	
806,101	-196,27	
806,322	94,85	
806,543	12,42	
806,764	-198,02	
806,985	287,76	
807,207	-36,68	
807,428	101,86	
807,649	114,14	
807,87	-141,91	
808,091	110,63	
808,312	-373,4	
808,533	-192,76	
808,754	-361,12	
808,975	-176,98	
809,195	-292,73	
809,416	-12,13	
809,637	-70	
809,858	-52,47	
810,079	-499,67	
810,3	-31,42	
810,52	140,44	
810,741	-26,16	
810,962	-543,51	
811,183	-450,56	
811,403	-34,93	
811,624	261,45	
811,845	533,28	
812,065	179,03	
812,286	-169,97	
812,506	328,09	
812,727	45,74	
812,948	-366,38	
813,168	-259,41	
813,389	-296,23	
813,609	152,72	
813,83	136,94	
814,05	-376,91	
814,27	-173,47	
814,491	-47,2	
814,711	-54,22	
814,931	56,27	
815,152	70,3	
815,372	161,49	
815,592	-147,17	
815,813	-31,42	
816,033	-278,7	
816,253	96,6	
816,473	219,36	
816,694	-257,65	
816,914	-27,91	
817,134	-112,09	
817,354	-145,41	
817,574	66,79	
817,794	270,22	
818,014	-376,91	
818,234	-675,04	
818,454	207,09	
818,674	49,25	
818,894	140,44	
819,114	-490,9	
819,334	149,21	
819,554	24,7	
819,774	-408,47	
819,994	-205,04	
820,214	-36,68	
820,433	129,92	
820,653	14,18	
820,873	-247,13	
821,093	-82,28	
821,312	-250,64	
821,532	-185,75	
821,752	-341,83	
821,972	-380,41	
822,191	-494,4	
822,411	329,85	
822,63	7,16	
822,85	207,09	
823,07	419,29	
823,289	-185,75	
823,509	-429,52	
823,728	107,12	
823,948	-273,44	
824,167	201,82	
824,387	98,35	
824,606	-110,34	
824,825	63,28	
825,045	-85,79	
825,264	-310,26	
825,483	450,85	
825,703	-150,67	
825,922	-271,68	
826,141	152,72	
826,361	-324,29	
826,58	-241,87	
826,799	-378,66	
827,018	270,22	
827,237	-198,02	
827,456	-390,93	
827,676	-262,91	
827,895	198,32	
828,114	-280,45	
828,333	-78,77	
828,552	-350,6	
828,771	14,18	
828,99	10,67	
829,209	-141,91	
829,428	-268,17	
829,647	-40,19	
829,866	-173,47	
830,084	-532,99	
830,303	-92,8	
830,522	-106,83	
830,741	224,62	
830,96	308,8	
831,179	180,78	
831,397	86,08	
831,616	1,9	
831,835	-113,85	
832,053	54,51	
832,272	-233,1	
832,491	-31,42	
832,709	301,79	
832,928	5,41	
833,147	-176,98	
833,365	-226,08	
833,584	-361,12	
833,802	110,63	
834,021	-222,58	
834,239	-54,22	
834,458	-124,37	
834,676	-48,96	
834,894	-264,67	
835,113	-133,14	
835,331	-175,23	
835,55	122,91	
835,768	72,05	
835,986	-312,02	
836,204	-148,92	
836,423	26,45	
836,641	157,98	
836,859	161,49	
837,077	343,88	
837,296	89,59	
837,514	100,11	
837,732	-31,42	
837,95	-646,98	
838,168	-61,23	
838,386	-205,04	
838,604	-220,82	
838,822	-126,12	
839,04	43,99	
839,258	119,4	
839,476	-162,95	
839,694	122,91	
839,912	-233,1	
840,13	-606,64	
840,348	-96,31	
840,566	19,44	
840,783	-259,41	
841,001	-345,34	
841,219	-406,72	
841,437	277,23	
841,655	-285,71	
841,872	247,42	
842,09	40,48	
842,308	-205,04	
842,525	161,49	
842,743	3,65	
842,961	-150,67	
843,178	-289,22	
843,396	-15,64	
843,613	384,21	
843,831	-364,63	
844,048	280,74	
844,266	-26,16	
844,483	226,38	
844,701	-194,52	
844,918	131,68	
845,136	-222,58	
845,353	-333,06	
845,57	301,79	
845,788	98,35	
846,005	275,48	
846,222	-378,66	
846,439	-231,35	
846,657	370,18	
846,874	-148,92	
847,091	98,35	
847,308	-85,79	
847,526	-85,79	
847,743	-436,53	
847,96	-510,19	
848,177	314,06	
848,394	-485,64	
848,611	-82,28	
848,828	51	
849,045	407,01	
849,262	-324,29	
849,479	-254,14	
849,696	105,37	
849,913	-220,82	
850,13	51	
850,347	-19,14	
850,564	-78,77	
850,78	65,03	
850,997	-101,57	
851,214	-94,56	
851,431	-315,52	
851,647	-47,2	
851,864	-220,82	
852,081	-326,05	
852,298	-129,63	
852,514	72,05	
852,731	238,65	
852,948	-613,66	
853,164	-578,58	
853,381	-487,39	
853,597	154,47	
853,814	-110,34	
854,03	-315,52	
854,247	-603,14	
854,463	-178,73	
854,68	-282,2	
854,896	-371,64	
855,113	-191,01	
855,329	208,84	
855,545	-613,66	
855,762	8,91	
855,978	5,41	
856,194	138,69	
856,411	247,42	
856,627	-143,66	
856,843	-294,48	
857,059	-306,76	
857,275	-517,2	
857,492	140,44	
857,708	-38,44	
857,924	-215,56	
858,14	7,16	
858,356	42,24	
858,572	-89,29	
858,788	49,25	
859,004	-101,57	
859,22	-692,58	
859,436	-173,47	
859,652	214,1	
859,868	-127,88	
860,084	-255,9	
860,3	610,44	
860,516	-364,63	
860,731	-31,42	
860,947	307,05	
861,163	45,74	
861,379	138,69	
861,595	-418,99	
861,81	-276,94	
862,026	-103,32	
862,242	-220,82	
862,457	-285,71	
862,673	-52,47	
862,889	-199,78	
863,104	-48,96	
863,32	-220,82	
863,535	-171,72	
863,751	-238,36	
863,966	-326,05	
864,182	-184	
864,397	157,98	
864,613	147,46	
864,828	121,15	
865,044	315,82	
865,259	-124,37	
865,474	73,8	
865,69	-173,47	
865,905	-175,23	
866,12	-141,91	
866,336	217,61	
866,551	38,73	
866,766	-62,99	
866,981	-397,95	
867,196	191,3	
867,412	233,39	
867,627	-101,57	
867,842	-387,43	
868,057	-52,47	
868,272	-94,56	
868,487	242,16	
868,702	-241,87	
868,917	215,85	
869,132	-140,15	
869,347	-294,48	
869,562	-252,39	
869,777	217,61	
869,992	-457,58	
870,207	-411,98	
870,422	-303,25	
870,636	-303,25	
870,851	-29,67	
871,066	-36,68	
871,281	-13,88	
871,495	1,9	
871,71	-36,68	
871,925	-545,26	
872,14	-184	
872,354	128,17	
872,569	0,15	
872,783	-236,61	
872,998	-171,72	
873,213	-205,04	
873,427	-248,88	
873,642	-345,34	
873,856	-189,26	
874,071	-126,12	
874,285	-411,98	
874,5	-290,97	
874,714	-433,02	
874,928	363,17	
875,143	-482,13	
875,357	-248,88	
875,571	-378,66	
875,786	-227,84	
876	142,2	
876,214	-126,12	
876,429	17,68	
876,643	243,91	
876,857	-62,99	
877,071	-133,14	
877,285	-303,25	
877,499	-287,46	
877,714	-383,92	
877,928	-320,79	
878,142	-194,52	
878,356	-113,85	
878,57	-411,98	
878,784	-315,52	
878,998	91,34	
879,212	414,03	
879,426	-22,65	
879,639	-476,87	
879,853	-166,46	
880,067	142,2	
880,281	-75,26	
880,495	-299,74	
880,709	-713,62	
880,922	207,09	
881,136	179,03	
881,35	-631,2	
881,564	-171,72	
881,777	-112,09	
881,991	-122,61	
882,205	-501,42	
882,418	89,59	
882,632	-280,45	
882,845	103,62	
883,059	-161,2	
883,273	66,79	
883,486	-169,97	
883,7	177,27	
883,913	159,74	
884,126	-103,32	
884,34	108,88	
884,553	159,74	
884,767	-406,72	
884,98	-632,95	
885,193	-94,56	
885,407	312,31	
885,62	43,99	
885,833	8,91	
886,046	-1,61	
886,26	-319,03	
886,473	-161,2	
886,686	-203,29	
886,899	221,12	
887,112	-440,04	
887,326	-245,38	
887,539	-639,96	
887,752	-264,67	
887,965	91,34	
888,178	-31,42	
888,391	-506,68	
888,604	-141,91	
888,817	28,21	
889,03	93,09	
889,243	-17,39	
889,455	-191,01	
889,668	-254,14	
889,881	-64,74	
890,094	70,3	
890,307	-147,17	
890,52	-383,92	
890,732	61,53	
890,945	142,2	
891,158	-380,41	
891,37	-12,13	
891,583	-312,02	
891,796	-113,85	
892,008	-122,61	
892,221	321,08	
892,434	-276,94	
892,646	-522,46	
892,859	-29,67	
893,071	280,74	
893,284	-292,73	
893,496	-168,21	
893,709	0,15	
893,921	-120,86	
894,133	-411,98	
894,346	-98,06	
894,558	-310,26	
894,771	58,02	
894,983	-173,47	
895,195	-462,84	
895,407	-229,59	
895,62	-625,93	
895,832	-91,05	
896,044	-259,41	
896,256	128,17	
896,468	122,91	
896,681	-54,22	
896,893	-106,83	
897,105	-50,71	
897,317	-87,54	
897,529	52,76	
897,741	-245,38	
897,953	-47,2	
898,165	184,29	
898,377	-143,66	
898,589	-140,15	
898,801	-254,14	
899,013	-164,7	
899,224	108,88	
899,436	-382,17	
899,648	82,57	
899,86	43,99	
900,072	17,68	
900,283	-168,21	
900,495	-164,7	
900,707	-57,73	
900,919	-55,97	
901,13	105,37	
901,342	-352,35	
901,554	-441,79	
901,765	-155,94	
901,977	-475,11	
902,188	61,53	
902,4	345,63	
902,611	114,14	
902,823	-96,31	
903,034	-84,03	
903,246	307,05	
903,457	154,47	
903,669	228,13	
903,88	7,16	
904,091	-464,59	
904,303	96,6	
904,514	-320,79	
904,725	-178,73	
904,936	22,94	
905,148	-482,13	
905,359	-380,41	
905,57	-354,11	
905,781	-126,12	
905,992	-508,43	
906,204	-494,4	
906,415	-376,91	
906,626	-168,21	
906,837	-285,71	
907,048	-266,42	
907,259	-115,6	
907,47	70,3	
907,681	-191,01	
907,892	35,22	
908,103	-120,86	
908,314	-133,14	
908,525	72,05	
908,735	-124,37	
908,946	40,48	
909,157	-141,91	
909,368	89,59	
909,579	-105,08	
909,789	-129,63	
910	531,53	
910,211	-103,32	
910,421	-92,8	
910,632	-597,87	
910,843	-192,76	
911,053	152,72	
911,264	-273,44	
911,475	-580,34	
911,685	12,42	
911,896	-154,18	
912,106	-478,62	
912,317	-376,91	
912,527	-112,09	
912,737	-26,16	
912,948	-594,37	
913,158	-478,62	
913,369	28,21	
913,579	-390,93	
913,789	0,15	
914	-518,96	
914,21	240,41	
914,42	250,93	
914,63	-382,17	
914,841	-36,68	
915,051	47,5	
915,261	115,89	
915,471	-418,99	
915,681	270,22	
915,891	-89,29	
916,101	-12,13	
916,311	38,73	
916,521	-87,54	
916,731	414,03	
916,941	7,16	
917,151	172,01	
917,361	-77,02	
917,571	24,7	
917,781	-376,91	
917,991	-317,28	
918,201	228,13	
918,411	-145,41	
918,621	207,09	
918,83	-255,9	
919,04	-54,22	
919,25	-280,45	
919,46	-441,79	
919,669	-192,76	
919,879	179,03	
920,089	273,73	
920,298	-268,17	
920,508	177,27	
920,717	-276,94	
920,927	101,86	
921,136	-839,89	
921,346	-85,79	
921,555	-532,99	
921,765	-87,54	
921,974	-150,67	
922,184	-119,11	
922,393	415,78	
922,603	310,56	
922,812	-515,45	
923,021	-185,75	
923,23	-1,61	
923,44	-319,03	
923,649	87,83	
923,858	-55,97	
924,067	-224,33	
924,277	-82,28	
924,486	-540	
924,695	-410,23	
924,904	-1,61	
925,113	-320,79	
925,322	-694,33	
925,531	-219,07	
925,74	-424,26	
925,949	96,6	
926,158	-301,49	
926,367	-194,52	
926,576	-373,4	
926,785	-87,54	
926,994	-131,38	
927,203	-369,89	
927,412	-266,42	
927,621	-278,7	
927,83	-329,55	
928,038	-115,6	
928,247	45,74	
928,456	51	
928,665	-27,91	
928,873	-215,56	
929,082	38,73	
929,291	21,19	
929,499	-119,11	
929,708	117,65	
929,916	-385,67	
930,125	-164,7	
930,333	79,06	
930,542	-257,65	
930,75	-236,61	
930,959	-19,14	
931,167	-410,23	
931,376	-91,05	
931,584	-157,69	
931,793	-350,6	
932,001	91,34	
932,209	10,67	
932,418	194,81	
932,626	21,19	
932,834	-426,01	
933,042	-268,17	
933,251	-448,81	
933,459	-180,49	
933,667	128,17	
933,875	263,21	
934,083	-106,83	
934,291	-338,32	
934,499	-234,85	
934,707	203,58	
934,915	259,7	
935,123	-176,98	
935,331	-573,32	
935,539	-389,18	
935,747	-327,8	
935,955	-317,28	
936,163	-524,22	
936,371	-294,48	
936,579	-129,63	
936,787	31,71	
936,995	-236,61	
937,202	-10,38	
937,41	-54,22	
937,618	-38,44	
937,826	-178,73	
938,033	-241,87	
938,241	-62,99	
938,449	-182,24	
938,656	-476,87	
938,864	-399,7	
939,071	-31,42	
939,279	-243,62	
939,486	-131,38	
939,694	33,47	
939,901	-359,37	
940,109	-203,29	
940,316	-98,06	
940,524	-203,29	
940,731	-327,8	
940,939	-141,91	
941,146	-766,23	
941,353	-187,5	
941,561	300,03	
941,768	52,76	
941,975	-383,92	
942,182	-222,58	
942,39	10,67	
942,597	65,03	
942,804	-266,42	
943,011	-406,72	
943,218	84,33	
943,425	-150,67	
943,632	-140,15	
943,839	-324,29	
944,046	159,74	
944,253	-113,85	
944,46	-308,51	
944,667	54,51	
944,874	-236,61	
945,081	-131,38	
945,288	-247,13	
945,495	-96,31	
945,702	310,56	
945,909	-129,63	
946,115	-178,73	
946,322	-29,67	
946,529	-227,84	
946,736	112,38	
946,942	-424,26	
947,149	-424,26	
947,356	-106,83	
947,562	-490,9	
947,769	229,88	
947,976	70,3	
948,182	263,21	
948,389	22,94	
948,595	187,79	
948,802	219,36	
949,008	-362,88	
949,215	-17,39	
949,421	-525,97	
949,628	-324,29	
949,834	-192,76	
950,04	24,7	
950,247	-326,05	
950,453	-268,17	
950,659	-433,02	
950,865	-280,45	
951,072	-206,79	
951,278	-34,93	
951,484	-261,16	
951,69	-206,79	
951,896	43,99	
952,103	-20,9	
952,309	-50,71	
952,515	-257,65	
952,721	-371,64	
952,927	-34,93	
953,133	-208,55	
953,339	499,96	
953,545	-87,54	
953,751	-443,55	
953,957	-106,83	
954,163	-406,72	
954,369	438,58	
954,574	-112,09	
954,78	-625,93	
954,986	-106,83	
955,192	22,94	
955,398	-70	
955,603	-50,71	
955,809	-50,71	
956,015	65,03	
956,22	-389,18	
956,426	75,56	
956,632	-390,93	
956,837	-43,7	
957,043	129,92	
957,248	-620,67	
957,454	-187,5	
957,66	-375,15	
957,865	-254,14	
958,07	0,15	
958,276	287,76	
958,481	-273,44	
958,687	-680,3	
958,892	117,65	
959,097	-75,26	
959,303	1,9	
959,508	61,53	
959,713	-247,13	
959,919	-208,55	
960,124	-283,96	
960,329	-20,9	
960,534	-233,1	
960,739	61,53	
960,945	-87,54	
961,15	-248,88	
961,355	-366,38	
961,56	-324,29	
961,765	-278,7	
961,97	-34,93	
962,175	17,68	
962,38	26,45	
962,585	-527,73	
962,79	-189,26	
962,995	-411,98	
963,2	-213,81	
963,404	135,18	
963,609	61,53	
963,814	47,5	
964,019	38,73	
964,224	-252,39	
964,428	-319,03	
964,633	-485,64	
964,838	-580,34	
965,042	-371,64	
965,247	405,26	
965,452	-799,55	
965,656	68,54	
965,861	-290,97	
966,066	-422,5	
966,27	-411,98	
966,475	-313,77	
966,679	-457,58	
966,884	-448,81	
967,088	-426,01	
967,292	-525,97	
967,497	154,47	
967,701	-127,88	
967,906	103,62	
968,11	-273,44	
968,314	-394,44	
968,518	-257,65	
968,723	275,48	
968,927	-219,07	
969,131	-310,26	
969,335	89,59	
969,539	407,01	
969,744	-711,87	
969,948	201,82	
970,152	-313,77	
970,356	-1,61	
970,56	-82,28	
970,764	-483,88	
970,968	-166,46	
971,172	115,89	
971,376	194,81	
971,58	52,76	
971,784	-159,44	
971,988	200,07	
972,192	-34,93	
972,395	86,08	
972,599	-445,3	
972,803	38,73	
973,007	35,22	
973,21	-22,65	
973,414	-52,47	
973,618	-280,45	
973,822	-252,39	
974,025	282,5	
974,229	-8,62	
974,432	-59,48	
974,636	-1,61	
974,84	-36,68	
975,043	-48,96	
975,247	271,97	
975,45	-406,72	
975,654	-468,1	
975,857	-75,26	
976,06	-138,4	
976,264	156,23	
976,467	-401,46	
976,671	-182,24	
976,874	-115,6	
977,077	-269,93	
977,28	-140,15	
977,484	-682,05	
977,687	-71,76	
977,89	172,01	
978,093	-220,82	
978,297	-152,43	
978,5	-166,46	
978,703	331,6	
978,906	-41,94	
979,109	-161,2	
979,312	-361,12	
979,515	203,58	
979,718	-150,67	
979,921	-131,38	
980,124	-359,37	
980,327	112,38	
980,53	-450,56	
980,733	-185,75	
980,936	294,77	
981,138	-78,77	
981,341	205,33	
981,544	-191,01	
981,747	-122,61	
981,949	-176,98	
982,152	187,79	
982,355	77,31	
982,558	-43,7	
982,76	-434,78	
982,963	-306,76	
983,165	-517,2	
983,368	-345,34	
983,571	-176,98	
983,773	-89,29	
983,976	256,19	
984,178	-70	
984,381	-40,19	
984,583	-103,32	
984,785	-308,51	
984,988	-55,97	
985,19	138,69	
985,392	-340,08	
985,595	228,13	
985,797	-327,8	
985,999	-236,61	
986,202	-15,64	
986,404	-224,33	
986,606	-52,47	
986,808	119,4	
987,01	-59,48	
987,212	254,44	
987,415	-85,79	
987,617	-420,75	
987,819	-145,41	
988,021	385,97	
988,223	73,8	
988,425	-176,98	
988,627	-615,41	
988,829	-45,45	
989,031	43,99	
989,232	235,15	
989,434	-527,73	
989,636	287,76	
989,838	-329,55	
990,04	175,52	
990,242	42,24	
990,443	-531,23	
990,645	-1,61	
990,847	-219,07	
991,048	-33,17	
991,25	-418,99	
991,452	-133,14	
991,653	-334,82	
991,855	-566,31	
992,057	-84,03	
992,258	-417,24	
992,46	170,26	
992,661	-91,05	
992,863	-6,87	
993,064	286	
993,265	-459,33	
993,467	-62,99	
993,668	163,24	
993,87	307,05	
994,071	-120,86	
994,272	-140,15	
994,473	-215,56	
994,675	-305	
994,876	-443,55	
995,077	-180,49	
995,278	100,11	
995,48	17,68	
995,681	-224,33	
995,882	-40,19	
996,083	-185,75	
996,284	-101,57	
996,485	-290,97	
996,686	65,03	
996,887	-59,48	
997,088	-157,69	
997,289	56,27	
997,49	14,18	
997,691	-175,23	
997,892	17,68	
998,092	-441,79	
998,293	180,78	
998,494	-222,58	
998,695	-162,95	
998,896	14,18	
999,096	-120,86	
999,297	-341,83	
999,498	-192,76	
999,698	-397,95	
999,899	-120,86	
1000,1	-513,7	
1000,3	-501,42	
1000,501	-150,67	
1000,701	-182,24	
1000,902	-271,68	
1001,102	254,44	
1001,303	-255,9	
1001,503	-59,48	
1001,704	-85,79	
1001,904	140,44	
1002,105	-210,3	
1002,305	-105,08	
1002,505	-438,29	
1002,706	-671,53	
1002,906	-468,1	
1003,106	-334,82	
1003,306	-243,62	
1003,507	-48,96	
1003,707	-84,03	
1003,907	-105,08	
1004,107	-126,12	
1004,307	-105,08	
1004,507	-387,43	
1004,707	-47,2	
1004,907	-394,44	
1005,107	-47,2	
1005,308	65,03	
1005,507	-510,19	
1005,707	-462,84	
1005,907	-194,52	
1006,107	-161,2	
1006,307	-161,2	
1006,507	-27,91	
1006,707	-236,61	
1006,907	259,7	
1007,106	40,48	
1007,306	82,57	
1007,506	107,12	
1007,706	3,65	
1007,905	-324,29	
1008,105	-106,83	
1008,305	-29,67	
1008,504	-347,09	
1008,704	207,09	
1008,903	-622,43	
1009,103	180,78	
1009,303	-124,37	
1009,502	-315,52	
1009,702	52,76	
1009,901	-13,88	
1010,1	-296,23	
1010,3	-199,78	
1010,499	-50,71	
1010,699	-255,9	
1010,898	-597,87	
1011,097	-212,05	
1011,296	-234,85	
1011,496	86,08	
1011,695	287,76	
1011,894	-106,83	
1012,093	5,41	
1012,293	-487,39	
1012,492	0,15	
1012,691	-254,14	
1012,89	-176,98	
1013,089	-303,25	
1013,288	133,43	
1013,487	-310,26	
1013,686	-320,79	
1013,885	-268,17	
1014,084	-296,23	
1014,283	-155,94	
1014,482	-320,79	
1014,681	-361,12	
1014,88	-236,61	
1015,078	61,53	
1015,277	33,47	
1015,476	-101,57	
1015,675	-227,84	
1015,873	105,37	
1016,072	-650,49	
1016,271	5,41	
1016,47	-98,06	
1016,668	-20,9	
1016,867	-545,26	
1017,065	-122,61	
1017,264	-380,41	
1017,463	-250,64	
1017,661	-19,14	
1017,86	-241,87	
1018,058	21,19	
1018,256	-440,04	
1018,455	-578,58	
1018,653	-133,14	
1018,852	-112,09	
1019,05	-408,47	
1019,248	231,64	
1019,447	-378,66	
1019,645	5,41	
1019,843	-250,64	
1020,041	-590,86	
1020,24	-355,86	
1020,438	-145,41	
1020,636	-359,37	
1020,834	-312,02	
1021,032	-29,67	
1021,23	-315,52	
1021,428	-238,36	
1021,626	-5,12	
1021,824	-101,57	
1022,022	-468,1	
1022,22	-745,19	
1022,418	-310,26	
1022,616	-164,7	
1022,814	-480,37	
1023,012	-94,56	
1023,21	-282,2	
1023,408	384,21	
1023,606	-354,11	
1023,803	-417,24	
1024,001	235,15	
1024,199	-289,22	
1024,397	-47,2	
1024,594	273,73	
1024,792	-17,39	
1024,99	-276,94	
1025,187	1,9	
1025,385	231,64	
1025,582	-489,14	
1025,78	-20,9	
1025,977	-434,78	
1026,175	-48,96	
1026,372	-436,53	
1026,57	-175,23	
1026,767	468,39	
1026,965	-292,73	
1027,162	-766,23	
1027,359	61,53	
1027,557	-176,98	
1027,754	-415,49	
1027,951	3,65	
1028,148	-254,14	
1028,346	180,78	
1028,543	-120,86	
1028,74	-327,8	
1028,937	-62,99	
1029,134	-85,79	
1029,331	-145,41	
1029,528	19,44	
1029,725	168,5	
1029,923	-264,67	
1030,12	300,03	
1030,317	-283,96	
1030,513	54,51	
1030,71	-489,14	
1030,907	-171,72	
1031,104	36,97	
1031,301	-420,75	
1031,498	-152,43	
1031,695	-543,51	
1031,892	-624,18	
1032,088	-305	
1032,285	-429,52	
1032,482	-171,72	
1032,678	-417,24	
1032,875	-92,8	
1033,072	280,74	
1033,268	-278,7	
1033,465	108,88	
1033,662	193,06	
1033,858	65,03	
1034,055	-40,19	
1034,251	-487,39	
1034,448	24,7	
1034,644	-203,29	
1034,84	-84,03	
1035,037	-217,32	
1035,233	-557,54	
1035,43	-427,76	
1035,626	-562,8	
1035,822	-404,96	
1036,019	-47,2	
1036,215	-24,41	
1036,411	-285,71	
1036,607	-506,68	
1036,803	-287,46	
1037	-269,93	
1037,196	480,67	
1037,392	-511,94	
1037,588	-54,22	
1037,784	26,45	
1037,98	35,22	
1038,176	-417,24	
1038,372	51	
1038,568	-375,15	
1038,764	-222,58	
1038,96	-226,08	
1039,156	-371,64	
1039,352	-406,72	
1039,547	-168,21	
1039,743	-550,52	
1039,939	15,93	
1040,135	-411,98	
1040,331	-436,53	
1040,526	-499,67	
1040,722	-45,45	
1040,918	-483,88	
1041,113	-105,08	
1041,309	-573,32	
1041,505	40,48	
1041,7	-206,79	
1041,896	107,12	
1042,091	-366,38	
1042,287	-17,39	
1042,482	-19,14	
1042,678	-147,17	
1042,873	56,27	
1043,069	-250,64	
1043,264	77,31	
1043,459	-84,03	
1043,655	-394,44	
1043,85	-124,37	
1044,045	-785,52	
1044,24	-394,44	
1044,436	-548,77	
1044,631	-191,01	
1044,826	-287,46	
1045,021	-287,46	
1045,216	-287,46	
