couleur : magenta
angle source :0
angle capteur :30
source : 6500K
FLMT02171_1:101		
194,658	-1885,69	
194,923	-1885,69	
195,188	-1885,69	
195,453	-1931,29	
195,717	-221,41	
195,982	655,46	
196,247	159,15	
196,512	-237,19	
196,777	-91,63	
197,042	-105,66	
197,307	139,86	
197,572	13,59	
197,837	32,88	
198,101	-321,37	
198,366	-86,37	
198,631	11,84	
198,896	-170,55	
199,161	469,56	
199,425	-395,03	
199,69	238,07	
199,955	-91,63	
200,22	-119,69	
200,484	-738,76	
200,749	-126,71	
201,014	74,97	
201,278	-342,42	
201,543	362,58	
201,807	-326,63	
202,072	302,96	
202,337	332,77	
202,601	215,27	
202,866	-544,09	
203,13	-358,2	
203,395	-209,13	
203,659	290,68	
203,924	-252,98	
204,189	-17,98	
204,453	-33,76	
204,717	-409,06	
204,982	101,28	
205,246	29,37	
205,511	325,75	
205,775	64,45	
206,04	-10,96	
206,304	-333,65	
206,568	-146	
206,833	-340,66	
207,097	-107,42	
207,361	-32,01	
207,626	-302,08	
207,89	43,4	
208,154	-91,63	
208,419	153,89	
208,683	-186,33	
208,947	60,94	
209,211	243,33	
209,476	190,72	
209,74	253,85	
210,004	732,62	
210,268	325,75	
210,532	557,25	
210,796	141,61	
211,061	-223,16	
211,325	125,83	
211,589	381,87	
211,853	445,01	
212,117	-19,73	
212,381	401,16	
212,645	106,54	
212,909	146,87	
213,173	122,32	
213,437	-240,7	
213,701	313,48	
213,965	-9,21	
214,229	281,91	
214,493	234,56	
214,757	-24,99	
215,021	-200,36	
215,285	143,37	
215,549	-331,89	
215,813	-91,63	
216,077	80,23	
216,34	115,31	
216,604	283,67	
216,868	-74,09	
217,132	-366,97	
217,396	318,74	
217,659	115,31	
217,923	385,38	
218,187	-207,38	
218,451	206,5	
218,714	224,04	
218,978	143,37	
219,242	488,85	
219,505	290,68	
219,769	-105,66	
220,033	278,4	
220,296	202,99	
220,56	83,74	
220,824	164,41	
221,087	274,9	
221,351	-28,5	
221,614	-58,31	
221,878	-412,56	
222,142	125,83	
222,405	180,2	
222,669	-244,21	
222,932	-35,51	
223,196	401,16	
223,459	106,54	
223,722	66,2	
223,986	-82,86	
224,249	274,9	
224,513	120,57	
224,776	-314,36	
225,04	-112,68	
225,303	-275,77	
225,566	215,27	
225,83	253,85	
226,093	89	
226,356	-117,94	
226,62	385,38	
226,883	-470,44	
227,146	-391,52	
227,409	-245,96	
227,673	562,51	
227,936	-230,18	
228,199	43,4	
228,462	345,05	
228,725	148,63	
228,989	81,99	
229,252	183,7	
229,515	-65,33	
229,778	253,85	
230,041	232,81	
230,304	-361,71	
230,567	-202,12	
230,83	55,68	
231,093	18,85	
231,356	60,94	
231,619	-140,74	
231,882	-160,03	
232,145	53,93	
232,408	-119,69	
232,671	52,17	
232,934	-293,31	
233,197	106,54	
233,46	560,75	
233,723	-89,88	
233,986	217,02	
234,249	-251,22	
234,512	-54,8	
234,775	187,21	
235,037	120,57	
235,3	-184,58	
235,563	650,19	
235,826	309,97	
236,089	125,83	
236,351	-5,7	
236,614	76,73	
236,877	195,98	
237,14	-282,79	
237,402	-61,82	
237,665	110,05	
237,928	-61,82	
238,19	-230,18	
238,453	199,49	
238,716	544,97	
238,978	-70,59	
239,241	-79,36	
239,503	-12,71	
239,766	-14,47	
240,029	252,1	
240,291	-146	
240,554	234,56	
240,816	120,57	
241,079	187,21	
241,341	134,6	
241,604	-573,91	
241,866	-193,35	
242,129	-226,67	
242,391	266,13	
242,653	-103,91	
242,916	117,06	
243,178	-28,5	
243,441	199,49	
243,703	67,96	
243,965	-146	
244,228	476,58	
244,49	-93,39	
244,752	83,74	
245,015	55,68	
245,277	-205,62	
245,539	-300,33	
245,801	-424,84	
246,064	211,76	
246,326	222,28	
246,588	-119,69	
246,85	530,94	
247,112	-193,35	
247,374	246,84	
247,637	-189,84	
247,899	-381	
248,161	245,08	
248,423	-130,21	
248,685	324	
248,947	211,76	
249,209	480,08	
249,471	-237,19	
249,733	-154,77	
249,995	-177,56	
250,257	-370,47	
250,519	238,07	
250,781	380,12	
251,043	204,75	
251,305	238,07	
251,567	467,81	
251,829	60,94	
252,091	81,99	
252,353	-184,58	
252,615	81,99	
252,876	-21,48	
253,138	210,01	
253,4	-109,17	
253,662	-98,65	
253,924	-645,81	
254,185	4,82	
254,447	-121,45	
254,709	392,4	
254,971	-61,82	
255,232	99,52	
255,494	441,5	
255,756	27,62	
256,017	-405,55	
256,279	-524,8	
256,541	-65,33	
256,802	-12,71	
257,064	-174,06	
257,326	-212,64	
257,587	96,02	
257,849	255,61	
258,11	-26,74	
258,372	-251,22	
258,633	136,35	
258,895	494,11	
259,156	525,68	
259,418	22,36	
259,679	288,93	
259,941	181,95	
260,202	199,49	
260,464	-181,07	
260,725	-23,24	
260,987	201,24	
261,248	22,36	
261,509	188,96	
261,771	127,58	
262,032	69,71	
262,293	234,56	
262,555	127,58	
262,816	309,97	
263,077	-160,03	
263,338	-240,7	
263,6	-558,12	
263,861	-437,12	
264,122	138,11	
264,383	29,37	
264,645	-263,5	
264,906	-175,81	
265,167	-137,23	
265,428	-53,05	
265,689	-117,94	
265,95	459,04	
266,211	92,51	
266,473	-340,66	
266,734	-28,5	
266,995	15,35	
267,256	129,34	
267,517	74,97	
267,778	-28,5	
268,039	-58,31	
268,3	415,19	
268,561	-0,44	
268,822	-228,42	
269,083	257,36	
269,344	-130,21	
269,604	313,48	
269,865	-405,55	
270,126	171,43	
270,387	34,64	
270,648	-593,2	
270,909	-354,69	
271,17	15,35	
271,43	385,38	
271,691	288,93	
271,952	-81,11	
272,213	-95,14	
272,473	-402,04	
272,734	197,73	
272,995	-426,59	
273,256	-530,06	
273,516	-259,99	
273,777	-70,59	
274,038	-289,8	
274,298	204,75	
274,559	-35,51	
274,82	-107,42	
275,08	-149,51	
275,341	-512,53	
275,601	-352,94	
275,862	-117,94	
276,122	339,78	
276,383	31,13	
276,643	380,12	
276,904	118,81	
277,164	404,67	
277,425	522,17	
277,685	-60,07	
277,946	89	
278,206	-373,98	
278,467	73,22	
278,727	627,4	
278,987	146,87	
279,248	231,05	
279,508	125,83	
279,768	-133,72	
280,029	-7,45	
280,289	-75,85	
280,549	-174,06	
280,81	81,99	
281,07	281,91	
281,33	-363,46	
281,59	495,87	
281,851	-37,27	
282,111	-70,59	
282,371	380,12	
282,631	-37,27	
282,891	-252,98	
283,151	-179,32	
283,412	74,97	
283,672	-12,71	
283,932	174,93	
284,192	-293,31	
284,452	-175,81	
284,712	94,26	
284,972	-23,24	
285,232	341,54	
285,492	99,52	
285,752	267,88	
286,012	-35,51	
286,272	-393,27	
286,532	283,67	
286,792	246,84	
287,052	-110,92	
287,312	-89,88	
287,571	39,9	
287,831	-133,72	
288,091	229,3	
288,351	-384,5	
288,611	-433,61	
288,871	-158,27	
289,13	-286,3	
289,39	104,79	
289,65	67,96	
289,91	516,91	
290,17	350,31	
290,429	-121,45	
290,689	-86,37	
290,949	192,47	
291,208	-130,21	
291,468	-331,89	
291,728	45,16	
291,987	-330,14	
292,247	-200,36	
292,506	630,9	
292,766	153,89	
293,026	-53,05	
293,285	-177,56	
293,545	280,16	
293,804	-156,52	
294,064	390,64	
294,323	97,77	
294,583	-372,23	
294,842	-489,73	
295,102	195,98	
295,361	518,66	
295,621	208,26	
295,88	218,78	
296,139	-96,89	
296,399	155,64	
296,658	110,05	
296,917	-442,38	
297,177	-5,7	
297,436	499,37	
297,695	60,94	
297,955	336,28	
298,214	-149,51	
298,473	148,63	
298,732	92,51	
298,992	227,55	
299,251	-26,74	
299,51	-126,71	
299,769	190,72	
300,028	-363,46	
300,287	-32,01	
300,547	-373,98	
300,806	211,76	
301,065	-587,94	
301,324	110,05	
301,583	34,64	
301,842	202,99	
302,101	124,08	
302,36	355,57	
302,619	490,6	
302,878	78,48	
303,137	67,96	
303,396	-242,45	
303,655	378,37	
303,914	194,23	
304,173	-9,21	
304,432	146,87	
304,691	-245,96	
304,95	394,15	
305,208	238,07	
305,467	-284,54	
305,726	-616	
305,985	-44,28	
306,244	-30,25	
306,503	-19,73	
306,761	185,46	
307,02	-209,13	
307,279	160,9	
307,537	217,02	
307,796	-391,52	
308,055	-214,39	
308,314	-96,89	
308,572	299,45	
308,831	-328,39	
309,09	446,76	
309,348	301,2	
309,607	-68,83	
309,865	343,29	
310,124	513,4	
310,382	192,47	
310,641	-142,49	
310,9	-433,61	
311,158	264,37	
311,417	1,32	
311,675	-361,71	
311,933	-252,98	
312,192	176,69	
312,45	-274,02	
312,709	-121,45	
312,967	357,32	
313,226	383,63	
313,484	-216,15	
313,742	194,23	
314,001	-49,54	
314,259	292,43	
314,517	248,59	
314,776	-205,62	
315,034	59,19	
315,292	29,37	
315,55	241,58	
315,809	-274,02	
316,067	101,28	
316,325	-137,23	
316,583	176,69	
316,841	-288,05	
317,1	320,49	
317,358	38,14	
317,616	-410,81	
317,874	-124,95	
318,132	-51,3	
318,39	430,98	
318,648	167,92	
318,906	80,23	
319,164	-219,65	
319,422	-347,68	
319,68	-263,5	
319,938	-191,59	
320,196	-98,65	
320,454	115,31	
320,712	-365,21	
320,97	-144,24	
321,228	-189,84	
321,486	-345,92	
321,744	-102,15	
322,002	-272,27	
322,26	174,93	
322,517	-37,27	
322,775	-252,98	
323,033	-249,47	
323,291	-198,61	
323,549	-142,49	
323,806	-98,65	
324,064	43,4	
324,322	125,83	
324,58	83,74	
324,837	-189,84	
325,095	-268,76	
325,353	415,19	
325,61	8,33	
325,868	236,31	
326,126	-251,22	
326,383	255,61	
326,641	-219,65	
326,898	-107,42	
327,156	122,32	
327,413	43,4	
327,671	62,7	
327,928	-53,05	
328,186	202,99	
328,443	-210,89	
328,701	67,96	
328,958	-461,67	
329,216	59,19	
329,473	96,02	
329,731	-156,52	
329,988	206,5	
330,245	-75,85	
330,503	-203,87	
330,76	108,29	
331,017	-133,72	
331,275	202,99	
331,532	169,67	
331,789	253,85	
332,047	-10,96	
332,304	-209,13	
332,561	537,96	
332,818	1,32	
333,076	81,99	
333,333	-17,98	
333,59	134,6	
333,847	315,23	
334,104	324	
334,361	280,16	
334,618	-7,45	
334,876	320,49	
335,133	-272,27	
335,39	74,97	
335,647	-363,46	
335,904	-226,67	
336,161	-403,8	
336,418	-146	
336,675	-203,87	
336,932	-12,71	
337,189	227,55	
337,446	-28,5	
337,703	180,2	
337,96	-5,7	
338,216	-226,67	
338,473	-319,62	
338,73	-296,82	
338,987	-147,75	
339,244	-209,13	
339,501	227,55	
339,757	-389,77	
340,014	-463,42	
340,271	-33,76	
340,528	25,87	
340,785	273,14	
341,041	-116,18	
341,298	67,96	
341,555	-86,37	
341,811	-456,41	
342,068	218,78	
342,325	-172,3	
342,581	-32,01	
342,838	157,4	
343,094	302,96	
343,351	-352,94	
343,608	-242,45	
343,864	143,37	
344,121	-238,95	
344,377	-30,25	
344,634	585,31	
344,89	31,13	
345,147	-323,12	
345,403	39,9	
345,66	34,64	
345,916	-326,63	
346,172	-133,72	
346,429	324	
346,685	-67,08	
346,942	-47,79	
347,198	-277,53	
347,454	-296,82	
347,711	-2,19	
347,967	-77,6	
348,223	-121,45	
348,48	-109,17	
348,736	-109,17	
348,992	-175,81	
349,248	1,32	
349,504	-123,2	
349,761	-46,04	
350,017	-42,53	
350,273	-335,4	
350,529	-345,92	
350,785	150,38	
351,041	-379,24	
351,297	-149,51	
351,554	-114,43	
351,81	-544,09	
352,066	118,81	
352,322	-209,13	
352,578	750,16	
352,834	-3,95	
353,09	217,02	
353,346	4,82	
353,602	110,05	
353,858	-258,24	
354,114	-35,51	
354,369	32,88	
354,625	-60,07	
354,881	-298,57	
355,137	148,63	
355,393	-577,41	
355,649	-224,92	
355,905	-333,65	
356,16	-203,87	
356,416	60,94	
356,672	-252,98	
356,928	-138,98	
357,183	90,76	
357,439	-359,95	
357,695	-123,2	
357,951	-317,86	
358,206	159,15	
358,462	166,17	
358,718	-49,54	
358,973	129,34	
359,229	-70,59	
359,484	-112,68	
359,74	-326,63	
359,996	36,39	
360,251	80,23	
360,507	-247,71	
360,762	81,99	
361,018	76,73	
361,273	-2,19	
361,529	-333,65	
361,784	325,75	
362,04	-165,29	
362,295	-9,21	
362,55	-561,63	
362,806	-24,99	
363,061	66,2	
363,316	-137,23	
363,572	255,61	
363,827	-209,13	
364,082	350,31	
364,338	17,1	
364,593	-309,09	
364,848	283,67	
365,104	-370,47	
365,359	-75,85	
365,614	-351,18	
365,869	67,96	
366,124	-168,8	
366,38	236,31	
366,635	152,14	
366,89	43,4	
367,145	-42,53	
367,4	103,03	
367,655	97,77	
367,91	-624,77	
368,165	-44,28	
368,42	29,37	
368,675	41,65	
368,93	-44,28	
369,185	295,94	
369,44	-95,14	
369,695	32,88	
369,95	-47,79	
370,205	-252,98	
370,46	39,9	
370,715	157,4	
370,97	104,79	
371,225	488,85	
371,48	313,48	
371,734	-182,83	
371,989	-3,95	
372,244	-524,8	
372,499	111,8	
372,754	325,75	
373,008	-721,22	
373,263	-119,69	
373,518	288,93	
373,773	-167,04	
374,027	-140,74	
374,282	-96,89	
374,537	288,93	
374,791	190,72	
375,046	11,84	
375,301	302,96	
375,555	260,87	
375,81	-191,59	
376,064	-26,74	
376,319	220,53	
376,573	-54,8	
376,828	-601,97	
377,082	-344,17	
377,337	239,82	
377,591	-259,99	
377,846	-324,88	
378,1	204,75	
378,355	36,39	
378,609	478,33	
378,863	-209,13	
379,118	185,46	
379,372	-216,15	
379,627	99,52	
379,881	190,72	
380,135	134,6	
380,389	-217,9	
380,644	-324,88	
380,898	387,14	
381,152	-377,49	
381,407	-349,43	
381,661	190,72	
381,915	339,78	
382,169	103,03	
382,423	1,32	
382,677	-247,71	
382,932	309,97	
383,186	-63,57	
383,44	-242,45	
383,694	-503,76	
383,948	-63,57	
384,202	117,06	
384,456	78,48	
384,71	-207,38	
384,964	-146	
385,218	127,58	
385,472	164,41	
385,726	99,52	
385,98	210,01	
386,234	-191,59	
386,488	-384,5	
386,742	-35,51	
386,996	327,51	
387,249	-12,71	
387,503	529,19	
387,757	-93,39	
388,011	-110,92	
388,265	224,04	
388,518	-65,33	
388,772	55,68	
389,026	20,61	
389,28	1,32	
389,533	-26,74	
389,787	188,96	
390,041	1,32	
390,295	-458,16	
390,548	39,9	
390,802	-188,09	
391,055	92,51	
391,309	302,96	
391,563	-224,92	
391,816	34,64	
392,07	302,96	
392,323	295,94	
392,577	190,72	
392,83	204,75	
393,084	-296,82	
393,337	-54,8	
393,591	415,19	
393,844	-212,64	
394,098	-82,86	
394,351	-133,72	
394,604	485,34	
394,858	138,11	
395,111	-203,87	
395,364	99,52	
395,618	-54,8	
395,871	-261,74	
396,124	367,84	
396,378	190,72	
396,631	264,37	
396,884	601,09	
397,137	567,77	
397,391	224,04	
397,644	211,76	
397,897	539,71	
398,15	399,41	
398,403	401,16	
398,657	60,94	
398,91	197,73	
399,163	-342,42	
399,416	113,55	
399,669	-293,31	
399,922	-28,5	
400,175	-44,28	
400,428	103,03	
400,681	-461,67	
400,934	-272,27	
401,187	159,15	
401,44	-137,23	
401,693	-88,12	
401,946	162,66	
402,199	387,14	
402,452	167,92	
402,704	-119,69	
402,957	73,22	
403,21	-58,31	
403,463	-286,3	
403,716	-419,58	
403,969	29,37	
404,221	-53,05	
404,474	238,07	
404,727	92,51	
404,98	355,57	
405,232	127,58	
405,485	55,68	
405,738	53,93	
405,99	-549,35	
406,243	146,87	
406,496	-500,25	
406,748	36,39	
407,001	122,32	
407,253	10,08	
407,506	25,87	
407,759	311,72	
408,011	11,84	
408,264	448,52	
408,516	353,81	
408,769	402,92	
409,021	245,08	
409,274	255,61	
409,526	334,52	
409,778	227,55	
410,031	497,62	
410,283	513,4	
410,536	188,96	
410,788	41,65	
411,04	287,17	
411,293	-19,73	
411,545	39,9	
411,797	-286,3	
412,049	324	
412,302	404,67	
412,554	-107,42	
412,806	616,87	
413,058	306,46	
413,311	492,36	
413,563	167,92	
413,815	234,56	
414,067	302,96	
414,319	827,32	
414,571	-216,15	
414,823	197,73	
415,075	441,5	
415,328	474,82	
415,58	243,33	
415,832	67,96	
416,084	523,93	
416,336	639,67	
416,588	238,07	
416,84	76,73	
417,091	557,25	
417,343	399,41	
417,595	429,22	
417,847	380,12	
418,099	488,85	
418,351	483,59	
418,603	-33,76	
418,855	292,43	
419,106	492,36	
419,358	806,28	
419,61	309,97	
419,862	646,69	
420,114	466,05	
420,365	829,07	
420,617	492,36	
420,869	979,89	
421,12	236,31	
421,372	893,96	
421,624	786,98	
421,875	951,83	
422,127	1006,2	
422,379	922,02	
422,63	809,78	
422,882	857,13	
423,133	862,39	
423,385	816,8	
423,636	865,9	
423,888	715,08	
424,139	1018,48	
424,391	983,4	
424,642	259,11	
424,894	932,54	
425,145	1106,16	
425,396	850,12	
425,648	1014,97	
425,899	569,52	
426,151	1158,77	
426,402	1114,93	
426,653	629,15	
426,905	971,13	
427,156	1477,95	
427,407	1186,83	
427,658	1418,33	
427,91	1658,59	
428,161	1164,04	
428,412	1076,35	
428,663	1428,85	
428,914	1144,74	
429,166	1293,81	
429,417	1719,97	
429,668	1265,75	
429,919	1728,74	
430,17	1670,86	
430,421	1676,12	
430,672	1463,92	
430,923	1178,07	
431,174	1679,63	
431,425	1639,3	
431,676	1467,43	
431,927	1847,99	
432,178	2102,28	
432,429	1651,57	
432,68	2205,75	
432,931	2256,61	
433,182	2233,81	
433,433	1725,23	
433,683	1493,74	
433,934	2058,44	
434,185	2174,18	
434,436	2679,26	
434,687	2477,58	
434,937	2319,74	
435,188	2619,63	
435,439	2702,05	
435,69	2351,31	
435,94	2894,96	
436,191	2524,93	
436,442	2707,32	
436,692	3161,53	
436,943	3375,48	
437,194	2896,72	
437,444	3143,99	
437,695	3172,05	
437,945	2773,96	
438,196	3031,75	
438,447	3319,37	
438,697	3221,16	
438,948	3077,35	
439,198	3222,91	
439,449	3473,69	
439,699	3522,8	
439,949	3824,44	
440,2	3552,61	
440,45	3812,16	
440,701	3715,71	
440,951	3635,04	
441,201	4178,69	
441,452	4299,7	
441,702	4376,86	
441,952	3948,95	
442,203	4378,62	
442,453	4264,62	
442,703	4476,82	
442,953	3982,27	
443,204	4175,18	
443,454	4634,66	
443,704	4869,66	
443,954	4406,68	
444,204	5159,02	
444,455	4943,32	
444,705	5152,01	
444,955	5444,88	
445,205	5076,6	
445,455	5341,41	
445,705	5460,67	
445,955	5495,74	
446,205	5223,91	
446,455	5846,49	
446,705	5849,99	
446,955	6049,92	
447,205	5436,11	
447,455	6014,84	
447,705	5857,01	
447,955	6146,37	
448,205	6397,16	
448,454	6556,74	
448,704	6032,38	
448,954	6479,58	
449,204	6156,89	
449,454	6946,07	
449,704	6481,33	
449,953	6683,01	
450,203	6835,59	
450,453	6905,74	
450,703	6833,83	
450,952	6847,86	
451,202	7354,69	
451,452	6404,17	
451,701	6895,21	
451,951	7724,73	
452,201	7174,06	
452,45	7512,53	
452,7	7265,25	
452,949	7202,12	
453,199	7272,26	
453,448	6895,21	
453,698	6809,28	
453,947	7340,66	
454,197	6775,96	
454,446	7319,62	
454,696	6756,67	
454,945	6951,33	
455,195	7017,97	
455,444	7079,35	
455,693	7487,97	
455,943	7117,94	
456,192	7146	
456,442	6674,24	
456,691	6819,8	
456,94	6411,19	
457,189	6754,92	
457,439	6428,72	
457,688	6084,99	
457,937	5893,84	
458,186	6100,78	
458,436	6328,76	
458,685	5755,29	
458,934	5811,41	
459,183	5760,55	
459,432	6018,35	
459,681	5479,96	
459,93	5688,65	
460,179	5657,08	
460,429	5444,88	
460,678	5108,17	
460,927	4953,84	
461,176	5287,05	
461,425	5239,7	
461,674	5090,63	
461,923	4680,26	
462,172	4992,42	
462,42	4766,19	
462,669	4227,8	
462,918	4366,34	
463,167	5055,55	
463,416	4945,07	
463,665	4103,28	
463,914	4548,73	
464,162	3917,39	
464,411	4678,5	
464,66	4448,77	
464,909	4241,83	
465,158	3861,27	
465,406	4341,79	
465,655	3863,02	
465,904	3571,9	
466,152	3752,54	
466,401	4148,88	
466,65	3575,41	
466,898	3500	
467,147	3393,02	
467,395	3884,07	
467,644	3889,33	
467,893	3598,21	
468,141	3512,28	
468,39	3598,21	
468,638	2987,91	
468,887	3496,49	
469,135	3315,86	
469,384	3591,19	
469,632	3561,38	
469,88	3431,6	
470,129	3222,91	
470,377	3107,16	
470,626	2705,56	
470,874	2924,78	
471,122	3179,07	
471,371	3328,13	
471,619	2723,1	
471,867	2391,64	
472,115	2916,01	
472,364	2533,7	
472,612	2560	
472,86	2547,73	
473,108	2965,11	
473,356	2710,82	
473,605	2435,49	
473,853	2775,71	
474,101	2253,1	
474,349	2777,46	
474,597	2802,02	
474,845	2463,55	
475,093	2279,41	
475,341	2368,85	
475,589	3035,26	
475,837	2458,29	
476,085	2207,5	
476,333	2565,26	
476,581	2082,99	
476,829	2419,7	
477,077	2517,91	
477,325	2272,39	
477,573	2061,94	
477,821	2098,77	
478,069	2049,67	
478,317	2368,85	
478,564	1976,01	
478,812	2214,52	
479,06	1979,52	
479,308	2049,67	
479,555	1960,23	
479,803	2286,42	
480,051	1542,84	
480,299	2330,26	
480,546	1677,88	
480,794	2328,51	
481,042	2088,25	
481,289	2165,41	
481,537	1951,46	
481,784	2021,61	
482,032	2417,95	
482,28	2430,23	
482,527	1714,71	
482,775	1726,98	
483,022	1734	
483,27	2616,12	
483,517	1879,56	
483,765	2332,02	
484,012	2095,26	
484,259	1891,83	
484,507	1807,65	
484,754	2319,74	
485,002	1732,24	
485,249	2068,96	
485,496	1774,33	
485,744	2479,33	
485,991	2160,15	
486,238	1607,73	
486,486	2053,18	
486,733	2242,58	
486,98	2314,48	
487,227	2446,01	
487,474	2063,7	
487,722	1602,47	
487,969	1826,94	
488,216	2235,56	
488,463	2296,94	
488,71	1933,92	
488,957	1984,78	
489,204	2584,55	
489,451	1883,06	
489,699	2240,82	
489,946	2174,18	
490,193	2505,64	
490,44	2142,62	
490,687	2317,99	
490,934	2065,45	
491,18	2263,62	
491,427	2512,65	
491,674	1746,27	
491,921	1991,79	
492,168	1876,05	
492,415	2075,97	
492,662	1790,12	
492,909	1997,06	
493,155	1933,92	
493,402	2293,44	
493,649	1646,31	
493,896	1656,83	
494,142	2209,26	
494,389	2184,7	
494,636	1965,49	
494,883	1991,79	
495,129	2551,23	
495,376	2446,01	
495,623	1904,11	
495,869	2175,94	
496,116	2179,44	
496,362	2367,09	
496,609	2524,93	
496,855	2479,33	
497,102	1709,44	
497,348	1995,3	
497,595	2619,63	
497,841	1860,27	
498,088	2118,06	
498,334	2188,21	
498,581	2086,5	
498,827	2061,94	
499,074	2491,61	
499,32	2431,98	
499,566	2477,58	
499,813	2363,58	
500,059	2470,56	
500,305	2519,67	
500,552	2875,67	
500,798	2207,5	
501,044	2467,05	
501,29	2144,37	
501,537	2814,29	
501,783	2161,91	
502,029	2342,54	
502,275	1893,59	
502,521	2012,84	
502,767	2831,83	
503,013	2659,96	
503,26	2810,78	
503,506	2424,97	
503,752	2151,38	
503,998	2535,45	
504,244	2554,74	
504,49	2412,69	
504,736	2510,9	
504,982	1991,79	
505,228	2300,45	
505,474	2375,86	
505,72	2849,37	
505,966	1769,07	
506,211	2095,26	
506,457	2354,82	
506,703	2921,27	
506,949	2039,15	
507,195	1976,01	
507,441	2682,76	
507,686	2349,55	
507,932	2609,11	
508,178	2780,97	
508,424	2524,93	
508,669	2339,03	
508,915	2603,85	
509,161	2754,67	
509,406	2384,63	
509,652	2340,79	
509,898	2556,49	
510,143	2186,46	
510,389	2293,44	
510,634	2491,61	
510,88	2612,61	
511,125	1648,06	
511,371	2777,46	
511,616	2421,46	
511,862	2768,7	
512,107	1960,23	
512,353	2344,29	
512,598	2091,76	
512,844	2659,96	
513,089	2507,39	
513,335	2724,85	
513,58	2526,68	
513,825	2007,58	
514,071	2305,71	
514,316	2261,87	
514,561	2710,82	
514,806	2417,95	
515,052	2726,61	
515,297	2321,5	
515,542	2044,41	
515,787	2037,39	
516,033	2654,7	
516,278	2377,61	
516,523	1916,38	
516,768	2118,06	
517,013	2500,38	
517,258	1883,06	
517,503	2382,88	
517,748	2063,7	
517,993	2032,13	
518,238	2521,42	
518,483	2023,36	
518,728	2079,48	
518,973	2295,19	
519,218	2458,29	
519,463	2538,96	
519,708	2268,88	
519,953	2079,48	
520,198	1741,01	
520,443	2139,11	
520,688	1744,52	
520,933	2321,5	
521,177	2251,35	
521,422	2193,47	
521,667	1793,62	
521,912	2009,33	
522,157	2011,09	
522,401	1898,85	
522,646	1897,09	
522,891	2009,33	
523,135	1995,3	
523,38	1704,18	
523,625	1837,47	
523,869	2086,5	
524,114	2111,05	
524,358	2261,87	
524,603	2070,71	
524,848	1737,5	
525,092	1742,77	
525,337	2063,7	
525,581	1802,39	
525,826	1225,42	
526,07	2398,66	
526,315	1837,47	
526,559	2007,58	
526,803	2105,79	
527,048	2205,75	
527,292	1709,44	
527,537	2365,34	
527,781	1867,28	
528,025	1818,18	
528,269	1697,17	
528,514	1486,72	
528,758	1688,4	
529,002	2032,13	
529,247	2084,74	
529,491	2196,98	
529,735	1821,68	
529,979	2079,48	
530,223	1490,23	
530,467	1439,37	
530,712	2253,1	
530,956	1763,81	
531,2	1816,42	
531,444	1662,09	
531,688	1530,56	
531,932	2305,71	
532,176	1865,53	
532,42	1302,58	
532,664	1548,1	
532,908	2512,65	
533,152	1483,21	
533,396	1919,89	
533,64	2139,11	
533,884	1851,5	
534,128	1288,55	
534,371	1560,38	
534,615	1795,38	
534,859	1653,33	
535,103	1565,64	
535,347	1876,05	
535,59	1567,39	
535,834	1758,55	
536,078	1714,71	
536,322	1755,04	
536,565	1444,63	
536,809	1479,71	
537,053	1904,11	
537,296	1539,33	
537,54	1235,94	
537,784	1435,86	
538,027	1502,51	
538,271	2300,45	
538,514	1360,45	
538,758	1530,56	
539,001	1655,08	
539,245	1646,31	
539,488	1551,61	
539,732	2011,09	
539,975	1712,95	
540,219	1656,83	
540,462	1819,93	
540,706	1919,89	
540,949	1753,29	
541,192	1912,88	
541,436	1621,76	
541,679	1700,68	
541,922	1420,08	
542,166	1590,19	
542,409	1784,85	
542,652	1148,25	
542,895	1844,48	
543,139	1542,84	
543,382	1939,18	
543,625	1781,35	
543,868	1904,11	
544,111	1762,06	
544,354	2000,56	
544,598	1770,83	
544,841	1712,95	
545,084	2325	
545,327	2354,82	
545,57	1790,12	
545,813	1577,92	
546,056	1632,28	
546,299	1774,33	
546,542	2033,88	
546,785	1723,47	
547,028	2361,83	
547,271	1935,68	
547,514	1779,59	
547,756	1705,94	
547,999	1662,09	
548,242	1658,59	
548,485	1842,73	
548,728	1802,39	
548,971	1558,62	
549,213	1976,01	
549,456	1897,09	
549,699	1662,09	
549,942	1776,09	
550,184	1790,12	
550,427	2205,75	
550,67	1760,3	
550,912	1909,37	
551,155	1716,46	
551,398	1719,97	
551,64	1690,15	
551,883	1972,5	
552,125	1495,49	
552,368	1946,2	
552,61	1565,64	
552,853	1930,41	
553,095	1407,8	
553,338	1656,83	
553,58	1430,6	
553,823	1604,22	
554,065	1776,09	
554,308	1672,62	
554,55	1530,56	
554,792	2025,12	
555,035	1662,09	
555,277	1597,21	
555,519	1665,6	
555,762	1344,67	
556,004	1893,59	
556,246	1214,89	
556,488	1907,62	
556,731	1521,8	
556,973	1605,97	
557,215	1821,68	
557,457	1460,42	
557,699	1954,97	
557,941	1565,64	
558,183	1432,36	
558,426	1269,26	
558,668	1446,39	
558,91	1486,72	
559,152	1712,95	
559,394	1376,24	
559,636	1660,34	
559,878	986,91	
560,12	1674,37	
560,362	1569,15	
560,604	1856,76	
560,845	1458,66	
561,087	1693,66	
561,329	1756,8	
561,571	1153,51	
561,813	1483,21	
562,055	1951,46	
562,297	1388,51	
562,538	1784,85	
562,78	1605,97	
563,022	1616,5	
563,264	1772,58	
563,505	1860,27	
563,747	1272,77	
563,989	1860,27	
564,23	1528,81	
564,472	1360,45	
564,714	1481,46	
564,955	1918,14	
565,197	1583,18	
565,438	1646,31	
565,68	1249,97	
565,921	1572,65	
566,163	1630,53	
566,404	2005,82	
566,646	1241,2	
566,887	1751,53	
567,129	1677,88	
567,37	1279,78	
567,612	1183,33	
567,853	1642,8	
568,094	1556,87	
568,336	1891,83	
568,577	1851,5	
568,818	1346,42	
569,06	1797,13	
569,301	2263,62	
569,542	1788,36	
569,783	1758,55	
570,025	1509,52	
570,266	2158,4	
570,507	2135,6	
570,748	1976,01	
570,989	1749,78	
571,23	1863,77	
571,472	1802,39	
571,713	1956,72	
571,954	1746,27	
572,195	1879,56	
572,436	2118,06	
572,677	1295,57	
572,918	1362,21	
573,159	1516,53	
573,4	1954,97	
573,641	1748,03	
573,882	1830,45	
574,123	1853,25	
574,364	1961,98	
574,604	2030,38	
574,845	1916,38	
575,086	1555,12	
575,327	1639,3	
575,568	1925,15	
575,809	1774,33	
576,049	2242,58	
576,29	2075,97	
576,531	2398,66	
576,771	1812,91	
577,012	1569,15	
577,253	1946,2	
577,494	1860,27	
577,734	2000,56	
577,975	1385,01	
578,215	2363,58	
578,456	1542,84	
578,697	2042,65	
578,937	1832,21	
579,178	1998,81	
579,418	1856,76	
579,659	1912,88	
579,899	1772,58	
580,14	2645,93	
580,38	2414,44	
580,62	2447,76	
580,861	2353,06	
581,101	1974,26	
581,342	2414,44	
581,582	2144,37	
581,822	2112,8	
582,063	1907,62	
582,303	2275,9	
582,543	2312,73	
582,783	1890,08	
583,024	2298,7	
583,264	2098,77	
583,504	2097,02	
583,744	2363,58	
583,984	2514,41	
584,224	2412,69	
584,465	2758,17	
584,705	2410,94	
584,945	2502,13	
585,185	1574,41	
585,425	2558,25	
585,665	2523,17	
585,905	2570,52	
586,145	2437,24	
586,385	2893,21	
586,625	2910,75	
586,865	2980,9	
587,105	1988,29	
587,345	2840,6	
587,585	2728,36	
587,824	2916,01	
588,064	2782,73	
588,304	2938,81	
588,544	2754,67	
588,784	3049,29	
589,024	3047,54	
589,263	2823,06	
589,503	2744,14	
589,743	3030	
589,982	2791,49	
590,222	3412,31	
590,462	2689,78	
590,701	3045,78	
590,941	3129,96	
591,181	3186,08	
591,42	2973,88	
591,66	3394,78	
591,899	3042,28	
592,139	3294,81	
592,378	2863,4	
592,618	3115,93	
592,857	3193,1	
593,097	3261,49	
593,336	3770,07	
593,576	3375,48	
593,815	3691,16	
594,055	3438,62	
594,294	3322,87	
594,533	3787,61	
594,773	3617,5	
595,012	3498,25	
595,251	4136,6	
595,491	4219,03	
595,73	3926,15	
595,969	3998,06	
596,208	3903,36	
596,447	3987,54	
596,687	4096,27	
596,926	3822,69	
597,165	3919,14	
597,404	4169,92	
597,643	4166,42	
597,882	4143,62	
598,121	3856,01	
598,36	4033,13	
598,599	4534,7	
598,838	4462,8	
599,077	4790,74	
599,316	4738,13	
599,555	4487,35	
599,794	4482,09	
600,033	4915,26	
600,272	4729,36	
600,511	4611,86	
600,75	4236,56	
600,989	5023,99	
601,228	4478,58	
601,466	4168,17	
601,705	4804,77	
601,944	5038,02	
602,183	5020,48	
602,422	4643,43	
602,66	4915,26	
602,899	5248,46	
603,138	5031	
603,376	5099,4	
603,615	5367,72	
603,854	5106,41	
604,092	4788,99	
604,331	5213,39	
604,569	5234,43	
604,808	4887,2	
605,047	5143,24	
605,285	5057,31	
605,524	5132,72	
605,762	5392,27	
606	5383,5	
606,239	4883,69	
606,477	5444,88	
606,716	5387,01	
606,954	5337,9	
607,193	5278,28	
607,431	5301,08	
607,669	5213,39	
607,908	5476,45	
608,146	5090,63	
608,384	5365,96	
608,622	5453,65	
608,861	5038,02	
609,099	5302,83	
609,337	4962,61	
609,575	5725,48	
609,813	5267,76	
610,052	5297,57	
610,29	4981,9	
610,528	5197,61	
610,766	5059,06	
611,004	4753,91	
611,242	5153,76	
611,48	4774,96	
611,718	5707,94	
611,956	5195,85	
612,194	5092,38	
612,432	5109,92	
612,67	5144,99	
612,908	4902,98	
613,146	5218,65	
613,384	5388,76	
613,621	5232,68	
613,859	4531,19	
614,097	5111,67	
614,335	5087,12	
614,573	5213,39	
614,811	5122,2	
615,048	5073,09	
615,286	4920,52	
615,524	5087,12	
615,761	5115,18	
615,999	5122,2	
616,237	4831,08	
616,474	5600,96	
616,712	4746,9	
616,95	5430,85	
617,187	5115,18	
617,425	5334,4	
617,662	4692,53	
617,9	5127,46	
618,137	5367,72	
618,375	5280,03	
618,612	5152,01	
618,85	4855,63	
619,087	5213,39	
619,325	4711,82	
619,562	4924,03	
619,799	5099,4	
620,037	5343,17	
620,274	5269,51	
620,511	4948,58	
620,749	5108,17	
620,986	5297,57	
621,223	5046,79	
621,461	4788,99	
621,698	4590,82	
621,935	4662,72	
622,172	4641,68	
622,409	5243,2	
622,647	5232,68	
622,884	4895,97	
623,121	4601,34	
623,358	4689,03	
623,595	4660,97	
623,832	4908,24	
624,069	4932,79	
624,306	4592,57	
624,543	4545,22	
624,78	4566,26	
625,017	4671,49	
625,254	5171,3	
625,491	4622,38	
625,728	4774,96	
625,965	4985,41	
626,202	4596,08	
626,438	4652,2	
626,675	4803,02	
626,912	4492,61	
627,149	4741,64	
627,386	5038,02	
627,622	4483,84	
627,859	4878,43	
628,096	5137,98	
628,333	4887,2	
628,569	4557,5	
628,806	5104,66	
629,043	4948,58	
629,279	4745,15	
629,516	4482,09	
629,752	4724,1	
629,989	4678,5	
630,225	4527,68	
630,462	4678,5	
630,699	4757,42	
630,935	4226,04	
631,171	4389,14	
631,408	4341,79	
631,644	4354,06	
631,881	4301,45	
632,117	4436,49	
632,354	4531,19	
632,59	4648,69	
632,826	4562,76	
633,063	4466,3	
633,299	4022,61	
633,535	4361,08	
633,771	3829,7	
634,008	4601,34	
634,244	4061,19	
634,48	4299,7	
634,716	4015,59	
634,953	4301,45	
635,189	3933,17	
635,425	4073,47	
635,661	4136,6	
635,897	4496,12	
636,133	4266,38	
636,369	4205	
636,605	4292,68	
636,841	4208,5	
637,077	4024,36	
637,313	4080,48	
637,549	4464,55	
637,785	4122,57	
638,021	3789,36	
638,257	4169,92	
638,493	3977,01	
638,729	4040,15	
638,965	4226,04	
639,2	4389,14	
639,436	3601,72	
639,672	3971,75	
639,908	3891,08	
640,144	3380,75	
640,379	4043,65	
640,615	3934,92	
640,851	3884,07	
641,086	3671,86	
641,322	3792,87	
641,558	3710,45	
641,793	3557,87	
642,029	4187,46	
642,264	3457,91	
642,5	4205	
642,736	3947,2	
642,971	3599,96	
643,207	3792,87	
643,442	3326,38	
643,678	4190,97	
643,913	4138,36	
644,148	3151,01	
644,384	3720,97	
644,619	3841,98	
644,855	3559,63	
645,09	3670,11	
645,325	3477,2	
645,561	3229,93	
645,796	3328,13	
646,031	3482,46	
646,266	3158,02	
646,502	3840,22	
646,737	2893,21	
646,972	3117,69	
647,207	3524,55	
647,442	3158,02	
647,678	3279,03	
647,913	3889,33	
648,148	3422,84	
648,383	3436,87	
648,618	3428,1	
648,853	3208,88	
649,088	3131,72	
649,323	3080,86	
649,558	3550,86	
649,793	3243,96	
650,028	3293,06	
650,263	3194,85	
650,498	3256,23	
650,733	3017,72	
650,968	3328,13	
651,202	3044,03	
651,437	3440,37	
651,672	3501,75	
651,907	3249,22	
652,142	3180,82	
652,376	3284,29	
652,611	3573,66	
652,846	3073,84	
653,081	2891,46	
653,315	3093,13	
653,55	2796,76	
653,785	2679,26	
654,019	3077,35	
654,254	2593,32	
654,488	2789,74	
654,723	2963,36	
654,958	2372,35	
655,192	2591,57	
655,427	2844,11	
655,661	3138,73	
655,896	2970,37	
656,13	3045,78	
656,364	2714,33	
656,599	2598,58	
656,833	2668,73	
657,068	2777,46	
657,302	2673,99	
657,536	2926,53	
657,771	2184,7	
658,005	2738,88	
658,239	2288,17	
658,474	2144,37	
658,708	2424,97	
658,942	2447,76	
659,176	2914,25	
659,41	2814,29	
659,645	2802,02	
659,879	2363,58	
660,113	2207,5	
660,347	4475,07	
660,581	2758,17	
660,815	2437,24	
661,049	2042,65	
661,283	2816,05	
661,517	2410,94	
661,751	2512,65	
661,985	2023,36	
662,219	2316,23	
662,453	2156,64	
662,687	1904,11	
662,921	1877,8	
663,155	2205,75	
663,389	2351,31	
663,622	1809,41	
663,856	2181,2	
664,09	1753,29	
664,324	2068,96	
664,558	2039,15	
664,791	2032,13	
665,025	1688,4	
665,259	2046,16	
665,492	1814,67	
665,726	2104,03	
665,96	1774,33	
666,193	2335,53	
666,427	1770,83	
666,661	2398,66	
666,894	1579,67	
667,128	1523,55	
667,361	2081,23	
667,595	1925,15	
667,828	2302,2	
668,062	1947,95	
668,295	1271,01	
668,529	2149,63	
668,762	1847,99	
668,995	2004,07	
669,229	2132,09	
669,462	1783,1	
669,695	1511,27	
669,929	1904,11	
670,162	1349,93	
670,395	1628,77	
670,629	1783,1	
670,862	1946,2	
671,095	1532,32	
671,328	1448,14	
671,561	1618,25	
671,795	1804,15	
672,028	1872,54	
672,261	1525,3	
672,494	1427,09	
672,727	2037,39	
672,96	1853,25	
673,193	1593,7	
673,426	1567,39	
673,659	1511,27	
673,892	1612,99	
674,125	1513,03	
674,358	1856,76	
674,591	1055,3	
674,824	1634,03	
675,057	1204,37	
675,29	1847,99	
675,523	1370,98	
675,755	1805,9	
675,988	1656,83	
676,221	1195,6	
676,454	1883,06	
676,687	1360,45	
676,919	1946,2	
677,152	1414,82	
677,385	1185,08	
677,617	1230,68	
677,85	1477,95	
678,083	1406,05	
678,315	978,14	
678,548	1123,7	
678,78	1160,53	
679,013	1718,21	
679,246	1290,3	
679,478	1388,51	
679,711	1793,62	
679,943	1399,04	
680,175	1776,09	
680,408	1165,79	
680,64	1246,46	
680,873	1171,05	
681,105	1490,23	
681,338	1249,97	
681,57	1116,69	
681,802	1423,59	
682,034	1074,6	
682,267	974,63	
682,499	1264	
682,731	1221,91	
682,964	1698,92	
683,196	1014,97	
683,428	1249,97	
683,66	1190,34	
683,892	1741,01	
684,124	867,66	
684,356	1367,47	
684,589	1190,34	
684,821	1679,63	
685,053	832,58	
685,285	1213,14	
685,517	825,57	
685,749	1423,59	
685,981	1178,07	
686,213	978,14	
686,445	930,79	
686,676	511,65	
686,908	1120,19	
687,14	779,97	
687,372	1683,14	
687,604	1367,47	
687,836	1376,24	
688,068	1051,8	
688,299	853,63	
688,531	1172,8	
688,763	958,85	
688,995	1218,4	
689,226	944,82	
689,458	971,13	
689,69	1197,36	
689,921	939,56	
690,153	816,8	
690,384	1027,25	
690,616	967,62	
690,848	1020,23	
691,079	927,28	
691,311	995,68	
691,542	1020,23	
691,774	751,91	
692,005	1030,75	
692,237	1414,82	
692,468	653,7	
692,699	1034,26	
692,931	702,81	
693,162	674,75	
693,393	445,01	
693,625	843,1	
693,856	837,84	
694,087	583,55	
694,319	825,57	
694,55	897,47	
694,781	583,55	
695,012	795,75	
695,243	443,25	
695,475	1164,04	
695,706	1348,18	
695,937	436,24	
696,168	915,01	
696,399	864,15	
696,63	380,12	
696,861	695,79	
697,092	478,33	
697,323	799,26	
697,554	829,07	
697,785	832,58	
698,016	846,61	
698,247	506,39	
698,478	660,72	
698,709	387,14	
698,94	564,26	
699,171	823,81	
699,401	1007,95	
699,632	439,75	
699,863	688,78	
700,094	490,6	
700,325	497,62	
700,555	1297,32	
700,786	999,19	
701,017	744,9	
701,247	678,25	
701,478	772,95	
701,709	534,45	
701,939	837,84	
702,17	1011,46	
702,401	764,19	
702,631	871,16	
702,862	397,66	
703,092	816,8	
703,323	71,46	
703,553	488,85	
703,784	706,31	
704,014	872,92	
704,244	725,6	
704,475	860,64	
704,705	497,62	
704,936	760,68	
705,166	704,56	
705,396	269,64	
705,627	932,54	
705,857	825,57	
706,087	525,68	
706,317	353,81	
706,548	318,74	
706,778	702,81	
707,008	715,08	
707,238	324	
707,468	364,34	
707,698	45,16	
707,928	734,37	
708,158	516,91	
708,389	569,52	
708,619	660,72	
708,849	715,08	
709,079	452,02	
709,309	722,1	
709,539	723,85	
709,768	446,76	
709,998	43,4	
710,228	329,26	
710,458	250,34	
710,688	530,94	
710,918	315,23	
711,148	215,27	
711,378	467,81	
711,607	406,43	
711,837	343,29	
712,067	320,49	
712,297	297,7	
712,526	315,23	
712,756	236,31	
712,986	152,14	
713,215	452,02	
713,445	627,4	
713,674	250,34	
713,904	501,13	
714,134	171,43	
714,363	217,02	
714,593	210,01	
714,822	308,22	
715,052	350,31	
715,281	518,66	
715,511	331,02	
715,74	243,33	
715,969	562,51	
716,199	646,69	
716,428	113,55	
716,657	155,64	
716,887	592,32	
717,116	274,9	
717,345	292,43	
717,575	485,34	
717,804	246,84	
718,033	118,81	
718,262	110,05	
718,492	266,13	
718,721	499,37	
718,95	64,45	
719,179	309,97	
719,408	-10,96	
719,637	110,05	
719,866	306,46	
720,095	183,7	
720,324	534,45	
720,553	55,68	
720,782	550,23	
721,011	371,35	
721,24	134,6	
721,469	-128,46	
721,698	22,36	
721,927	346,8	
722,156	478,33	
722,385	432,73	
722,613	-123,2	
722,842	394,15	
723,071	-249,47	
723,3	131,09	
723,529	392,4	
723,757	-0,44	
723,986	-345,92	
724,215	-77,6	
724,443	143,37	
724,672	110,05	
724,901	74,97	
725,129	-10,96	
725,358	46,91	
725,586	-60,07	
725,815	143,37	
726,043	637,92	
726,272	252,1	
726,5	539,71	
726,729	266,13	
726,957	80,23	
727,186	180,2	
727,414	-30,25	
727,642	-124,95	
727,871	513,4	
728,099	694,04	
728,327	202,99	
728,556	202,99	
728,784	727,36	
729,012	-405,55	
729,241	338,03	
729,469	32,88	
729,697	-258,24	
729,925	234,56	
730,153	15,35	
730,381	-573,91	
730,61	-14,47	
730,838	246,84	
731,066	66,2	
731,294	222,28	
731,522	11,84	
731,75	64,45	
731,978	460,79	
732,206	185,46	
732,434	-179,32	
732,662	311,72	
732,89	222,28	
733,118	-67,08	
733,346	364,34	
733,573	195,98	
733,801	241,58	
734,029	62,7	
734,257	-365,21	
734,485	113,55	
734,712	22,36	
734,94	-24,99	
735,168	-37,27	
735,396	113,55	
735,623	89	
735,851	134,6	
736,078	94,26	
736,306	-88,12	
736,534	-86,37	
736,761	-249,47	
736,989	373,11	
737,216	-35,51	
737,444	585,31	
737,671	76,73	
737,899	644,93	
738,126	464,3	
738,354	-247,71	
738,581	599,34	
738,809	120,57	
739,036	29,37	
739,263	345,05	
739,491	87,25	
739,718	476,58	
739,945	11,84	
740,173	53,93	
740,4	-131,97	
740,627	-35,51	
740,854	-289,8	
741,081	283,67	
741,309	476,58	
741,536	-226,67	
741,763	-96,89	
741,99	136,35	
742,217	150,38	
742,444	-398,53	
742,671	34,64	
742,898	-328,39	
743,125	3,07	
743,352	844,86	
743,579	222,28	
743,806	-160,03	
744,033	-65,33	
744,26	52,17	
744,487	171,43	
744,714	-112,68	
744,941	-51,3	
745,167	202,99	
745,394	167,92	
745,621	339,78	
745,848	-110,92	
746,075	339,78	
746,301	169,67	
746,528	-314,36	
746,755	-298,57	
746,981	18,85	
747,208	20,61	
747,435	324	
747,661	159,15	
747,888	-277,53	
748,114	227,55	
748,341	362,58	
748,567	243,33	
748,794	-165,29	
749,02	104,79	
749,247	48,67	
749,473	115,31	
749,7	592,32	
749,926	567,77	
750,152	-416,07	
750,379	429,22	
750,605	427,47	
750,831	202,99	
751,058	103,03	
751,284	227,55	
751,51	-209,13	
751,737	345,05	
751,963	327,51	
752,189	-351,18	
752,415	-109,17	
752,641	-40,77	
752,867	-79,36	
753,094	129,34	
753,32	-19,73	
753,546	497,62	
753,772	-188,09	
753,998	108,29	
754,224	-123,2	
754,45	36,39	
754,676	-170,55	
754,902	288,93	
755,128	301,2	
755,354	80,23	
755,579	225,79	
755,805	-354,69	
756,031	96,02	
756,257	-128,46	
756,483	-259,99	
756,709	215,27	
756,934	224,04	
757,16	-56,56	
757,386	199,49	
757,612	159,15	
757,837	101,28	
758,063	-40,77	
758,289	113,55	
758,514	-130,21	
758,74	87,25	
758,965	283,67	
759,191	138,11	
759,416	-363,46	
759,642	-189,84	
759,868	-340,66	
760,093	-203,87	
760,318	27,62	
760,544	-26,74	
760,769	-177,56	
760,995	-414,32	
761,22	-366,97	
761,445	446,76	
761,671	401,16	
761,896	-172,3	
762,121	-223,16	
762,347	-442,38	
762,572	501,13	
762,797	-72,34	
763,022	192,47	
763,248	67,96	
763,473	246,84	
763,698	-88,12	
763,923	59,19	
764,148	-175,81	
764,373	346,8	
764,598	187,21	
764,823	224,04	
765,048	350,31	
765,273	485,34	
765,498	-102,15	
765,723	-3,95	
765,948	-103,91	
766,173	-37,27	
766,398	-335,4	
766,623	483,59	
766,848	-0,44	
767,073	-303,83	
767,298	139,86	
767,522	-195,1	
767,747	-170,55	
767,972	39,9	
768,197	20,61	
768,421	-205,62	
768,646	-272,27	
768,871	-267	
769,095	-147,75	
769,32	-131,97	
769,545	231,05	
769,769	-146	
769,994	-366,97	
770,218	-149,51	
770,443	-198,61	
770,667	-2,19	
770,892	-33,76	
771,116	90,76	
771,341	227,55	
771,565	259,11	
771,79	-3,95	
772,014	-268,76	
772,238	-167,04	
772,463	-7,45	
772,687	155,64	
772,911	-277,53	
773,136	245,08	
773,36	-61,82	
773,584	60,94	
773,808	-82,86	
774,033	-32,01	
774,257	176,69	
774,481	-251,22	
774,705	90,76	
774,929	39,9	
775,153	24,11	
775,377	-184,58	
775,602	-461,67	
775,826	145,12	
776,05	-60,07	
776,274	-224,92	
776,498	-252,98	
776,722	229,3	
776,945	132,84	
777,169	-386,26	
777,393	-149,51	
777,617	-58,31	
777,841	-186,33	
778,065	-174,06	
778,289	64,45	
778,512	146,87	
778,736	252,1	
778,96	-109,17	
779,184	81,99	
779,407	373,11	
779,631	-72,34	
779,855	-58,31	
780,078	31,13	
780,302	52,17	
780,526	-44,28	
780,749	-168,8	
780,973	-231,93	
781,196	259,11	
781,42	-67,08	
781,643	-175,81	
781,867	-279,28	
782,09	71,46	
782,314	-328,39	
782,537	59,19	
782,76	-205,62	
782,984	103,03	
783,207	-563,38	
783,431	25,87	
783,654	-365,21	
783,877	-382,75	
784,1	-305,59	
784,324	160,9	
784,547	34,64	
784,77	-538,83	
784,993	-60,07	
785,216	139,86	
785,44	-342,42	
785,663	117,06	
785,886	-289,8	
786,109	45,16	
786,332	446,76	
786,555	-188,09	
786,778	-7,45	
787,001	-186,33	
787,224	-547,6	
787,447	-193,35	
787,67	-352,94	
787,893	-226,67	
788,116	-645,81	
788,339	-279,28	
788,561	-361,71	
788,784	-28,5	
789,007	-351,18	
789,23	316,99	
789,453	18,85	
789,675	24,11	
789,898	166,17	
790,121	-19,73	
790,344	148,63	
790,566	266,13	
790,789	-88,12	
791,012	31,13	
791,234	127,58	
791,457	89	
791,679	-107,42	
791,902	-175,81	
792,124	-463,42	
792,347	-409,06	
792,569	-217,9	
792,792	-200,36	
793,014	-416,07	
793,237	-16,22	
793,459	-491,48	
793,681	-153,01	
793,904	76,73	
794,126	-277,53	
794,348	-53,05	
794,571	299,45	
794,793	348,55	
795,015	-219,65	
795,237	-200,36	
795,46	-228,42	
795,682	-502	
795,904	-242,45	
796,126	-379,24	
796,348	350,31	
796,57	224,04	
796,792	41,65	
797,014	-95,14	
797,237	-138,98	
797,459	-258,24	
797,681	-156,52	
797,903	267,88	
798,124	-228,42	
798,346	131,09	
798,568	-233,68	
798,79	-60,07	
799,012	-142,49	
799,234	101,28	
799,456	-502	
799,678	-414,32	
799,899	294,19	
800,121	132,84	
800,343	259,11	
800,565	301,2	
800,786	394,15	
801,008	-30,25	
801,23	-345,92	
801,451	362,58	
801,673	779,97	
801,895	60,94	
802,116	315,23	
802,338	-49,54	
802,559	-105,66	
802,781	-5,7	
803,002	3,07	
803,224	-96,89	
803,445	-331,89	
803,667	-68,83	
803,888	-54,8	
804,109	104,79	
804,331	99,52	
804,552	-207,38	
804,773	236,31	
804,995	-542,34	
805,216	120,57	
805,437	183,7	
805,658	-63,57	
805,88	-256,48	
806,101	-200,36	
806,322	60,94	
806,543	53,93	
806,764	-138,98	
806,985	360,83	
807,207	55,68	
807,428	297,7	
807,649	69,71	
807,87	-135,48	
808,091	132,84	
808,312	-198,61	
808,533	-298,57	
808,754	-342,42	
808,975	-158,27	
809,195	-328,39	
809,416	38,14	
809,637	3,07	
809,858	-114,43	
810,079	-494,99	
810,3	18,85	
810,52	143,37	
810,741	-74,09	
810,962	-600,21	
811,183	-319,62	
811,403	-77,6	
811,624	269,64	
811,845	504,63	
812,065	304,71	
812,286	-263,5	
812,506	320,49	
812,727	80,23	
812,948	-366,97	
813,168	-214,39	
813,389	-393,27	
813,609	266,13	
813,83	118,81	
814,05	-305,59	
814,27	-137,23	
814,491	64,45	
814,711	-79,36	
814,931	-40,77	
815,152	55,68	
815,372	153,89	
815,592	-89,88	
815,813	-49,54	
816,033	-279,28	
816,253	187,21	
816,473	309,97	
816,694	-310,85	
816,914	-121,45	
817,134	1,32	
817,354	-137,23	
817,574	36,39	
817,794	315,23	
818,014	-379,24	
818,234	-710,7	
818,454	122,32	
818,674	74,97	
818,894	194,23	
819,114	-472,19	
819,334	111,8	
819,554	34,64	
819,774	-480,96	
819,994	-175,81	
820,214	-53,05	
820,433	64,45	
820,653	-12,71	
820,873	-210,89	
821,093	-170,55	
821,312	-231,93	
821,532	-114,43	
821,752	-363,46	
821,972	-342,42	
822,191	-393,27	
822,411	341,54	
822,63	-14,47	
822,85	152,14	
823,07	313,48	
823,289	-205,62	
823,509	-494,99	
823,728	71,46	
823,948	-224,92	
824,167	227,55	
824,387	73,22	
824,606	-84,62	
824,825	15,35	
825,045	-44,28	
825,264	-193,35	
825,483	364,34	
825,703	-142,49	
825,922	-331,89	
826,141	62,7	
826,361	-326,63	
826,58	-205,62	
826,799	-358,2	
827,018	304,71	
827,237	-163,53	
827,456	-414,32	
827,676	-403,8	
827,895	85,49	
828,114	-403,8	
828,333	-182,83	
828,552	-289,8	
828,771	38,14	
828,99	-26,74	
829,209	-172,3	
829,428	-293,31	
829,647	-67,08	
829,866	-196,86	
830,084	-458,16	
830,303	-147,75	
830,522	78,48	
830,741	252,1	
830,96	338,03	
831,179	160,9	
831,397	71,46	
831,616	99,52	
831,835	-89,88	
832,053	85,49	
832,272	-314,36	
832,491	-33,76	
832,709	250,34	
832,928	74,97	
833,147	-142,49	
833,365	-240,7	
833,584	-405,55	
833,802	111,8	
834,021	-133,72	
834,239	-116,18	
834,458	-256,48	
834,676	-114,43	
834,894	-247,71	
835,113	-184,58	
835,331	-119,69	
835,55	122,32	
835,768	69,71	
835,986	-245,96	
836,204	-112,68	
836,423	57,43	
836,641	20,61	
836,859	246,84	
837,077	288,93	
837,296	1,32	
837,514	53,93	
837,732	39,9	
837,95	-626,52	
838,168	-47,79	
838,386	-198,61	
838,604	-207,38	
838,822	-186,33	
839,04	-60,07	
839,258	187,21	
839,476	-214,39	
839,694	195,98	
839,912	-281,03	
840,13	-551,11	
840,348	-91,63	
840,566	38,14	
840,783	-237,19	
841,001	-261,74	
841,219	-309,09	
841,437	274,9	
841,655	-323,12	
841,872	316,99	
842,09	-7,45	
842,308	-212,64	
842,525	74,97	
842,743	103,03	
842,961	-72,34	
843,178	-293,31	
843,396	-49,54	
843,613	360,83	
843,831	-267	
844,048	322,25	
844,266	-47,79	
844,483	229,3	
844,701	-207,38	
844,918	8,33	
845,136	-216,15	
845,353	-261,74	
845,57	199,49	
845,788	129,34	
846,005	278,4	
846,222	-468,68	
846,439	-172,3	
846,657	392,4	
846,874	-316,11	
847,091	-10,96	
847,308	-44,28	
847,526	-123,2	
847,743	-412,56	
847,96	-626,52	
848,177	367,84	
848,394	-407,3	
848,611	-98,65	
848,828	85,49	
849,045	346,8	
849,262	-354,69	
849,479	-303,83	
849,696	113,55	
849,913	-177,56	
850,13	62,7	
850,347	-67,08	
850,564	-74,09	
850,78	-12,71	
850,997	-53,05	
851,214	-131,97	
851,431	-207,38	
851,647	-70,59	
851,864	-307,34	
852,081	-403,8	
852,298	-121,45	
852,514	-17,98	
852,731	232,81	
852,948	-559,88	
853,164	-554,62	
853,381	-586,18	
853,597	136,35	
853,814	-51,3	
854,03	-416,07	
854,247	-605,47	
854,463	-158,27	
854,68	-288,05	
854,896	-291,56	
855,113	-137,23	
855,329	188,96	
855,545	-715,96	
855,762	-26,74	
855,978	52,17	
856,194	66,2	
856,411	341,54	
856,627	-153,01	
856,843	-265,25	
857,059	-270,51	
857,275	-586,18	
857,492	178,44	
857,708	-79,36	
857,924	-86,37	
858,14	-137,23	
858,356	3,07	
858,572	-67,08	
858,788	97,77	
859,004	-252,98	
859,22	-673,87	
859,436	-228,42	
859,652	217,02	
859,868	-131,97	
860,084	-272,27	
860,3	741,39	
860,516	-452,9	
860,731	-93,39	
860,947	201,24	
861,163	-9,21	
861,379	108,29	
861,595	-333,65	
861,81	-274,02	
862,026	-137,23	
862,242	-172,3	
862,457	-274,02	
862,673	76,73	
862,889	-202,12	
863,104	-14,47	
863,32	-281,03	
863,535	-163,53	
863,751	-198,61	
863,966	-423,09	
864,182	-240,7	
864,397	113,55	
864,613	153,89	
864,828	129,34	
865,044	262,62	
865,259	-46,04	
865,474	53,93	
865,69	-251,22	
865,905	-84,62	
866,12	-231,93	
866,336	202,99	
866,551	17,1	
866,766	-5,7	
866,981	-237,19	
867,196	316,99	
867,412	173,18	
867,627	-95,14	
867,842	-272,27	
868,057	-47,79	
868,272	-114,43	
868,487	185,46	
868,702	-368,72	
868,917	155,64	
869,132	-51,3	
869,347	-277,53	
869,562	-281,03	
869,777	311,72	
869,992	-381	
870,207	-281,03	
870,422	-375,74	
870,636	-149,51	
870,851	-81,11	
871,066	-98,65	
871,281	-37,27	
871,495	-49,54	
871,71	-56,56	
871,925	-480,96	
872,14	-114,43	
872,354	206,5	
872,569	-124,95	
872,783	-324,88	
872,998	-77,6	
873,213	-137,23	
873,427	-249,47	
873,642	-317,86	
873,856	-119,69	
874,071	-131,97	
874,285	-435,36	
874,5	-316,11	
874,714	-386,26	
874,928	373,11	
875,143	-419,58	
875,357	-363,46	
875,571	-451,15	
875,786	-212,64	
876	64,45	
876,214	-163,53	
876,429	-12,71	
876,643	111,8	
876,857	-53,05	
877,071	-121,45	
877,285	-382,75	
877,499	-265,25	
877,714	-289,8	
877,928	-263,5	
878,142	-245,96	
878,356	-102,15	
878,57	-416,07	
878,784	-319,62	
878,998	122,32	
879,212	422,21	
879,426	41,65	
879,639	-456,41	
879,853	-28,5	
880,067	195,98	
880,281	-135,48	
880,495	-352,94	
880,709	-721,22	
880,922	190,72	
881,136	194,23	
881,35	-715,96	
881,564	-70,59	
881,777	-205,62	
881,991	-149,51	
882,205	-340,66	
882,418	197,73	
882,632	-300,33	
882,845	139,86	
883,059	-175,81	
883,273	111,8	
883,486	-191,59	
883,7	148,63	
883,913	187,21	
884,126	-79,36	
884,34	96,02	
884,553	139,86	
884,767	-391,52	
884,98	-621,26	
885,193	-172,3	
885,407	231,05	
885,62	25,87	
885,833	-82,86	
886,046	6,58	
886,26	-288,05	
886,473	-96,89	
886,686	-228,42	
886,899	229,3	
887,112	-395,03	
887,326	-268,76	
887,539	-626,52	
887,752	-189,84	
887,965	174,93	
888,178	-74,09	
888,391	-428,35	
888,604	-214,39	
888,817	-54,8	
889,03	159,15	
889,243	-17,98	
889,455	-121,45	
889,668	-295,06	
889,881	18,85	
890,094	90,76	
890,307	-35,51	
890,52	-410,81	
890,732	29,37	
890,945	59,19	
891,158	-293,31	
891,37	-16,22	
891,583	-291,56	
891,796	-198,61	
892,008	-105,66	
892,221	338,03	
892,434	-249,47	
892,646	-396,78	
892,859	-56,56	
893,071	380,12	
893,284	-338,91	
893,496	-242,45	
893,709	-74,09	
893,921	-19,73	
894,133	-366,97	
894,346	-284,54	
894,558	-231,93	
894,771	45,16	
894,983	-96,89	
895,195	-491,48	
895,407	-238,95	
895,62	-598,46	
895,832	-39,02	
896,044	-381	
896,256	92,51	
896,468	173,18	
896,681	-109,17	
896,893	-312,6	
897,105	-84,62	
897,317	-58,31	
897,529	27,62	
897,741	-305,59	
897,953	-7,45	
898,165	117,06	
898,377	-60,07	
898,589	-79,36	
898,801	-168,8	
899,013	-89,88	
899,224	34,64	
899,436	-351,18	
899,648	24,11	
899,86	29,37	
900,072	-37,27	
900,283	-107,42	
900,495	-226,67	
900,707	-109,17	
900,919	32,88	
901,13	188,96	
901,342	-267	
901,554	-459,91	
901,765	-137,23	
901,977	-498,5	
902,188	39,9	
902,4	320,49	
902,611	94,26	
902,823	-165,29	
903,034	-117,94	
903,246	220,53	
903,457	234,56	
903,669	143,37	
903,88	73,22	
904,091	-377,49	
904,303	59,19	
904,514	-435,36	
904,725	-81,11	
904,936	20,61	
905,148	-521,3	
905,359	-267	
905,57	-349,43	
905,781	-235,44	
905,992	-591,44	
906,204	-428,35	
906,415	-338,91	
906,626	-251,22	
906,837	-323,12	
907,048	-259,99	
907,259	-121,45	
907,47	34,64	
907,681	-142,49	
907,892	78,48	
908,103	-89,88	
908,314	-95,14	
908,525	57,43	
908,735	-158,27	
908,946	-5,7	
909,157	-107,42	
909,368	-39,02	
909,579	-121,45	
909,789	-39,02	
910	488,85	
910,211	-98,65	
910,421	-161,78	
910,632	-600,21	
910,843	-238,95	
911,053	153,89	
911,264	-388,01	
911,475	-517,79	
911,685	59,19	
911,896	-100,4	
912,106	-496,74	
912,317	-333,65	
912,527	-30,25	
912,737	-133,72	
912,948	-617,75	
913,158	-370,47	
913,369	-39,02	
913,579	-361,71	
913,789	-23,24	
914	-370,47	
914,21	173,18	
914,42	280,16	
914,63	-435,36	
914,841	-81,11	
915,051	25,87	
915,261	83,74	
915,471	-440,62	
915,681	225,79	
915,891	-189,84	
916,101	13,59	
916,311	-23,24	
916,521	-89,88	
916,731	352,06	
916,941	78,48	
917,151	190,72	
917,361	-210,89	
917,571	138,11	
917,781	-388,01	
917,991	-345,92	
918,201	236,31	
918,411	-37,27	
918,621	87,25	
918,83	-252,98	
919,04	-109,17	
919,25	-309,09	
919,46	-470,44	
919,669	-214,39	
919,879	176,69	
920,089	185,46	
920,298	-359,95	
920,508	288,93	
920,717	-358,2	
920,927	96,02	
921,136	-807,15	
921,346	-175,81	
921,555	-591,44	
921,765	-75,85	
921,974	-63,57	
922,184	-149,51	
922,393	355,57	
922,603	213,52	
922,812	-482,71	
923,021	-146	
923,23	-63,57	
923,44	-186,33	
923,649	118,81	
923,858	-44,28	
924,067	-237,19	
924,277	-103,91	
924,486	-442,38	
924,695	-366,97	
924,904	76,73	
925,113	-412,56	
925,322	-549,35	
925,531	-244,21	
925,74	-372,23	
925,949	15,35	
926,158	-342,42	
926,367	-203,87	
926,576	-475,7	
926,785	-47,79	
926,994	-2,19	
927,203	-324,88	
927,412	-261,74	
927,621	-198,61	
927,83	-261,74	
928,038	-17,98	
928,247	-77,6	
928,456	31,13	
928,665	-46,04	
928,873	-147,75	
929,082	-10,96	
929,291	-23,24	
929,499	-28,5	
929,708	27,62	
929,916	-426,59	
930,125	-189,84	
930,333	125,83	
930,542	-338,91	
930,75	-251,22	
930,959	-12,71	
931,167	-384,5	
931,376	-265,25	
931,584	-95,14	
931,793	-331,89	
932,001	81,99	
932,209	-5,7	
932,418	162,66	
932,626	118,81	
932,834	-452,9	
933,042	-295,06	
933,251	-461,67	
933,459	-251,22	
933,667	92,51	
933,875	202,99	
934,083	-138,98	
934,291	-205,62	
934,499	-240,7	
934,707	113,55	
934,915	274,9	
935,123	-149,51	
935,331	-568,65	
935,539	-414,32	
935,747	-296,82	
935,955	-384,5	
936,163	-551,11	
936,371	-310,85	
936,579	-86,37	
936,787	-81,11	
936,995	-163,53	
937,202	3,07	
937,41	-10,96	
937,618	-84,62	
937,826	-168,8	
938,033	-326,63	
938,241	-77,6	
938,449	-210,89	
938,656	-440,62	
938,864	-275,77	
939,071	-46,04	
939,279	-265,25	
939,486	-100,4	
939,694	-75,85	
939,901	-161,78	
940,109	-238,95	
940,316	-117,94	
940,524	-154,77	
940,731	-331,89	
940,939	-89,88	
941,146	-605,47	
941,353	-153,01	
941,561	324	
941,768	20,61	
941,975	-342,42	
942,182	-291,56	
942,39	-23,24	
942,597	99,52	
942,804	-328,39	
943,011	-433,61	
943,218	45,16	
943,425	-158,27	
943,632	-114,43	
943,839	-167,04	
944,046	183,7	
944,253	-102,15	
944,46	-245,96	
944,667	-10,96	
944,874	-314,36	
945,081	-174,06	
945,288	-326,63	
945,495	-117,94	
945,702	234,56	
945,909	-205,62	
946,115	-167,04	
946,322	-95,14	
946,529	-181,07	
946,736	108,29	
946,942	-291,56	
947,149	-503,76	
947,356	-116,18	
947,562	-514,28	
947,769	311,72	
947,976	59,19	
948,182	166,17	
948,389	73,22	
948,595	192,47	
948,802	118,81	
949,008	-344,17	
949,215	-24,99	
949,421	-530,06	
949,628	-245,96	
949,834	-146	
950,04	113,55	
950,247	-333,65	
950,453	-252,98	
950,659	-433,61	
950,865	-384,5	
951,072	-198,61	
951,278	24,11	
951,484	-307,34	
951,69	-195,1	
951,896	8,33	
952,103	-105,66	
952,309	87,25	
952,515	-272,27	
952,721	-209,13	
952,927	-110,92	
953,133	-117,94	
953,339	466,05	
953,545	-156,52	
953,751	-377,49	
953,957	-114,43	
954,163	-489,73	
954,369	353,81	
954,574	-144,24	
954,78	-626,52	
954,986	-119,69	
955,192	-33,76	
955,398	17,1	
955,603	-53,05	
955,809	31,13	
956,015	50,42	
956,22	-381	
956,426	-32,01	
956,632	-435,36	
956,837	80,23	
957,043	211,76	
957,248	-631,78	
957,454	-172,3	
957,66	-300,33	
957,865	-312,6	
958,07	159,15	
958,276	218,78	
958,481	-259,99	
958,687	-528,31	
958,892	122,32	
959,097	-161,78	
959,303	-16,22	
959,508	74,97	
959,713	-235,44	
959,919	-210,89	
960,124	-240,7	
960,329	-46,04	
960,534	-228,42	
960,739	55,68	
960,945	1,32	
961,15	-274,02	
961,355	-316,11	
961,56	-347,68	
961,765	-286,3	
961,97	-61,82	
962,175	-103,91	
962,38	74,97	
962,585	-428,35	
962,79	-47,79	
962,995	-500,25	
963,2	-244,21	
963,404	171,43	
963,609	204,75	
963,814	-47,79	
964,019	-21,48	
964,224	-233,68	
964,428	-326,63	
964,633	-531,82	
964,838	-531,82	
965,042	-338,91	
965,247	381,87	
965,452	-712,45	
965,656	67,96	
965,861	-286,3	
966,066	-410,81	
966,27	-435,36	
966,475	-281,03	
966,679	-523,05	
966,884	-458,16	
967,088	-351,18	
967,292	-489,73	
967,497	162,66	
967,701	20,61	
967,906	80,23	
968,11	-212,64	
968,314	-405,55	
968,518	-170,55	
968,723	215,27	
968,927	-249,47	
969,131	-309,09	
969,335	53,93	
969,539	329,26	
969,744	-691,41	
969,948	241,58	
970,152	-286,3	
970,356	-17,98	
970,56	50,42	
970,764	-375,74	
970,968	-84,62	
971,172	190,72	
971,376	164,41	
971,58	120,57	
971,784	-144,24	
971,988	208,26	
972,192	-33,76	
972,395	192,47	
972,599	-381	
972,803	104,79	
973,007	-28,5	
973,21	-75,85	
973,414	24,11	
973,618	-263,5	
973,822	-188,09	
974,025	341,54	
974,229	53,93	
974,432	-70,59	
974,636	-91,63	
974,84	-19,73	
975,043	-179,32	
975,247	283,67	
975,45	-416,07	
975,654	-482,71	
975,857	-54,8	
976,06	-147,75	
976,264	31,13	
976,467	-288,05	
976,671	-167,04	
976,874	-174,06	
977,077	-307,34	
977,28	-105,66	
977,484	-591,44	
977,687	-177,56	
977,89	208,26	
978,093	-177,56	
978,297	-160,03	
978,5	-119,69	
978,703	210,01	
978,906	-77,6	
979,109	-179,32	
979,312	-233,68	
979,515	208,26	
979,718	-79,36	
979,921	-44,28	
980,124	-284,54	
980,327	108,29	
980,53	-396,78	
980,733	-158,27	
980,936	217,02	
981,138	-28,5	
981,341	164,41	
981,544	-217,9	
981,747	-119,69	
981,949	-296,82	
982,152	117,06	
982,355	-32,01	
982,558	-68,83	
982,76	-493,24	
982,963	-214,39	
983,165	-523,05	
983,368	-337,15	
983,571	-226,67	
983,773	-17,98	
983,976	276,65	
984,178	-161,78	
984,381	1,32	
984,583	-28,5	
984,785	-309,09	
984,988	-77,6	
985,19	113,55	
985,392	-254,73	
985,595	271,39	
985,797	-384,5	
985,999	-244,21	
986,202	22,36	
986,404	-238,95	
986,606	129,34	
986,808	194,23	
987,01	-72,34	
987,212	190,72	
987,415	-174,06	
987,617	-340,66	
987,819	-116,18	
988,021	378,37	
988,223	204,75	
988,425	-212,64	
988,627	-466,93	
988,829	-24,99	
989,031	81,99	
989,232	197,73	
989,434	-554,62	
989,636	210,01	
989,838	-263,5	
990,04	115,31	
990,242	-26,74	
990,443	-465,18	
990,645	60,94	
990,847	-217,9	
991,048	-81,11	
991,25	-528,31	
991,452	-95,14	
991,653	-312,6	
991,855	-549,35	
992,057	-70,59	
992,258	-368,72	
992,46	231,05	
992,661	-151,26	
992,863	-14,47	
993,064	187,21	
993,265	-382,75	
993,467	-188,09	
993,668	87,25	
993,87	236,31	
994,071	-186,33	
994,272	-67,08	
994,473	-184,58	
994,675	-358,2	
994,876	-540,59	
995,077	-161,78	
995,278	139,86	
995,48	76,73	
995,681	-300,33	
995,882	-23,24	
996,083	-96,89	
996,284	-138,98	
996,485	-233,68	
996,686	99,52	
996,887	-39,02	
997,088	-142,49	
997,289	60,94	
997,49	45,16	
997,691	-47,79	
997,892	20,61	
998,092	-456,41	
998,293	125,83	
998,494	-235,44	
998,695	-138,98	
998,896	-5,7	
999,096	-121,45	
999,297	-444,13	
999,498	-235,44	
999,698	-384,5	
999,899	-124,95	
1000,1	-449,39	
1000,3	-502	
1000,501	-140,74	
1000,701	-181,07	
1000,902	-237,19	
1001,102	295,94	
1001,303	-172,3	
1001,503	-19,73	
1001,704	-135,48	
1001,904	183,7	
1002,105	-205,62	
1002,305	-32,01	
1002,505	-430,1	
1002,706	-779,09	
1002,906	-500,25	
1003,106	-470,44	
1003,306	-119,69	
1003,507	-126,71	
1003,707	-44,28	
1003,907	-109,17	
1004,107	-100,4	
1004,307	131,09	
1004,507	-310,85	
1004,707	-95,14	
1004,907	-386,26	
1005,107	-105,66	
1005,308	-39,02	
1005,507	-505,51	
1005,707	-452,9	
1005,907	-216,15	
1006,107	-121,45	
1006,307	-200,36	
1006,507	-51,3	
1006,707	-168,8	
1006,907	236,31	
1007,106	66,2	
1007,306	-14,47	
1007,506	150,38	
1007,706	-124,95	
1007,905	-340,66	
1008,105	-116,18	
1008,305	-37,27	
1008,504	-452,9	
1008,704	134,6	
1008,903	-533,57	
1009,103	83,74	
1009,303	-81,11	
1009,502	-291,56	
1009,702	71,46	
1009,901	-12,71	
1010,1	-226,67	
1010,3	-221,41	
1010,499	-67,08	
1010,699	-209,13	
1010,898	-486,22	
1011,097	-249,47	
1011,296	-302,08	
1011,496	132,84	
1011,695	345,05	
1011,894	-323,12	
1012,093	-3,95	
1012,293	-528,31	
1012,492	-19,73	
1012,691	-310,85	
1012,89	-216,15	
1013,089	-354,69	
1013,288	136,35	
1013,487	-310,85	
1013,686	-207,38	
1013,885	-296,82	
1014,084	-203,87	
1014,283	-102,15	
1014,482	-316,11	
1014,681	-263,5	
1014,88	-277,53	
1015,078	74,97	
1015,277	34,64	
1015,476	-89,88	
1015,675	-210,89	
1015,873	-39,02	
1016,072	-649,32	
1016,271	64,45	
1016,47	-163,53	
1016,668	-65,33	
1016,867	-407,3	
1017,065	-133,72	
1017,264	-261,74	
1017,463	-396,78	
1017,661	13,59	
1017,86	-303,83	
1018,058	57,43	
1018,256	-351,18	
1018,455	-586,18	
1018,653	-82,86	
1018,852	-81,11	
1019,05	-409,06	
1019,248	253,85	
1019,447	-410,81	
1019,645	-51,3	
1019,843	-277,53	
1020,041	-642,3	
1020,24	-395,03	
1020,438	-3,95	
1020,636	-274,02	
1020,834	-316,11	
1021,032	27,62	
1021,23	-302,08	
1021,428	-256,48	
1021,626	-54,8	
1021,824	53,93	
1022,022	-419,58	
1022,22	-658,09	
1022,418	-249,47	
1022,616	-138,98	
1022,814	-435,36	
1023,012	-33,76	
1023,21	-317,86	
1023,408	357,32	
1023,606	-419,58	
1023,803	-426,59	
1024,001	176,69	
1024,199	-186,33	
1024,397	-96,89	
1024,594	190,72	
1024,792	-103,91	
1024,99	-240,7	
1025,187	73,22	
1025,385	201,24	
1025,582	-559,88	
1025,78	-93,39	
1025,977	-414,32	
1026,175	-17,98	
1026,372	-410,81	
1026,57	-251,22	
1026,767	448,52	
1026,965	-237,19	
1027,162	-687,9	
1027,359	-3,95	
1027,557	-170,55	
1027,754	-321,37	
1027,951	15,35	
1028,148	-219,65	
1028,346	160,9	
1028,543	-137,23	
1028,74	-335,4	
1028,937	-124,95	
1029,134	-81,11	
1029,331	-233,68	
1029,528	-3,95	
1029,725	138,11	
1029,923	-86,37	
1030,12	308,22	
1030,317	-340,66	
1030,513	59,19	
1030,71	-575,66	
1030,907	-147,75	
1031,104	53,93	
1031,301	-382,75	
1031,498	-224,92	
1031,695	-409,06	
1031,892	-633,53	
1032,088	-316,11	
1032,285	-326,63	
1032,482	-251,22	
1032,678	-407,3	
1032,875	-17,98	
1033,072	306,46	
1033,268	-224,92	
1033,465	64,45	
1033,662	67,96	
1033,858	-46,04	
1034,055	-49,54	
1034,251	-482,71	
1034,448	46,91	
1034,644	-175,81	
1034,84	-126,71	
1035,037	-153,01	
1035,233	-549,35	
1035,43	-379,24	
1035,626	-535,32	
1035,822	-349,43	
1036,019	-40,77	
1036,215	62,7	
1036,411	-230,18	
1036,607	-533,57	
1036,803	-219,65	
1037	-286,3	
1037,196	436,24	
1037,392	-486,22	
1037,588	15,35	
1037,784	59,19	
1037,98	-68,83	
1038,176	-324,88	
1038,372	97,77	
1038,568	-451,15	
1038,764	-302,08	
1038,96	-258,24	
1039,156	-379,24	
1039,352	-373,98	
1039,547	-235,44	
1039,743	-510,77	
1039,939	-51,3	
1040,135	-437,12	
1040,331	-491,48	
1040,526	-466,93	
1040,722	-19,73	
1040,918	-463,42	
1041,113	-207,38	
1041,309	-587,94	
1041,505	111,8	
1041,7	-138,98	
1041,896	113,55	
1042,091	-333,65	
1042,287	-44,28	
1042,482	-51,3	
1042,678	-205,62	
1042,873	103,03	
1043,069	-277,53	
1043,264	-35,51	
1043,459	-10,96	
1043,655	-340,66	
1043,85	-172,3	
1044,045	-722,97	
1044,24	-370,47	
1044,436	-547,6	
1044,631	-105,66	
1044,826	-231,93	
1045,021	-231,93	
1045,216	-231,93	
