couleur : vert
angle source :0
angle capteur :30
source : 6500K
FLMT02171_1:101		
194,658	-1865,53	
194,923	-1865,53	
195,188	-1865,53	
195,453	-1909,37	
195,717	-125,83	
195,982	554,62	
196,247	107,42	
196,512	-262,62	
196,777	-125,83	
197,042	-69,71	
197,307	116,18	
197,572	72,34	
197,837	-67,96	
198,101	-332,77	
198,366	42,53	
198,631	68,83	
198,896	-103,03	
199,161	454,65	
199,425	-429,22	
199,69	281,03	
199,955	-90,76	
200,22	-43,4	
200,484	-757,17	
200,749	-132,84	
201,014	35,51	
201,278	-294,19	
201,543	494,99	
201,807	-266,13	
202,072	263,5	
202,337	340,66	
202,601	245,96	
202,866	-481,84	
203,13	-385,38	
203,395	-257,36	
203,659	233,68	
203,924	-280,16	
204,189	23,24	
204,453	-38,14	
204,717	-295,94	
204,982	244,21	
205,246	21,48	
205,511	310,85	
205,775	-8,33	
206,04	91,63	
206,304	-259,11	
206,568	-139,86	
206,833	-316,99	
207,097	84,62	
207,361	-59,19	
207,626	-202,99	
207,89	53,05	
208,154	105,66	
208,419	196,86	
208,683	-120,57	
208,947	95,14	
209,211	233,68	
209,476	168,8	
209,74	189,84	
210,004	751,03	
210,268	209,13	
210,532	566,89	
210,796	228,42	
211,061	-290,68	
211,325	67,08	
211,589	484,47	
211,853	365,21	
212,117	9,21	
212,381	377,49	
212,645	124,95	
212,909	231,93	
213,173	32,01	
213,437	-246,84	
213,701	438,87	
213,965	179,32	
214,229	372,23	
214,493	205,62	
214,757	3,95	
215,021	-215,27	
215,285	138,98	
215,549	-339,78	
215,813	-25,87	
216,077	103,91	
216,34	124,95	
216,604	172,3	
216,868	-187,21	
217,132	-285,42	
217,396	270,51	
217,659	67,08	
217,923	377,49	
218,187	-204,75	
218,451	202,12	
218,714	135,48	
218,978	121,45	
219,242	456,41	
219,505	277,53	
219,769	-97,77	
220,033	265,25	
220,296	265,25	
220,56	238,95	
220,824	107,42	
221,087	298,57	
221,351	-6,58	
221,614	-111,8	
221,878	-441,5	
222,142	156,52	
222,405	110,92	
222,669	-227,55	
222,932	-52,17	
223,196	274,02	
223,459	272,27	
223,722	116,18	
223,986	-131,09	
224,249	275,77	
224,513	186,33	
224,776	-234,56	
225,04	-43,4	
225,303	-345,05	
225,566	240,7	
225,83	300,33	
226,093	149,51	
226,356	-160,9	
226,62	473,94	
226,883	-376,61	
227,146	-245,08	
227,409	-292,43	
227,673	565,14	
227,936	-243,33	
228,199	167,04	
228,462	333,65	
228,725	131,97	
228,989	146	
229,252	142,49	
229,515	-34,64	
229,778	184,58	
230,041	284,54	
230,304	-343,29	
230,567	-190,72	
230,83	32,01	
231,093	30,25	
231,356	82,86	
231,619	-132,84	
231,882	-171,43	
232,145	-81,99	
232,408	-173,18	
232,671	-83,74	
232,934	-231,05	
233,197	110,92	
233,46	370,47	
233,723	-11,84	
233,986	193,35	
234,249	-259,11	
234,512	123,2	
234,775	91,63	
235,037	124,95	
235,3	-225,79	
235,563	698,42	
235,826	265,25	
236,089	245,96	
236,351	-38,14	
236,614	112,68	
236,877	114,43	
237,14	-224,04	
237,402	-17,1	
237,665	153,01	
237,928	-66,2	
238,19	-250,34	
238,453	235,44	
238,716	549,35	
238,978	-52,17	
239,241	-22,36	
239,503	93,39	
239,766	121,45	
240,029	244,21	
240,291	-134,6	
240,554	326,63	
240,816	160,03	
241,079	233,68	
241,341	32,01	
241,604	-553,74	
241,866	-197,73	
242,129	-266,13	
242,391	138,98	
242,653	-60,94	
242,916	151,26	
243,178	-192,47	
243,441	214,39	
243,703	144,24	
243,965	-36,39	
244,228	535,32	
244,49	-29,37	
244,752	68,83	
245,015	163,53	
245,277	-210,01	
245,539	-373,11	
245,801	-378,37	
246,064	277,53	
246,326	258,24	
246,588	-181,95	
246,85	466,93	
247,112	-280,16	
247,374	153,01	
247,637	-129,34	
247,899	-430,98	
248,161	279,28	
248,423	-66,2	
248,685	361,71	
248,947	324,88	
249,209	461,67	
249,471	-97,77	
249,733	-222,28	
249,995	-141,61	
250,257	-481,84	
250,519	217,9	
250,781	372,23	
251,043	328,39	
251,305	203,87	
251,567	528,31	
251,829	-3,07	
252,091	63,57	
252,353	-167,92	
252,615	-20,61	
252,876	-57,43	
253,138	230,18	
253,4	-48,67	
253,662	-129,34	
253,924	-658,96	
254,185	42,53	
254,447	-69,71	
254,709	431,86	
254,971	-117,06	
255,232	74,09	
255,494	575,66	
255,756	28,5	
256,017	-327,51	
256,279	-488,85	
256,541	-127,58	
256,802	81,11	
257,064	-104,79	
257,326	-215,27	
257,587	58,31	
257,849	182,83	
258,11	135,48	
258,372	-206,5	
258,633	167,04	
258,895	510,77	
259,156	505,51	
259,418	58,31	
259,679	258,24	
259,941	309,09	
260,202	228,42	
260,464	-129,34	
260,725	30,25	
260,987	165,29	
261,248	60,07	
261,509	198,61	
261,771	153,01	
262,032	100,4	
262,293	398,53	
262,555	146	
262,816	226,67	
263,077	-136,35	
263,338	-190,72	
263,6	-532,69	
263,861	-455,53	
264,122	188,09	
264,383	26,74	
264,645	-290,68	
264,906	-136,35	
265,167	-178,44	
265,428	0,44	
265,689	-210,01	
265,95	391,52	
266,211	100,4	
266,473	-250,34	
266,734	-118,81	
266,995	56,56	
267,256	126,71	
267,517	128,46	
267,778	40,77	
268,039	-3,07	
268,3	491,48	
268,561	63,57	
268,822	-138,11	
269,083	217,9	
269,344	-152,14	
269,604	256,48	
269,865	-385,38	
270,126	209,13	
270,387	116,18	
270,648	-601,09	
270,909	-383,63	
271,17	123,2	
271,43	368,72	
271,691	240,7	
271,952	-53,93	
272,213	-145,12	
272,473	-373,11	
272,734	261,74	
272,995	-341,54	
273,256	-551,99	
273,516	-197,73	
273,777	-108,29	
274,038	-215,27	
274,298	223,16	
274,559	47,79	
274,82	-160,9	
275,08	-138,11	
275,341	-583,55	
275,601	-434,49	
275,862	-192,47	
276,122	302,08	
276,383	-46,91	
276,643	347,68	
276,904	161,78	
277,164	447,64	
277,425	519,54	
277,685	-78,48	
277,946	89,88	
278,206	-318,74	
278,467	21,48	
278,727	561,63	
278,987	137,23	
279,248	256,48	
279,508	82,86	
279,768	-132,84	
280,029	28,5	
280,289	-39,9	
280,549	-4,82	
280,81	39,02	
281,07	407,3	
281,33	-322,25	
281,59	587,94	
281,851	75,85	
282,111	-81,99	
282,371	386,26	
282,631	-27,62	
282,891	-234,56	
283,151	-157,4	
283,412	54,8	
283,672	28,5	
283,932	179,32	
284,192	-260,87	
284,452	-183,7	
284,712	259,99	
284,972	102,15	
285,232	475,7	
285,492	67,08	
285,752	186,33	
286,012	88,12	
286,272	-509,9	
286,532	326,63	
286,792	163,53	
287,052	-194,23	
287,312	-110,05	
287,571	68,83	
287,831	-96,02	
288,091	209,13	
288,351	-415,19	
288,611	-436,24	
288,871	-129,34	
289,13	-183,7	
289,39	228,42	
289,65	49,54	
289,91	540,59	
290,17	384,5	
290,429	-101,28	
290,689	51,3	
290,949	224,92	
291,208	-115,31	
291,468	-287,17	
291,728	65,33	
291,987	-408,18	
292,247	-83,74	
292,506	658,09	
292,766	133,72	
293,026	-8,33	
293,285	-94,26	
293,545	245,96	
293,804	-136,35	
294,064	400,29	
294,323	53,05	
294,583	-208,26	
294,842	-364,34	
295,102	254,73	
295,361	523,05	
295,621	223,16	
295,88	275,77	
296,139	-150,38	
296,399	191,59	
296,658	146	
296,917	-399,41	
297,177	-46,91	
297,436	633,53	
297,695	135,48	
297,955	491,48	
298,214	-220,53	
298,473	96,89	
298,732	5,7	
298,992	212,64	
299,251	-41,65	
299,51	-46,91	
299,769	207,38	
300,028	-325,75	
300,287	61,82	
300,547	-441,5	
300,806	167,04	
301,065	-534,45	
301,324	138,98	
301,583	91,63	
301,842	238,95	
302,101	102,15	
302,36	298,57	
302,619	438,87	
302,878	302,08	
303,137	88,12	
303,396	-271,39	
303,655	310,85	
303,914	244,21	
304,173	39,02	
304,432	202,12	
304,691	-373,11	
304,95	265,25	
305,208	298,57	
305,467	-288,93	
305,726	-599,34	
305,985	-80,23	
306,244	-87,25	
306,503	-18,85	
306,761	154,77	
307,02	-338,03	
307,279	272,27	
307,537	251,22	
307,796	-446,76	
308,055	-164,41	
308,314	-17,1	
308,572	263,5	
308,831	-245,08	
309,09	356,44	
309,348	303,83	
309,607	-96,02	
309,865	300,33	
310,124	537,08	
310,382	147,75	
310,641	-60,94	
310,9	-355,57	
311,158	267	
311,417	93,39	
311,675	-224,04	
311,933	-201,24	
312,192	251,22	
312,45	-262,62	
312,709	-74,97	
312,967	417,83	
313,226	454,65	
313,484	-262,62	
313,742	184,58	
314,001	-25,87	
314,259	363,46	
314,517	256,48	
314,776	-194,23	
315,034	-8,33	
315,292	72,34	
315,55	267	
315,809	-260,87	
316,067	44,28	
316,325	-150,38	
316,583	181,07	
316,841	-378,37	
317,1	252,98	
317,358	184,58	
317,616	-334,52	
317,874	-59,19	
318,132	144,24	
318,39	386,26	
318,648	282,79	
318,906	79,36	
319,164	-218,78	
319,422	-281,91	
319,68	-290,68	
319,938	-145,12	
320,196	-57,43	
320,454	7,45	
320,712	-210,01	
320,97	-71,46	
321,228	-131,09	
321,486	-301,2	
321,744	-83,74	
322,002	-199,49	
322,26	189,84	
322,517	30,25	
322,775	-213,52	
323,033	-213,52	
323,291	2,19	
323,549	-59,19	
323,806	-92,51	
324,064	107,42	
324,322	103,91	
324,58	96,89	
324,837	-316,99	
325,095	-248,59	
325,353	426,59	
325,61	3,95	
325,868	259,99	
326,126	-220,53	
326,383	310,85	
326,641	-202,99	
326,898	-201,24	
327,156	196,86	
327,413	153,01	
327,671	19,73	
327,928	-55,68	
328,186	170,55	
328,443	-132,84	
328,701	123,2	
328,958	-553,74	
329,216	63,57	
329,473	121,45	
329,731	-195,98	
329,988	282,79	
330,245	-104,79	
330,503	-206,5	
330,76	2,19	
331,017	-13,59	
331,275	44,28	
331,532	74,09	
331,789	345,92	
332,047	75,85	
332,304	-104,79	
332,561	644,06	
332,818	-4,82	
333,076	124,95	
333,333	102,15	
333,59	161,78	
333,847	270,51	
334,104	307,34	
334,361	347,68	
334,618	-152,14	
334,876	281,03	
335,133	-274,9	
335,39	21,48	
335,647	-355,57	
335,904	-187,21	
336,161	-501,13	
336,418	-55,68	
336,675	-139,86	
336,932	82,86	
337,189	307,34	
337,446	100,4	
337,703	277,53	
337,96	116,18	
338,216	-192,47	
338,473	-269,64	
338,73	-211,76	
338,987	-117,06	
339,244	-292,43	
339,501	205,62	
339,757	-348,55	
340,014	-360,83	
340,271	-36,39	
340,528	61,82	
340,785	296,82	
341,041	-81,99	
341,298	100,4	
341,555	-94,26	
341,811	-409,93	
342,068	205,62	
342,325	-81,99	
342,581	-60,94	
342,838	286,3	
343,094	437,12	
343,351	-334,52	
343,608	-208,26	
343,864	209,13	
344,121	-118,81	
344,377	44,28	
344,634	580,92	
344,89	-36,39	
345,147	-297,7	
345,403	-27,62	
345,66	61,82	
345,916	-381,87	
346,172	-129,34	
346,429	279,28	
346,685	53,05	
346,942	-87,25	
347,198	-267,88	
347,454	-260,87	
347,711	-62,7	
347,967	-57,43	
348,223	-162,66	
348,48	-52,17	
348,736	-97,77	
348,992	-55,68	
349,248	3,95	
349,504	3,95	
349,761	16,22	
350,017	-13,59	
350,273	-238,07	
350,529	-309,97	
350,785	188,09	
351,041	-485,34	
351,297	0,44	
351,554	-167,92	
351,81	-599,34	
352,066	77,6	
352,322	-83,74	
352,578	701,93	
352,834	-48,67	
353,09	261,74	
353,346	-52,17	
353,602	42,53	
353,858	-406,43	
354,114	-80,23	
354,369	-29,37	
354,625	-29,37	
354,881	-245,08	
355,137	67,08	
355,393	-467,81	
355,649	-304,71	
355,905	-318,74	
356,16	-136,35	
356,416	117,94	
356,672	-183,7	
356,928	-99,52	
357,183	89,88	
357,439	-376,61	
357,695	-20,61	
357,951	-252,1	
358,206	74,09	
358,462	147,75	
358,718	-117,06	
358,973	137,23	
359,229	-20,61	
359,484	-32,88	
359,74	-266,13	
359,996	-29,37	
360,251	61,82	
360,507	-185,46	
360,762	-25,87	
361,018	235,44	
361,273	17,98	
361,529	-322,25	
361,784	370,47	
362,04	-243,33	
362,295	30,25	
362,55	-495,87	
362,806	133,72	
363,061	277,53	
363,316	-225,79	
363,572	370,47	
363,827	-162,66	
364,082	386,26	
364,338	-11,84	
364,593	-266,13	
364,848	344,17	
365,104	-343,29	
365,359	-45,16	
365,614	-232,81	
365,869	165,29	
366,124	-94,26	
366,38	158,27	
366,635	317,86	
366,89	63,57	
367,145	79,36	
367,4	121,45	
367,655	54,8	
367,91	-566,02	
368,165	17,98	
368,42	-18,85	
368,675	146	
368,93	-59,19	
369,185	349,43	
369,44	-74,97	
369,695	82,86	
369,95	-94,26	
370,205	-155,64	
370,46	14,47	
370,715	149,51	
370,97	67,08	
371,225	370,47	
371,48	312,6	
371,734	-55,68	
371,989	-39,9	
372,244	-541,46	
372,499	95,14	
372,754	293,31	
373,008	-672,99	
373,263	-85,49	
373,518	358,2	
373,773	-134,6	
374,027	-157,4	
374,282	32,01	
374,537	98,65	
374,791	291,56	
375,046	60,07	
375,301	324,88	
375,555	205,62	
375,81	-192,47	
376,064	-78,48	
376,319	174,06	
376,573	-145,12	
376,828	-485,34	
377,082	-394,15	
377,337	228,42	
377,591	-304,71	
377,846	-306,46	
378,1	235,44	
378,355	193,35	
378,609	461,67	
378,863	-208,26	
379,118	167,04	
379,372	-197,73	
379,627	198,61	
379,881	172,3	
380,135	244,21	
380,389	-301,2	
380,644	-322,25	
380,898	395,03	
381,152	-366,09	
381,407	-259,11	
381,661	165,29	
381,915	375,74	
382,169	188,09	
382,423	-27,62	
382,677	-252,1	
382,932	328,39	
383,186	-18,85	
383,44	-234,56	
383,694	-504,63	
383,948	-125,83	
384,202	102,15	
384,456	89,88	
384,71	-215,27	
384,964	-195,98	
385,218	231,93	
385,472	198,61	
385,726	140,74	
385,98	121,45	
386,234	-101,28	
386,488	-276,65	
386,742	54,8	
386,996	302,08	
387,249	124,95	
387,503	507,27	
387,757	-162,66	
388,011	24,99	
388,265	172,3	
388,518	-125,83	
388,772	-4,82	
389,026	74,09	
389,28	-1,32	
389,533	-60,94	
389,787	161,78	
390,041	-43,4	
390,295	-502,88	
390,548	-108,29	
390,802	-169,67	
391,055	161,78	
391,309	281,03	
391,563	-236,31	
391,816	153,01	
392,07	256,48	
392,323	228,42	
392,577	228,42	
392,83	247,71	
393,084	-234,56	
393,337	-85,49	
393,591	514,28	
393,844	-169,67	
394,098	-15,35	
394,351	-211,76	
394,604	407,3	
394,858	40,77	
395,111	-48,67	
395,364	53,05	
395,618	56,56	
395,871	-174,93	
396,124	417,83	
396,378	238,95	
396,631	310,85	
396,884	656,33	
397,137	593,2	
397,391	181,07	
397,644	186,33	
397,897	587,94	
398,15	381	
398,403	468,68	
398,657	63,57	
398,91	163,53	
399,163	-329,26	
399,416	2,19	
399,669	-308,22	
399,922	-31,13	
400,175	75,85	
400,428	21,48	
400,681	-408,18	
400,934	-213,52	
401,187	110,92	
401,44	-111,8	
401,693	70,59	
401,946	224,92	
402,199	303,83	
402,452	316,11	
402,704	-87,25	
402,957	95,14	
403,21	7,45	
403,463	-257,36	
403,716	-452,02	
403,969	9,21	
404,221	-8,33	
404,474	189,84	
404,727	54,8	
404,98	331,89	
405,232	149,51	
405,485	-143,37	
405,738	53,05	
405,99	-553,74	
406,243	149,51	
406,496	-488,85	
406,748	-15,35	
407,001	12,71	
407,253	-164,41	
407,506	-8,33	
407,759	261,74	
408,011	-160,9	
408,264	354,69	
408,516	342,42	
408,769	372,23	
409,021	244,21	
409,274	175,81	
409,526	324,88	
409,778	53,05	
410,031	424,84	
410,283	424,84	
410,536	-3,07	
410,788	-124,08	
411,04	212,64	
411,293	-155,64	
411,545	-74,97	
411,797	-478,33	
412,049	251,22	
412,302	244,21	
412,554	-304,71	
412,806	517,79	
413,058	147,75	
413,311	347,68	
413,563	17,98	
413,815	128,46	
414,067	249,47	
414,319	610,74	
414,571	-278,4	
414,823	33,76	
415,075	247,71	
415,328	51,3	
415,58	109,17	
415,832	-148,63	
416,084	400,29	
416,336	356,44	
416,588	19,73	
416,84	-89	
417,091	316,11	
417,343	228,42	
417,595	161,78	
417,847	3,95	
418,099	226,67	
418,351	217,9	
418,603	-345,05	
418,855	-76,73	
419,106	191,59	
419,358	479,21	
419,61	21,48	
419,862	291,56	
420,114	21,48	
420,365	381	
420,617	51,3	
420,869	561,63	
421,12	-264,37	
421,372	438,87	
421,624	289,8	
421,875	359,95	
422,127	533,57	
422,379	373,98	
422,63	370,47	
422,882	352,94	
423,133	310,85	
423,385	228,42	
423,636	307,34	
423,888	196,86	
424,139	416,07	
424,391	275,77	
424,642	-313,48	
424,894	228,42	
425,145	526,56	
425,396	167,04	
425,648	261,74	
425,899	-131,09	
426,151	335,4	
426,402	281,03	
426,653	-139,86	
426,905	146	
427,156	542,34	
427,407	259,99	
427,658	600,21	
427,91	533,57	
428,161	137,23	
428,412	37,27	
428,663	477,45	
428,914	30,25	
429,166	17,98	
429,417	654,58	
429,668	188,09	
429,919	621,26	
430,17	345,92	
430,421	552,86	
430,672	170,55	
430,923	-150,38	
431,174	349,43	
431,425	212,64	
431,676	91,63	
431,927	366,97	
432,178	626,52	
432,429	105,66	
432,68	647,56	
432,931	680,88	
433,182	493,24	
433,433	121,45	
433,683	-283,67	
433,934	377,49	
434,185	526,56	
434,436	791,37	
434,687	433,61	
434,937	584,43	
435,188	551,11	
435,439	779,09	
435,69	274,02	
435,94	835,21	
436,191	377,49	
436,442	651,07	
436,692	1024,61	
436,943	1045,66	
437,194	593,2	
437,444	817,67	
437,695	779,09	
437,945	456,41	
438,196	512,53	
438,447	822,94	
438,697	563,38	
438,948	351,18	
439,198	431,86	
439,449	719,47	
439,699	724,73	
439,949	1005,32	
440,2	673,87	
440,45	689,65	
440,701	696,67	
440,951	433,61	
441,201	1068,46	
441,452	1042,15	
441,702	1036,89	
441,952	601,97	
442,203	1052,67	
442,453	826,44	
442,703	900,1	
442,953	368,72	
443,204	561,63	
443,454	1000,06	
443,704	1378,87	
443,954	815,92	
444,204	1306,96	
444,455	1129,84	
444,705	1254,35	
444,955	1289,43	
445,205	1033,38	
445,455	1240,32	
445,705	1343,79	
445,955	1256,11	
446,205	1101,78	
446,455	1457,79	
446,705	1277,15	
446,955	1373,61	
447,205	1003,57	
447,455	1477,08	
447,705	1189,46	
447,955	1291,18	
448,205	1736,63	
448,454	1624,39	
448,704	1289,43	
448,954	1570,02	
449,204	1221,03	
449,454	1720,84	
449,704	1478,83	
449,953	1512,15	
450,203	1883,94	
450,453	1806,78	
450,703	1278,9	
450,952	1677	
451,202	1980,4	
451,452	1349,05	
451,701	1443,76	
451,951	2183,83	
452,201	1754,16	
452,45	2138,23	
452,7	1794,5	
452,949	1834,84	
453,199	2022,48	
453,448	1627,9	
453,698	1733,12	
453,947	2020,73	
454,197	1506,89	
454,446	2148,75	
454,696	1750,66	
454,945	1841,85	
455,195	1859,39	
455,444	2157,52	
455,693	2545,1	
455,943	1987,41	
456,192	1934,8	
456,442	1848,87	
456,691	1997,93	
456,94	1585,81	
457,189	2222,41	
457,439	1880,43	
457,688	1650,69	
457,937	1585,81	
458,186	1659,46	
458,436	1982,15	
458,685	1687,52	
458,934	1787,49	
459,183	1736,63	
459,432	2029,5	
459,681	1633,16	
459,93	1896,22	
460,179	1940,06	
460,429	1713,83	
460,678	1580,55	
460,927	1403,42	
461,176	1748,9	
461,425	1748,9	
461,674	1678,75	
461,923	1349,05	
462,172	1820,81	
462,42	1577,04	
462,669	1180,7	
462,918	1268,38	
463,167	2085,62	
463,416	1913,75	
463,665	1371,85	
463,914	1450,77	
464,162	1147,38	
464,411	1938,31	
464,66	1712,08	
464,909	1577,04	
465,158	1298,2	
465,406	1668,23	
465,655	1394,65	
465,904	1280,66	
466,152	1312,23	
466,401	1610,36	
466,65	1333,27	
466,898	1249,09	
467,147	1201,74	
467,395	1662,97	
467,644	1513,9	
467,893	1399,91	
468,141	1557,75	
468,39	1433,23	
468,638	1035,14	
468,887	1477,08	
469,135	1328,01	
469,384	1568,27	
469,632	1636,67	
469,88	1485,84	
470,129	1359,58	
470,377	1320,99	
470,626	1047,41	
470,874	1100,02	
471,122	1550,73	
471,371	1477,08	
471,619	1093,01	
471,867	907,11	
472,115	1154,39	
472,364	1066,7	
472,612	1086	
472,86	933,42	
473,108	1492,86	
473,356	1121,07	
473,605	1010,58	
473,853	1378,87	
474,101	877,3	
474,349	1575,28	
474,597	1473,57	
474,845	1312,23	
475,093	1064,95	
475,341	1056,18	
475,589	1819,05	
475,837	1305,21	
476,085	1042,15	
476,333	1494,61	
476,581	1068,46	
476,829	1492,86	
477,077	1382,37	
477,325	1166,67	
477,573	1003,57	
477,821	1114,05	
478,069	1091,26	
478,317	1301,7	
478,564	819,43	
478,812	1199,99	
479,06	1031,63	
479,308	1117,56	
479,555	1198,23	
479,803	1484,09	
480,051	719,47	
480,299	1445,51	
480,546	900,1	
480,794	1666,48	
481,042	1285,92	
481,289	1492,86	
481,537	1094,76	
481,784	1328,01	
482,032	1573,53	
482,28	1762,93	
482,527	968,5	
482,775	1045,66	
483,022	1001,82	
483,27	1675,25	
483,517	1128,08	
483,765	1456,03	
484,012	1536,7	
484,259	1245,58	
484,507	1147,38	
484,754	1561,25	
485,002	1296,44	
485,249	1505,14	
485,496	1156,14	
485,744	1829,58	
485,991	1541,96	
486,238	1045,66	
486,486	1503,38	
486,733	1645,43	
486,98	1834,84	
487,227	2104,91	
487,474	1666,48	
487,722	1117,56	
487,969	1306,96	
488,216	1636,67	
488,463	1890,96	
488,71	1485,84	
488,957	1506,89	
489,204	2085,62	
489,451	1513,9	
489,699	1882,19	
489,946	1803,27	
490,193	2052,3	
490,44	1720,84	
490,687	2027,75	
490,934	1755,92	
491,18	2020,73	
491,427	2324,13	
491,674	1563,01	
491,921	1757,67	
492,168	1636,67	
492,415	1778,72	
492,662	1426,22	
492,909	1999,69	
493,155	1815,55	
493,402	2071,59	
493,649	1317,49	
493,896	1570,02	
494,142	2073,34	
494,389	2192,6	
494,636	1731,37	
494,883	1971,63	
495,129	2431,1	
495,376	2415,32	
495,623	1931,29	
495,869	2062,82	
496,116	2062,82	
496,362	2439,87	
496,609	2415,32	
496,855	2457,41	
497,102	1785,73	
497,348	1954,09	
497,595	2687,15	
497,841	1847,11	
498,088	2271,51	
498,334	2429,35	
498,581	2190,84	
498,827	2210,13	
499,074	2503,01	
499,32	2553,86	
499,566	2706,44	
499,813	2492,48	
500,059	2813,42	
500,305	2795,88	
500,552	3108,04	
500,798	2417,07	
501,044	2857,26	
501,29	2487,22	
501,537	3060,69	
501,783	2403,04	
502,029	2906,36	
502,275	2253,98	
502,521	2667,86	
502,767	3274,65	
503,013	3236,06	
503,26	3295,69	
503,506	3046,66	
503,752	2569,65	
503,998	3030,88	
504,244	3134,35	
504,49	3118,56	
504,736	3285,17	
504,982	2741,51	
505,228	3111,55	
505,474	3318,49	
505,72	3818,3	
505,966	2632,78	
506,211	2873,04	
506,457	3485,09	
506,703	4079,61	
506,949	3015,09	
507,195	2916,89	
507,441	3793,75	
507,686	3430,73	
507,932	3744,64	
508,178	3911,25	
508,424	3893,71	
508,669	3742,89	
508,915	3904,23	
509,161	4293,56	
509,406	3856,88	
509,652	3777,96	
509,898	4179,57	
510,143	3874,42	
510,389	3998,93	
510,634	4083,11	
510,88	4449,64	
511,125	3560,5	
511,371	4607,48	
511,616	4367,22	
511,862	4731,99	
512,107	4025,24	
512,353	4484,72	
512,598	4265,5	
512,844	4793,37	
513,089	4838,97	
513,335	4966,99	
513,58	5073,97	
513,825	4567,14	
514,071	4688,15	
514,316	4679,38	
514,561	5226,54	
514,806	5165,16	
515,052	5352,81	
515,297	5224,79	
515,542	4907,36	
515,787	4928,41	
516,033	5610,61	
516,278	5338,78	
516,523	5110,8	
516,768	5168,67	
517,013	5659,71	
517,258	5401,92	
517,503	5956,09	
517,748	5238,82	
517,993	5615,87	
518,238	5938,56	
518,483	5587,81	
518,728	5710,57	
518,973	5914	
519,218	6066,58	
519,463	6035,01	
519,708	6077,1	
519,953	6019,23	
520,198	5661,47	
520,443	6131,47	
520,688	5652,7	
520,933	6326,13	
521,177	6191,09	
521,422	6075,35	
521,667	5847,36	
521,912	6313,85	
522,157	6327,88	
522,401	6143,74	
522,646	6149	
522,891	6361,2	
523,135	6243,7	
523,38	6226,17	
523,625	6562,88	
523,869	6526,05	
524,114	6843,48	
524,358	7110,05	
524,603	6483,96	
524,848	6582,17	
525,092	6231,43	
525,337	6915,38	
525,581	6448,89	
525,826	5978,89	
526,07	7111,8	
526,315	6803,14	
526,559	6962,73	
526,803	6992,55	
527,048	7164,41	
527,292	6759,3	
527,537	7239,82	
527,781	6848,74	
528,025	6675,12	
528,269	6810,16	
528,514	6480,46	
528,758	6664,6	
529,002	6834,71	
529,247	6932,92	
529,491	7288,93	
529,735	6952,21	
529,979	7085,49	
530,223	6718,96	
530,467	6403,29	
530,712	7523,92	
530,956	6776,84	
531,2	6903,11	
531,444	6776,84	
531,688	6562,88	
531,932	7462,54	
532,176	7141,61	
532,42	6408,55	
532,664	6889,08	
532,908	7644,93	
533,152	6748,78	
533,396	7211,76	
533,64	7350,31	
533,884	7096,02	
534,128	6738,26	
534,371	6829,45	
534,615	7004,82	
534,859	6980,27	
535,103	6918,89	
535,347	6750,53	
535,59	6606,73	
535,834	6985,53	
536,078	6850,49	
536,322	6943,44	
536,565	6627,77	
536,809	6569,9	
537,053	6983,78	
537,296	6536,58	
537,54	6306,84	
537,784	6313,85	
538,027	6796,13	
538,271	7322,25	
538,514	6443,63	
538,758	6468,18	
539,001	6664,6	
539,245	6647,06	
539,488	6520,79	
539,732	6876,8	
539,975	6678,63	
540,219	6710,2	
540,462	7034,63	
540,706	6817,17	
540,949	6585,68	
541,192	6766,31	
541,436	6368,22	
541,679	6580,42	
541,922	6096,39	
542,166	6348,93	
542,409	6441,88	
542,652	5703,56	
542,895	6457,66	
543,139	6359,45	
543,382	6685,64	
543,625	6410,31	
543,868	6506,76	
544,111	6178,82	
544,354	6494,49	
544,598	6243,7	
544,841	6043,78	
545,084	6750,53	
545,327	6780,34	
545,57	6341,91	
545,813	5924,53	
546,056	5842,1	
546,299	6189,34	
546,542	6147,25	
546,785	6068,33	
547,028	6564,64	
547,271	6050,79	
547,514	5933,29	
547,756	5985,91	
547,999	5942,06	
548,242	5735,12	
548,485	6031,5	
548,728	5745,65	
548,971	5522,92	
549,213	5928,03	
549,456	5750,91	
549,699	5619,38	
549,942	5643,93	
550,184	5824,56	
550,427	6029,75	
550,67	5594,83	
550,912	5812,29	
551,155	5582,55	
551,398	5600,09	
551,64	5579,04	
551,883	5828,07	
552,125	5175,68	
552,368	5349,3	
552,61	5217,77	
552,853	5659,71	
553,095	5145,87	
553,338	5419,45	
553,58	5088	
553,823	5082,74	
554,065	5451,02	
554,308	5294,94	
554,55	5084,49	
554,792	5456,28	
555,035	5102,03	
555,277	4991,54	
555,519	5033,63	
555,762	4731,99	
556,004	5121,32	
556,246	4628,52	
556,488	5375,61	
556,731	4803,89	
556,973	5056,43	
557,215	4868,78	
557,457	4682,89	
557,699	5077,48	
557,941	4511,02	
558,183	4468,93	
558,426	4363,71	
558,668	4547,85	
558,91	4360,2	
559,152	4812,66	
559,394	4472,44	
559,636	4633,78	
559,878	4084,87	
560,12	4768,82	
560,362	4605,72	
560,604	4828,45	
560,845	4126,96	
561,087	4649,57	
561,329	4795,13	
561,571	4035,76	
561,813	4347,93	
562,055	4909,12	
562,297	4097,14	
562,538	4449,64	
562,78	4512,78	
563,022	4300,58	
563,264	4468,93	
563,505	4612,74	
563,747	3793,75	
563,989	4449,64	
564,23	4149,75	
564,472	4209,38	
564,714	4207,63	
564,955	4377,74	
565,197	4112,93	
565,438	4148	
565,68	3732,37	
565,921	3949,83	
566,163	4100,65	
566,404	4561,88	
566,646	3702,55	
566,887	4167,29	
567,129	4005,95	
567,37	3628,9	
567,612	3649,94	
567,853	4072,59	
568,094	3946,32	
568,336	4384,75	
568,577	4148	
568,818	3604,35	
569,06	4039,27	
569,301	4632,03	
569,542	3851,62	
569,783	3983,15	
570,025	3686,77	
570,266	4360,2	
570,507	4316,36	
570,748	4163,78	
570,989	3823,56	
571,23	3818,3	
571,472	3660,47	
571,713	3951,58	
571,954	3688,52	
572,195	3791,99	
572,436	3951,58	
572,677	3286,92	
572,918	3292,18	
573,159	3406,18	
573,4	3730,61	
573,641	3593,82	
573,882	3646,44	
574,123	3488,6	
574,364	3457,03	
574,604	3606,1	
574,845	3513,15	
575,086	3087	
575,327	3141,36	
575,568	3441,25	
575,809	3153,64	
576,049	3669,23	
576,29	3427,22	
576,531	3648,19	
576,771	2927,41	
577,012	2885,32	
577,253	3104,53	
577,494	3060,69	
577,734	3030,88	
577,975	2359,2	
578,215	3400,91	
578,456	2404,8	
578,697	3032,63	
578,937	2953,71	
579,178	2962,48	
579,418	2613,49	
579,659	2690,65	
579,899	2531,07	
580,14	3251,85	
580,38	3169,42	
580,62	3008,08	
580,861	2983,53	
581,101	2564,39	
581,342	2923,9	
581,582	2799,39	
581,822	2669,61	
582,063	2394,27	
582,303	2755,54	
582,543	2774,83	
582,783	2161,03	
583,024	2471,44	
583,264	2341,66	
583,504	2269,76	
583,744	2453,9	
583,984	2680,13	
584,224	2545,1	
584,465	2999,31	
584,705	2411,81	
584,945	2318,86	
585,185	1477,08	
585,425	2385,51	
585,665	2562,63	
585,905	2301,33	
586,145	2397,78	
586,385	2604,72	
586,625	2680,13	
586,865	2674,87	
587,105	1691,03	
587,345	2389,01	
587,585	2229,42	
587,824	2420,58	
588,064	2106,66	
588,304	2269,76	
588,544	2127,71	
588,784	2466,18	
589,024	2297,82	
589,263	2040,02	
589,503	1790,99	
589,743	2043,53	
589,982	1822,56	
590,222	2401,29	
590,462	1747,15	
590,701	2054,05	
590,941	1843,6	
591,181	2003,19	
591,42	1766,44	
591,66	2132,97	
591,899	1880,43	
592,139	1975,13	
592,378	1370,1	
592,618	1652,45	
592,857	1764,69	
593,097	1648,94	
593,336	2103,16	
593,576	1798,01	
593,815	1959,35	
594,055	1661,22	
594,294	1648,94	
594,533	1883,94	
594,773	1689,28	
595,012	1703,31	
595,251	2238,19	
595,491	2104,91	
595,73	1854,13	
595,969	1782,22	
596,208	1708,57	
596,447	1764,69	
596,687	1838,34	
596,926	1506,89	
597,165	1498,12	
597,404	1699,8	
597,643	1727,86	
597,882	1631,4	
598,121	1249,09	
598,36	1524,43	
598,599	1840,1	
598,838	1766,44	
599,077	1798,01	
599,316	2027,75	
599,555	1734,87	
599,794	1548,98	
600,033	2006,7	
600,272	1759,43	
600,511	1554,24	
600,75	1191,22	
600,989	1848,87	
601,228	1298,2	
601,466	1014,09	
601,705	1584,05	
601,944	1726,11	
602,183	1727,86	
602,422	1452,52	
602,66	1419,2	
602,899	1736,63	
603,138	1424,46	
603,376	1559,5	
603,615	1768,19	
603,854	1724,35	
604,092	1233,31	
604,331	1480,58	
604,569	1573,53	
604,808	1399,91	
605,047	1470,06	
605,285	1340,29	
605,524	1343,79	
605,762	1517,41	
606	1429,73	
606,239	1285,92	
606,477	1505,14	
606,716	1580,55	
606,954	1320,99	
607,193	1192,97	
607,431	1422,71	
607,669	1352,56	
607,908	1489,35	
608,146	1128,08	
608,384	1382,37	
608,622	1389,39	
608,861	1105,29	
609,099	1261,37	
609,337	1133,35	
609,575	1585,81	
609,813	1371,85	
610,052	1271,89	
610,29	831,7	
610,528	984,28	
610,766	877,3	
611,004	686,15	
611,242	1135,1	
611,48	735,25	
611,718	1563,01	
611,956	1007,08	
612,194	919,39	
612,432	1056,18	
612,67	1049,17	
612,908	733,5	
613,146	1110,55	
613,384	1249,09	
613,621	1191,22	
613,859	416,07	
614,097	963,23	
614,335	896,59	
614,573	943,94	
614,811	964,99	
615,048	1033,38	
615,286	742,26	
615,524	1070,21	
615,761	980,77	
615,999	1033,38	
616,237	577,41	
616,474	1385,88	
616,712	545,85	
616,95	1185,96	
617,187	766,82	
617,425	1170,17	
617,662	556,37	
617,9	996,55	
618,137	817,67	
618,375	1086	
618,612	908,87	
618,85	815,92	
619,087	1024,61	
619,325	458,16	
619,562	905,36	
619,799	868,53	
620,037	1135,1	
620,274	1000,06	
620,511	710,7	
620,749	884,32	
620,986	831,7	
621,223	824,69	
621,461	623,01	
621,698	423,09	
621,935	516,03	
622,172	472,19	
622,409	1212,26	
622,647	996,55	
622,884	724,73	
623,121	612,49	
623,358	661,59	
623,595	628,27	
623,832	866,78	
624,069	721,22	
624,306	531,82	
624,543	475,7	
624,78	514,28	
625,017	587,94	
625,254	1063,2	
625,491	621,26	
625,728	410,81	
625,965	882,56	
626,202	659,84	
626,438	608,98	
626,675	861,52	
626,912	461,67	
627,149	673,87	
627,386	943,94	
627,622	509,02	
627,859	845,73	
628,096	1122,82	
628,333	831,7	
628,569	598,46	
628,806	959,73	
629,043	868,53	
629,279	852,75	
629,516	563,38	
629,752	780,85	
629,989	719,47	
630,225	477,45	
630,462	773,83	
630,699	735,25	
630,935	437,12	
631,171	633,53	
631,408	516,03	
631,644	675,62	
631,881	505,51	
632,117	651,07	
632,354	819,43	
632,59	836,97	
632,826	851	
633,063	691,41	
633,299	298,57	
633,535	821,18	
633,771	138,98	
634,008	735,25	
634,244	310,85	
634,48	587,94	
634,716	403,8	
634,953	473,94	
635,189	288,05	
635,425	451,15	
635,661	435,36	
635,897	752,79	
636,133	640,55	
636,369	582,68	
636,605	514,28	
636,841	666,85	
637,077	310,85	
637,313	528,31	
637,549	957,97	
637,785	654,58	
638,021	375,74	
638,257	675,62	
638,493	286,3	
638,729	570,4	
638,965	668,61	
639,2	949,2	
639,436	359,95	
639,672	645,81	
639,908	507,27	
640,144	-15,35	
640,379	644,06	
640,615	559,88	
640,851	509,02	
641,086	226,67	
641,322	393,27	
641,558	463,42	
641,793	295,06	
642,029	808,91	
642,264	-89	
642,5	814,17	
642,736	642,3	
642,971	267	
643,207	426,59	
643,442	202,12	
643,678	908,87	
643,913	910,62	
644,148	49,54	
644,384	614,24	
644,619	722,97	
644,855	465,18	
645,09	589,69	
645,325	473,94	
645,561	54,8	
645,796	235,44	
646,031	451,15	
646,266	-31,13	
646,502	651,07	
646,737	-59,19	
646,972	2,19	
647,207	458,16	
647,442	142,49	
647,678	393,27	
647,913	861,52	
648,148	395,03	
648,383	363,46	
648,618	514,28	
648,853	333,65	
649,088	344,17	
649,323	167,04	
649,558	765,06	
649,793	258,24	
650,028	359,95	
650,263	494,99	
650,498	473,94	
650,733	214,39	
650,968	600,21	
651,202	223,16	
651,437	668,61	
651,672	822,94	
651,907	349,43	
652,142	391,52	
652,376	579,17	
652,611	847,49	
652,846	507,27	
653,081	242,45	
653,315	428,35	
653,55	230,18	
653,785	24,99	
654,019	342,42	
654,254	47,79	
654,488	144,24	
654,723	438,87	
654,958	-99,52	
655,192	193,35	
655,427	214,39	
655,661	472,19	
655,896	545,85	
656,13	540,59	
656,364	535,32	
656,599	167,04	
656,833	314,36	
657,068	330,14	
657,302	298,57	
657,536	658,09	
657,771	21,48	
658,005	459,91	
658,239	-160,9	
658,474	-148,63	
658,708	88,12	
658,942	-6,58	
659,176	601,97	
659,41	596,71	
659,645	561,63	
659,879	163,53	
660,113	14,47	
660,347	814,17	
660,581	617,75	
660,815	221,41	
661,049	-201,24	
661,283	726,48	
661,517	196,86	
661,751	491,48	
661,985	-36,39	
662,219	226,67	
662,453	135,48	
662,687	-181,95	
662,921	-238,07	
663,155	344,17	
663,389	293,31	
663,622	-155,64	
663,856	56,56	
664,09	-13,59	
664,324	217,9	
664,558	67,08	
664,791	98,65	
665,025	-213,52	
665,259	112,68	
665,492	-181,95	
665,726	212,64	
665,96	3,95	
666,193	352,94	
666,427	-101,28	
666,661	347,68	
666,894	-404,67	
667,128	-145,12	
667,361	381	
667,595	156,52	
667,828	447,64	
668,062	212,64	
668,295	-285,42	
668,529	328,39	
668,762	202,12	
668,995	196,86	
669,229	517,79	
669,462	131,97	
669,695	-129,34	
669,929	126,71	
670,162	-136,35	
670,395	-3,07	
670,629	175,81	
670,862	293,31	
671,095	-80,23	
671,328	-138,11	
671,561	160,03	
671,795	126,71	
672,028	323,12	
672,261	-155,64	
672,494	-29,37	
672,727	568,65	
672,96	298,57	
673,193	56,56	
673,426	-41,65	
673,659	126,71	
673,892	249,47	
674,125	72,34	
674,358	302,08	
674,591	-357,32	
674,824	249,47	
675,057	-141,61	
675,29	416,07	
675,523	-97,77	
675,755	400,29	
675,988	373,98	
676,221	-6,58	
676,454	696,67	
676,687	-90,76	
676,919	565,14	
677,152	170,55	
677,385	-48,67	
677,617	-141,61	
677,85	14,47	
678,083	51,3	
678,315	-169,67	
678,548	-266,13	
678,78	-136,35	
679,013	382,75	
679,246	65,33	
679,478	119,69	
679,711	544,09	
679,943	209,13	
680,175	524,8	
680,408	-96,02	
680,64	24,99	
680,873	40,77	
681,105	288,05	
681,338	126,71	
681,57	-96,02	
681,802	247,71	
682,034	-150,38	
682,267	-167,92	
682,499	161,78	
682,731	135,48	
682,964	500,25	
683,196	-117,06	
683,428	414,32	
683,66	119,69	
683,892	637,04	
684,124	-250,34	
684,356	268,76	
684,589	158,27	
684,821	673,87	
685,053	-213,52	
685,285	335,4	
685,517	-197,73	
685,749	289,8	
685,981	302,08	
686,213	-152,14	
686,445	-136,35	
686,676	-381,87	
686,908	107,42	
687,14	-17,1	
687,372	654,58	
687,604	444,13	
687,836	489,73	
688,068	142,49	
688,299	2,19	
688,531	184,58	
688,763	142,49	
688,995	459,91	
689,226	149,51	
689,458	170,55	
689,69	289,8	
689,921	72,34	
690,153	89,88	
690,384	254,73	
690,616	-50,42	
690,848	153,01	
691,079	47,79	
691,311	123,2	
691,542	223,16	
691,774	-101,28	
692,005	154,77	
692,237	694,91	
692,468	-120,57	
692,699	400,29	
692,931	-96,02	
693,162	-55,68	
693,393	-252,1	
693,625	-31,13	
693,856	112,68	
694,087	-57,43	
694,319	175,81	
694,55	267	
694,781	-204,75	
695,012	126,71	
695,243	-262,62	
695,475	393,27	
695,706	670,36	
695,937	-399,41	
696,168	256,48	
696,399	44,28	
696,63	-266,13	
696,861	16,22	
697,092	-150,38	
697,323	153,01	
697,554	86,37	
697,785	358,2	
698,016	37,27	
698,247	-113,55	
698,478	-48,67	
698,709	-148,63	
698,94	-125,83	
699,171	160,03	
699,401	417,83	
699,632	-252,1	
699,863	-41,65	
700,094	-153,89	
700,325	-31,13	
700,555	735,25	
700,786	375,74	
701,017	158,27	
701,247	102,15	
701,478	181,07	
701,709	-13,59	
701,939	167,04	
702,17	363,46	
702,401	314,36	
702,631	309,09	
702,862	-213,52	
703,092	333,65	
703,323	-388,89	
703,553	56,56	
703,784	235,44	
704,014	300,33	
704,244	138,98	
704,475	226,67	
704,705	-111,8	
704,936	237,19	
705,166	186,33	
705,396	-346,8	
705,627	440,62	
705,857	410,81	
706,087	-55,68	
706,317	-222,28	
706,548	-201,24	
706,778	368,72	
707,008	303,83	
707,238	-125,83	
707,468	-36,39	
707,698	-253,85	
707,928	282,79	
708,158	107,42	
708,389	67,08	
708,619	46,04	
708,849	175,81	
709,079	23,24	
709,309	300,33	
709,539	377,49	
709,768	47,79	
709,998	-455,53	
710,228	-78,48	
710,458	-143,37	
710,688	105,66	
710,918	-195,98	
711,148	-136,35	
711,378	32,01	
711,607	61,82	
711,837	-80,23	
712,067	-48,67	
712,297	-46,91	
712,526	-46,91	
712,756	-185,46	
712,986	-103,03	
713,215	-3,07	
713,445	310,85	
713,674	-162,66	
713,904	100,4	
714,134	-281,91	
714,363	-124,08	
714,593	-155,64	
714,822	-80,23	
715,052	-106,54	
715,281	175,81	
715,511	51,3	
715,74	-48,67	
715,969	174,06	
716,199	330,14	
716,428	-241,58	
716,657	-190,72	
716,887	217,9	
717,116	-101,28	
717,345	3,95	
717,575	363,46	
717,804	67,08	
718,033	-343,29	
718,262	-176,69	
718,492	-148,63	
718,721	249,47	
718,95	-331,02	
719,179	-10,08	
719,408	-227,55	
719,637	-248,59	
719,866	135,48	
720,095	-136,35	
720,324	342,42	
720,553	-232,81	
720,782	286,3	
721,011	33,76	
721,24	-96,02	
721,469	-290,68	
721,698	-350,31	
721,927	63,57	
722,156	224,92	
722,385	107,42	
722,613	-302,96	
722,842	154,77	
723,071	-529,19	
723,3	-13,59	
723,529	191,59	
723,757	-283,67	
723,986	-588,81	
724,215	-404,67	
724,443	28,5	
724,672	-25,87	
724,901	-155,64	
725,129	-231,05	
725,358	-74,97	
725,586	-353,81	
725,815	9,21	
726,043	358,2	
726,272	53,05	
726,5	212,64	
726,729	75,85	
726,957	-138,11	
727,186	-45,16	
727,414	-278,4	
727,642	-429,22	
727,871	252,98	
728,099	489,73	
728,327	110,92	
728,556	-4,82	
728,784	533,57	
729,012	-609,86	
729,241	98,65	
729,469	-255,61	
729,697	-509,9	
729,925	109,17	
730,153	-174,93	
730,381	-785,23	
730,61	-159,15	
730,838	-46,91	
731,066	-152,14	
731,294	28,5	
731,522	-139,86	
731,75	-162,66	
731,978	230,18	
732,206	117,94	
732,434	-374,86	
732,662	74,09	
732,89	-66,2	
733,118	-248,59	
733,346	252,98	
733,573	65,33	
733,801	33,76	
734,029	-106,54	
734,257	-509,9	
734,485	53,05	
734,712	-89	
734,94	-255,61	
735,168	-276,65	
735,396	72,34	
735,623	-155,64	
735,851	-18,85	
736,078	-67,96	
736,306	-271,39	
736,534	-187,21	
736,761	-360,83	
736,989	181,07	
737,216	-99,52	
737,444	451,15	
737,671	-53,93	
737,899	395,03	
738,126	224,92	
738,354	-339,78	
738,581	468,68	
738,809	23,24	
739,036	-71,46	
739,263	175,81	
739,491	-25,87	
739,718	347,68	
739,945	-64,45	
740,173	-34,64	
740,4	-315,23	
740,627	23,24	
740,854	-366,09	
741,081	168,8	
741,309	347,68	
741,536	-287,17	
741,763	-225,79	
741,99	116,18	
742,217	-73,22	
742,444	-436,24	
742,671	-171,43	
742,898	-346,8	
743,125	-194,23	
743,352	805,4	
743,579	151,26	
743,806	-362,58	
744,033	-208,26	
744,26	61,82	
744,487	161,78	
744,714	-243,33	
744,941	-176,69	
745,167	121,45	
745,394	95,14	
745,621	340,66	
745,848	-162,66	
746,075	231,93	
746,301	33,76	
746,528	-387,14	
746,755	-387,14	
746,981	-90,76	
747,208	-108,29	
747,435	231,93	
747,661	189,84	
747,888	-301,2	
748,114	88,12	
748,341	268,76	
748,567	210,89	
748,794	-357,32	
749,02	-94,26	
749,247	16,22	
749,473	65,33	
749,7	575,66	
749,926	477,45	
750,152	-530,94	
750,379	342,42	
750,605	402,04	
750,831	158,27	
751,058	39,02	
751,284	163,53	
751,51	-273,14	
751,737	202,12	
751,963	174,06	
752,189	-439,75	
752,415	-148,63	
752,641	-146,87	
752,867	-241,58	
753,094	32,01	
753,32	-4,82	
753,546	421,33	
753,772	-213,52	
753,998	33,76	
754,224	-208,26	
754,45	30,25	
754,676	-220,53	
754,902	233,68	
755,128	161,78	
755,354	-8,33	
755,579	121,45	
755,805	-380,12	
756,031	-117,06	
756,257	-181,95	
756,483	-262,62	
756,709	163,53	
756,934	158,27	
757,16	9,21	
757,386	126,71	
757,612	117,94	
757,837	-85,49	
758,063	-96,02	
758,289	-53,93	
758,514	-185,46	
758,74	175,81	
758,965	263,5	
759,191	121,45	
759,416	-492,36	
759,642	-159,15	
759,868	-399,41	
760,093	-285,42	
760,318	23,24	
760,544	-97,77	
760,769	-225,79	
760,995	-395,9	
761,22	-446,76	
761,445	444,13	
761,671	358,2	
761,896	-178,44	
762,121	-345,05	
762,347	-537,96	
762,572	430,1	
762,797	-101,28	
763,022	156,52	
763,248	-66,2	
763,473	114,43	
763,698	-74,97	
763,923	75,85	
764,148	-141,61	
764,373	272,27	
764,598	82,86	
764,823	212,64	
765,048	298,57	
765,273	435,36	
765,498	-111,8	
765,723	-157,4	
765,948	-85,49	
766,173	-117,06	
766,398	-381,87	
766,623	473,94	
766,848	-92,51	
767,073	-290,68	
767,298	44,28	
767,522	-260,87	
767,747	-187,21	
767,972	14,47	
768,197	89,88	
768,421	-274,9	
768,646	-266,13	
768,871	-264,37	
769,095	-136,35	
769,32	-234,56	
769,545	56,56	
769,769	-94,26	
769,994	-250,34	
770,218	-239,82	
770,443	-187,21	
770,667	-132,84	
770,892	-29,37	
771,116	51,3	
771,341	175,81	
771,565	282,79	
771,79	-101,28	
772,014	-266,13	
772,238	-204,75	
772,463	-13,59	
772,687	89,88	
772,911	-341,54	
773,136	147,75	
773,36	-24,11	
773,584	35,51	
773,808	-17,1	
774,033	9,21	
774,257	144,24	
774,481	-229,3	
774,705	14,47	
774,929	-50,42	
775,153	124,95	
775,377	-274,9	
775,602	-481,84	
775,826	35,51	
776,05	105,66	
776,274	-308,22	
776,498	-325,75	
776,722	117,94	
776,945	0,44	
777,169	-564,26	
777,393	-143,37	
777,617	-50,42	
777,841	-108,29	
778,065	-217,02	
778,289	-39,9	
778,512	128,46	
778,736	235,44	
778,96	-134,6	
779,184	200,36	
779,407	412,56	
779,631	79,36	
779,855	-124,08	
780,078	60,07	
780,302	26,74	
780,526	-31,13	
780,749	-190,72	
780,973	-232,81	
781,196	282,79	
781,42	3,95	
781,643	-120,57	
781,867	-308,22	
782,09	-34,64	
782,314	-306,46	
782,537	54,8	
782,76	-280,16	
782,984	60,07	
783,207	-550,23	
783,431	-71,46	
783,654	-241,58	
783,877	-480,08	
784,1	-387,14	
784,324	177,56	
784,547	-38,14	
784,77	-408,18	
784,993	-124,08	
785,216	186,33	
785,44	-295,94	
785,663	44,28	
785,886	-364,34	
786,109	-1,32	
786,332	352,94	
786,555	-224,04	
786,778	-46,91	
787,001	-332,77	
787,224	-430,98	
787,447	-302,96	
787,67	-364,34	
787,893	-281,91	
788,116	-594,07	
788,339	-218,78	
788,561	-364,34	
788,784	-97,77	
789,007	-336,28	
789,23	272,27	
789,453	14,47	
789,675	-76,73	
789,898	56,56	
790,121	112,68	
790,344	70,59	
790,566	112,68	
790,789	17,98	
791,012	-97,77	
791,234	112,68	
791,457	84,62	
791,679	-178,44	
791,902	-190,72	
792,124	-381,87	
792,347	-430,98	
792,569	-199,49	
792,792	-313,48	
793,014	-452,02	
793,237	54,8	
793,459	-478,33	
793,681	-96,02	
793,904	-50,42	
794,126	-239,82	
794,348	-104,79	
794,571	309,09	
794,793	363,46	
795,015	-146,87	
795,237	-132,84	
795,46	-252,1	
795,682	-367,84	
795,904	-252,1	
796,126	-371,35	
796,348	382,75	
796,57	179,32	
796,792	181,07	
797,014	-73,22	
797,237	-160,9	
797,459	-313,48	
797,681	-148,63	
797,903	224,92	
798,124	-103,03	
798,346	151,26	
798,568	-239,82	
798,79	-6,58	
799,012	-48,67	
799,234	100,4	
799,456	-485,34	
799,678	-350,31	
799,899	358,2	
800,121	84,62	
800,343	293,31	
800,565	270,51	
800,786	316,11	
801,008	-90,76	
801,23	-378,37	
801,451	263,5	
801,673	819,43	
801,895	28,5	
802,116	396,78	
802,338	-10,08	
802,559	79,36	
802,781	84,62	
803,002	112,68	
803,224	-124,08	
803,445	-295,94	
803,667	23,24	
803,888	-108,29	
804,109	116,18	
804,331	174,06	
804,552	-238,07	
804,773	282,79	
804,995	-555,49	
805,216	82,86	
805,437	172,3	
805,658	14,47	
805,88	-127,58	
806,101	-290,68	
806,322	88,12	
806,543	117,94	
806,764	-167,92	
806,985	358,2	
807,207	-18,85	
807,428	247,71	
807,649	102,15	
807,87	-87,25	
808,091	140,74	
808,312	-239,82	
808,533	-278,4	
808,754	-316,99	
808,975	-131,09	
809,195	-206,5	
809,416	53,05	
809,637	188,09	
809,858	7,45	
810,079	-478,33	
810,3	-8,33	
810,52	96,89	
810,741	-48,67	
810,962	-644,93	
811,183	-297,7	
811,403	-48,67	
811,624	256,48	
811,845	487,97	
812,065	179,32	
812,286	-285,42	
812,506	354,69	
812,727	26,74	
812,948	-334,52	
813,168	-250,34	
813,389	-359,08	
813,609	160,03	
813,83	165,29	
814,05	-373,11	
814,27	-229,3	
814,491	88,12	
814,711	-31,13	
814,931	-4,82	
815,152	49,54	
815,372	209,13	
815,592	-225,79	
815,813	-1,32	
816,033	-257,36	
816,253	126,71	
816,473	312,6	
816,694	-224,04	
816,914	-38,14	
817,134	-57,43	
817,354	-90,76	
817,574	9,21	
817,794	386,26	
818,014	-359,08	
818,234	-665,98	
818,454	207,38	
818,674	110,92	
818,894	154,77	
819,114	-487,1	
819,334	98,65	
819,554	72,34	
819,774	-413,44	
819,994	-87,25	
820,214	30,25	
820,433	95,14	
820,653	12,71	
820,873	-129,34	
821,093	-155,64	
821,312	-243,33	
821,532	-74,97	
821,752	-339,78	
821,972	-383,63	
822,191	-406,43	
822,411	216,15	
822,63	-15,35	
822,85	160,03	
823,07	437,12	
823,289	-248,59	
823,509	-378,37	
823,728	0,44	
823,948	-188,96	
824,167	230,18	
824,387	142,49	
824,606	-115,31	
824,825	130,21	
825,045	49,54	
825,264	-150,38	
825,483	359,95	
825,703	-134,6	
825,922	-229,3	
826,141	172,3	
826,361	-324	
826,58	-222,28	
826,799	-364,34	
827,018	212,64	
827,237	-215,27	
827,456	-304,71	
827,676	-274,9	
827,895	144,24	
828,114	-299,45	
828,333	-211,76	
828,552	-334,52	
828,771	-45,16	
828,99	19,73	
829,209	-278,4	
829,428	-276,65	
829,647	-124,08	
829,866	-180,2	
830,084	-420,46	
830,303	-197,73	
830,522	-15,35	
830,741	216,15	
830,96	370,47	
831,179	203,87	
831,397	28,5	
831,616	130,21	
831,835	-129,34	
832,053	84,62	
832,272	-178,44	
832,491	17,98	
832,709	342,42	
832,928	89,88	
833,147	-202,99	
833,365	-169,67	
833,584	-316,99	
833,802	154,77	
834,021	-132,84	
834,239	-76,73	
834,458	-94,26	
834,676	-132,84	
834,894	-192,47	
835,113	-171,43	
835,331	-94,26	
835,55	138,98	
835,768	119,69	
835,986	-352,06	
836,204	-169,67	
836,423	-74,97	
836,641	10,96	
836,859	252,98	
837,077	358,2	
837,296	-41,65	
837,514	117,94	
837,732	-67,96	
837,95	-543,22	
838,168	63,57	
838,386	-195,98	
838,604	-181,95	
838,822	-85,49	
839,04	26,74	
839,258	123,2	
839,476	-167,92	
839,694	221,41	
839,912	-343,29	
840,13	-606,35	
840,348	-124,08	
840,566	137,23	
840,783	-334,52	
841,001	-315,23	
841,219	-306,46	
841,437	282,79	
841,655	-324	
841,872	177,56	
842,09	17,98	
842,308	-148,63	
842,525	170,55	
842,743	-10,08	
842,961	-127,58	
843,178	-313,48	
843,396	3,95	
843,613	391,52	
843,831	-288,93	
844,048	382,75	
844,266	-64,45	
844,483	247,71	
844,701	-213,52	
844,918	95,14	
845,136	-155,64	
845,353	-283,67	
845,57	251,22	
845,788	170,55	
846,005	258,24	
846,222	-364,34	
846,439	-183,7	
846,657	330,14	
846,874	-253,85	
847,091	112,68	
847,308	-34,64	
847,526	-90,76	
847,743	-392,4	
847,96	-539,71	
848,177	224,92	
848,394	-315,23	
848,611	-66,2	
848,828	91,63	
849,045	456,41	
849,262	-276,65	
849,479	-181,95	
849,696	184,58	
849,913	-129,34	
850,13	49,54	
850,347	93,39	
850,564	3,95	
850,78	-18,85	
850,997	40,77	
851,214	-45,16	
851,431	-260,87	
851,647	-120,57	
851,864	-387,14	
852,081	-315,23	
852,298	5,7	
852,514	70,59	
852,731	330,14	
852,948	-595,83	
853,164	-476,58	
853,381	-452,02	
853,597	217,9	
853,814	-146,87	
854,03	-273,14	
854,247	-553,74	
854,463	-208,26	
854,68	-238,07	
854,896	-322,25	
855,113	-132,84	
855,329	147,75	
855,545	-537,96	
855,762	-80,23	
855,978	7,45	
856,194	130,21	
856,411	449,39	
856,627	-208,26	
856,843	-204,75	
857,059	-259,11	
857,275	-569,52	
857,492	210,89	
857,708	-57,43	
857,924	-181,95	
858,14	-101,28	
858,356	154,77	
858,572	-83,74	
858,788	60,07	
859,004	-104,79	
859,22	-678,25	
859,436	-160,9	
859,652	344,17	
859,868	72,34	
860,084	-259,11	
860,3	465,18	
860,516	-430,98	
860,731	-97,77	
860,947	272,27	
861,163	60,07	
861,379	142,49	
861,595	-341,54	
861,81	-287,17	
862,026	-129,34	
862,242	-239,82	
862,457	-324	
862,673	5,7	
862,889	-143,37	
863,104	-36,39	
863,32	-231,05	
863,535	-146,87	
863,751	-132,84	
863,966	-411,69	
864,182	-122,32	
864,397	224,92	
864,613	105,66	
864,828	175,81	
865,044	156,52	
865,259	-120,57	
865,474	112,68	
865,69	-171,43	
865,905	-231,05	
866,12	-103,03	
866,336	179,32	
866,551	46,04	
866,766	-36,39	
866,981	-262,62	
867,196	293,31	
867,412	226,67	
867,627	-81,99	
867,842	-357,32	
868,057	-134,6	
868,272	-3,07	
868,487	188,09	
868,702	-243,33	
868,917	186,33	
869,132	21,48	
869,347	-313,48	
869,562	-143,37	
869,777	226,67	
869,992	-387,14	
870,207	-301,2	
870,422	-302,96	
870,636	-232,81	
870,851	-25,87	
871,066	-41,65	
871,281	-45,16	
871,495	-24,11	
871,71	-6,58	
871,925	-495,87	
872,14	-178,44	
872,354	258,24	
872,569	-1,32	
872,783	-248,59	
872,998	-120,57	
873,213	-120,57	
873,427	-122,32	
873,642	-371,35	
873,856	-183,7	
874,071	-167,92	
874,285	-476,58	
874,5	-166,17	
874,714	-430,98	
874,928	347,68	
875,143	-501,13	
875,357	-357,32	
875,571	-530,94	
875,786	-239,82	
876	163,53	
876,214	-92,51	
876,429	28,5	
876,643	237,19	
876,857	-90,76	
877,071	12,71	
877,285	-353,81	
877,499	-210,01	
877,714	-385,38	
877,928	-245,08	
878,142	-188,96	
878,356	-50,42	
878,57	-385,38	
878,784	-416,95	
878,998	91,63	
879,212	502	
879,426	39,02	
879,639	-529,19	
879,853	61,82	
880,067	179,32	
880,281	-57,43	
880,495	-425,72	
880,709	-657,21	
880,922	214,39	
881,136	153,01	
881,35	-711,57	
881,564	-64,45	
881,777	-92,51	
881,991	-110,05	
882,205	-378,37	
882,418	209,13	
882,632	-108,29	
882,845	189,84	
883,059	-113,55	
883,273	28,5	
883,486	-248,59	
883,7	272,27	
883,913	200,36	
884,126	-69,71	
884,34	60,07	
884,553	142,49	
884,767	-406,43	
884,98	-643,18	
885,193	-150,38	
885,407	300,33	
885,62	107,42	
885,833	-108,29	
886,046	-50,42	
886,26	-250,34	
886,473	-90,76	
886,686	-225,79	
886,899	272,27	
887,112	-287,17	
887,326	-183,7	
887,539	-497,62	
887,752	-301,2	
887,965	95,14	
888,178	-17,1	
888,391	-462,55	
888,604	-101,28	
888,817	17,98	
889,03	198,61	
889,243	19,73	
889,455	-125,83	
889,668	-253,85	
889,881	-1,32	
890,094	61,82	
890,307	-132,84	
890,52	-406,43	
890,732	70,59	
890,945	140,74	
891,158	-283,67	
891,37	21,48	
891,583	-241,58	
891,796	-252,1	
892,008	-217,02	
892,221	398,53	
892,434	-210,01	
892,646	-509,9	
892,859	39,02	
893,071	414,32	
893,284	-322,25	
893,496	-210,01	
893,709	16,22	
893,921	-96,02	
894,133	-522,17	
894,346	-185,46	
894,558	-315,23	
894,771	68,83	
894,983	-92,51	
895,195	-457,28	
895,407	-246,84	
895,62	-511,65	
895,832	-220,53	
896,044	-336,28	
896,256	109,17	
896,468	123,2	
896,681	-27,62	
896,893	-18,85	
897,105	-6,58	
897,317	-46,91	
897,529	79,36	
897,741	-224,04	
897,953	114,43	
898,165	235,44	
898,377	-96,02	
898,589	-110,05	
898,801	-199,49	
899,013	-106,54	
899,224	72,34	
899,436	-418,7	
899,648	2,19	
899,86	138,98	
900,072	49,54	
900,283	-85,49	
900,495	-159,15	
900,707	-134,6	
900,919	-17,1	
901,13	168,8	
901,342	-378,37	
901,554	-401,16	
901,765	-31,13	
901,977	-369,6	
902,188	70,59	
902,4	358,2	
902,611	91,63	
902,823	-183,7	
903,034	16,22	
903,246	217,9	
903,457	98,65	
903,669	165,29	
903,88	133,72	
904,091	-478,33	
904,303	74,09	
904,514	-402,92	
904,725	-110,05	
904,936	46,04	
905,148	-445,01	
905,359	-267,88	
905,57	-292,43	
905,781	-264,37	
905,992	-548,48	
906,204	-488,85	
906,415	-276,65	
906,626	-208,26	
906,837	-331,02	
907,048	-248,59	
907,259	-201,24	
907,47	110,92	
907,681	-89	
907,892	189,84	
908,103	-85,49	
908,314	-148,63	
908,525	21,48	
908,735	-36,39	
908,946	28,5	
909,157	-31,13	
909,368	74,09	
909,579	-27,62	
909,789	-69,71	
910	396,78	
910,211	-127,58	
910,421	-36,39	
910,632	-595,83	
910,843	-329,26	
911,053	89,88	
911,264	-234,56	
911,475	-620,38	
911,685	-20,61	
911,896	-97,77	
912,106	-357,32	
912,317	-274,9	
912,527	-32,88	
912,737	-20,61	
912,948	-690,53	
913,158	-364,34	
913,369	0,44	
913,579	-309,97	
913,789	-3,07	
914	-544,97	
914,21	168,8	
914,42	249,47	
914,63	-392,4	
914,841	-71,46	
915,051	82,86	
915,261	116,18	
915,471	-471,31	
915,681	196,86	
915,891	-66,2	
916,101	3,95	
916,311	-43,4	
916,521	39,02	
916,731	298,57	
916,941	-1,32	
917,151	142,49	
917,361	-217,02	
917,571	100,4	
917,781	-369,6	
917,991	-336,28	
918,201	247,71	
918,411	-24,11	
918,621	177,56	
918,83	-183,7	
919,04	-97,77	
919,25	-327,51	
919,46	-436,24	
919,669	-138,11	
919,879	172,3	
920,089	175,81	
920,298	-225,79	
920,508	133,72	
920,717	-362,58	
920,927	103,91	
921,136	-708,07	
921,346	-146,87	
921,555	-448,52	
921,765	-99,52	
921,974	-87,25	
922,184	-101,28	
922,393	358,2	
922,603	386,26	
922,812	-413,44	
923,021	-183,7	
923,23	37,27	
923,44	-220,53	
923,649	158,27	
923,858	-20,61	
924,067	-202,99	
924,277	-138,11	
924,486	-457,28	
924,695	-302,96	
924,904	-38,14	
925,113	-318,74	
925,322	-636,16	
925,531	-238,07	
925,74	-455,53	
925,949	72,34	
926,158	-267,88	
926,367	-225,79	
926,576	-416,95	
926,785	-185,46	
926,994	-22,36	
927,203	-297,7	
927,412	-241,58	
927,621	-239,82	
927,83	-313,48	
928,038	-73,22	
928,247	-11,84	
928,456	44,28	
928,665	-38,14	
928,873	-162,66	
929,082	188,09	
929,291	19,73	
929,499	-43,4	
929,708	58,31	
929,916	-304,71	
930,125	-66,2	
930,333	95,14	
930,542	-259,11	
930,75	-225,79	
930,959	33,76	
931,167	-394,15	
931,376	-278,4	
931,584	-139,86	
931,793	-448,52	
932,001	210,89	
932,209	-97,77	
932,418	138,98	
932,626	42,53	
932,834	-395,9	
933,042	-217,02	
933,251	-308,22	
933,459	-290,68	
933,667	165,29	
933,875	275,77	
934,083	-90,76	
934,291	-255,61	
934,499	-180,2	
934,707	114,43	
934,915	244,21	
935,123	-45,16	
935,331	-488,85	
935,539	-390,64	
935,747	-274,9	
935,955	-402,92	
936,163	-513,4	
936,371	-169,67	
936,579	-25,87	
936,787	35,51	
936,995	-211,76	
937,202	-41,65	
937,41	123,2	
937,618	-183,7	
937,826	-231,05	
938,033	-315,23	
938,241	-73,22	
938,449	-46,91	
938,656	-360,83	
938,864	-336,28	
939,071	-69,71	
939,279	-313,48	
939,486	-81,99	
939,694	26,74	
939,901	-224,04	
940,109	-136,35	
940,316	-96,02	
940,524	-141,61	
940,731	-311,72	
940,939	-118,81	
941,146	-695,79	
941,353	-225,79	
941,561	344,17	
941,768	114,43	
941,975	-339,78	
942,182	-224,04	
942,39	98,65	
942,597	109,17	
942,804	-341,54	
943,011	-376,61	
943,218	17,98	
943,425	-52,17	
943,632	-187,21	
943,839	-218,78	
944,046	9,21	
944,253	-43,4	
944,46	-264,37	
944,667	-36,39	
944,874	-213,52	
945,081	-64,45	
945,288	-266,13	
945,495	-152,14	
945,702	344,17	
945,909	-271,39	
946,115	-224,04	
946,322	-94,26	
946,529	-124,08	
946,736	91,63	
946,942	-355,57	
947,149	-385,38	
947,356	-46,91	
947,562	-530,94	
947,769	414,32	
947,976	82,86	
948,182	281,03	
948,389	16,22	
948,595	195,1	
948,802	102,15	
949,008	-304,71	
949,215	-45,16	
949,421	-594,07	
949,628	-234,56	
949,834	-162,66	
950,04	-1,32	
950,247	-309,97	
950,453	-222,28	
950,659	-495,87	
950,865	-283,67	
951,072	-259,11	
951,278	56,56	
951,484	-309,97	
951,69	-159,15	
951,896	-46,91	
952,103	-41,65	
952,309	63,57	
952,515	-255,61	
952,721	-320,49	
952,927	-25,87	
953,133	-231,05	
953,339	438,87	
953,545	-43,4	
953,751	-390,64	
953,957	-134,6	
954,163	-553,74	
954,369	373,98	
954,574	-87,25	
954,78	-559	
954,986	-94,26	
955,192	-17,1	
955,398	44,28	
955,603	30,25	
955,809	-60,94	
956,015	156,52	
956,22	-383,63	
956,426	-117,06	
956,632	-267,88	
956,837	16,22	
957,043	181,07	
957,248	-706,31	
957,454	-208,26	
957,66	-367,84	
957,865	-373,11	
958,07	-45,16	
958,276	268,76	
958,481	-194,23	
958,687	-527,43	
958,892	154,77	
959,097	-96,02	
959,303	72,34	
959,508	209,13	
959,713	-224,04	
959,919	-125,83	
960,124	-204,75	
960,329	19,73	
960,534	-174,93	
960,739	63,57	
960,945	-55,68	
961,15	-248,59	
961,355	-259,11	
961,56	-346,8	
961,765	-297,7	
961,97	14,47	
962,175	-67,96	
962,38	109,17	
962,585	-373,11	
962,79	-71,46	
962,995	-466,05	
963,2	-271,39	
963,404	198,61	
963,609	189,84	
963,814	53,05	
964,019	110,92	
964,224	-306,46	
964,428	-327,51	
964,633	-490,6	
964,838	-506,39	
965,042	-399,41	
965,247	419,58	
965,452	-786,98	
965,656	95,14	
965,861	-224,04	
966,066	-423,96	
966,27	-434,49	
966,475	-287,17	
966,679	-450,27	
966,884	-511,65	
967,088	-429,22	
967,292	-466,05	
967,497	168,8	
967,701	-17,1	
967,906	-3,07	
968,11	-185,46	
968,314	-345,05	
968,518	-206,5	
968,723	247,71	
968,927	-288,93	
969,131	-309,97	
969,335	53,05	
969,539	402,04	
969,744	-632,66	
969,948	133,72	
970,152	-283,67	
970,356	-15,35	
970,56	-18,85	
970,764	-325,75	
970,968	-41,65	
971,172	177,56	
971,376	168,8	
971,58	68,83	
971,784	-81,99	
971,988	259,99	
972,192	65,33	
972,395	126,71	
972,599	-332,77	
972,803	114,43	
973,007	77,6	
973,21	-71,46	
973,414	-20,61	
973,618	-243,33	
973,822	-176,69	
974,025	284,54	
974,229	91,63	
974,432	-24,11	
974,636	-50,42	
974,84	21,48	
975,043	-124,08	
975,247	449,39	
975,45	-471,31	
975,654	-497,62	
975,857	3,95	
976,06	-127,58	
976,264	77,6	
976,467	-378,37	
976,671	-157,4	
976,874	-145,12	
977,077	-185,46	
977,28	-167,92	
977,484	-609,86	
977,687	-81,99	
977,89	149,51	
978,093	-124,08	
978,297	-90,76	
978,5	-108,29	
978,703	268,76	
978,906	2,19	
979,109	-159,15	
979,312	-287,17	
979,515	195,1	
979,718	-197,73	
979,921	-29,37	
980,124	-327,51	
980,327	39,02	
980,53	-434,49	
980,733	-202,99	
980,936	228,42	
981,138	-96,02	
981,341	128,46	
981,544	-227,55	
981,747	-80,23	
981,949	-222,28	
982,152	138,98	
982,355	58,31	
982,558	2,19	
982,76	-439,75	
982,963	-197,73	
983,165	-553,74	
983,368	-215,27	
983,571	-190,72	
983,773	2,19	
983,976	305,59	
984,178	-66,2	
984,381	-1,32	
984,583	10,96	
984,785	-271,39	
984,988	-120,57	
985,19	177,56	
985,392	-245,08	
985,595	198,61	
985,797	-348,55	
985,999	-217,02	
986,202	5,7	
986,404	-238,07	
986,606	-60,94	
986,808	174,06	
987,01	-104,79	
987,212	326,63	
987,415	-248,59	
987,617	-299,45	
987,819	-55,68	
988,021	330,14	
988,223	121,45	
988,425	-225,79	
988,627	-516,91	
988,829	123,2	
989,031	28,5	
989,232	244,21	
989,434	-497,62	
989,636	153,01	
989,838	-341,54	
990,04	228,42	
990,242	35,51	
990,443	-357,32	
990,645	-45,16	
990,847	-110,05	
991,048	2,19	
991,25	-504,63	
991,452	-118,81	
991,653	-225,79	
991,855	-488,85	
992,057	-18,85	
992,258	-367,84	
992,46	151,26	
992,661	-167,92	
992,863	-50,42	
993,064	282,79	
993,265	-345,05	
993,467	-176,69	
993,668	263,5	
993,87	284,54	
994,071	-120,57	
994,272	-136,35	
994,473	-192,47	
994,675	-408,18	
994,876	-481,84	
995,077	-97,77	
995,278	156,52	
995,48	100,4	
995,681	-269,64	
995,882	16,22	
996,083	-122,32	
996,284	-152,14	
996,485	-250,34	
996,686	240,7	
996,887	47,79	
997,088	-229,3	
997,289	9,21	
997,49	-43,4	
997,691	-148,63	
997,892	0,44	
998,092	-387,14	
998,293	149,51	
998,494	-259,11	
998,695	-146,87	
998,896	35,51	
999,096	-181,95	
999,297	-345,05	
999,498	-164,41	
999,698	-374,86	
999,899	-27,62	
1000,1	-508,14	
1000,3	-476,58	
1000,501	-246,84	
1000,701	-155,64	
1000,902	-245,08	
1001,102	328,39	
1001,303	-143,37	
1001,503	-76,73	
1001,704	-76,73	
1001,904	105,66	
1002,105	-171,43	
1002,305	37,27	
1002,505	-476,58	
1002,706	-578,29	
1002,906	-364,34	
1003,106	-288,93	
1003,306	-110,05	
1003,507	-69,71	
1003,707	-148,63	
1003,907	-45,16	
1004,107	-115,31	
1004,307	-1,32	
1004,507	-322,25	
1004,707	-59,19	
1004,907	-338,03	
1005,107	-32,88	
1005,308	-55,68	
1005,507	-518,66	
1005,707	-390,64	
1005,907	-224,04	
1006,107	-155,64	
1006,307	-122,32	
1006,507	-31,13	
1006,707	-159,15	
1006,907	288,05	
1007,106	21,48	
1007,306	-67,96	
1007,506	146	
1007,706	-78,48	
1007,905	-385,38	
1008,105	28,5	
1008,305	-85,49	
1008,504	-416,95	
1008,704	154,77	
1008,903	-669,49	
1009,103	105,66	
1009,303	-83,74	
1009,502	-271,39	
1009,702	109,17	
1009,901	33,76	
1010,1	-322,25	
1010,3	-217,02	
1010,499	-57,43	
1010,699	-204,75	
1010,898	-508,14	
1011,097	-150,38	
1011,296	-199,49	
1011,496	123,2	
1011,695	477,45	
1011,894	-190,72	
1012,093	26,74	
1012,293	-566,02	
1012,492	5,7	
1012,691	-315,23	
1012,89	-199,49	
1013,089	-329,26	
1013,288	149,51	
1013,487	-311,72	
1013,686	-231,05	
1013,885	-260,87	
1014,084	-164,41	
1014,283	-162,66	
1014,482	-236,31	
1014,681	-353,81	
1014,88	-252,1	
1015,078	153,01	
1015,277	32,01	
1015,476	-89	
1015,675	-278,4	
1015,873	-48,67	
1016,072	-557,25	
1016,271	163,53	
1016,47	-138,11	
1016,668	-53,93	
1016,867	-399,41	
1017,065	-309,97	
1017,264	-225,79	
1017,463	-267,88	
1017,661	-11,84	
1017,86	-252,1	
1018,058	35,51	
1018,256	-480,08	
1018,455	-616,87	
1018,653	-15,35	
1018,852	-122,32	
1019,05	-406,43	
1019,248	167,04	
1019,447	-381,87	
1019,645	-76,73	
1019,843	-257,36	
1020,041	-522,17	
1020,24	-304,71	
1020,438	-120,57	
1020,636	-280,16	
1020,834	-341,54	
1021,032	89,88	
1021,23	-257,36	
1021,428	-185,46	
1021,626	10,96	
1021,824	89,88	
1022,022	-353,81	
1022,22	-688,78	
1022,418	-267,88	
1022,616	-225,79	
1022,814	-406,43	
1023,012	-29,37	
1023,21	-245,08	
1023,408	449,39	
1023,606	-392,4	
1023,803	-350,31	
1024,001	224,92	
1024,199	-157,4	
1024,397	-111,8	
1024,594	228,42	
1024,792	-73,22	
1024,99	-262,62	
1025,187	12,71	
1025,385	323,12	
1025,582	-509,9	
1025,78	-57,43	
1025,977	-369,6	
1026,175	-66,2	
1026,372	-441,5	
1026,57	-208,26	
1026,767	491,48	
1026,965	-292,43	
1027,162	-646,69	
1027,359	63,57	
1027,557	-176,69	
1027,754	-329,26	
1027,951	54,8	
1028,148	-245,08	
1028,346	154,77	
1028,543	-115,31	
1028,74	-371,35	
1028,937	-122,32	
1029,134	-62,7	
1029,331	-178,44	
1029,528	30,25	
1029,725	256,48	
1029,923	-211,76	
1030,12	288,05	
1030,317	-327,51	
1030,513	5,7	
1030,71	-415,19	
1030,907	-90,76	
1031,104	144,24	
1031,301	-334,52	
1031,498	-87,25	
1031,695	-462,55	
1031,892	-634,41	
1032,088	-302,96	
1032,285	-288,93	
1032,482	-204,75	
1032,678	-287,17	
1032,875	142,49	
1033,072	337,15	
1033,268	-290,68	
1033,465	102,15	
1033,662	109,17	
1033,858	-36,39	
1034,055	-59,19	
1034,251	-390,64	
1034,448	16,22	
1034,644	-253,85	
1034,84	-210,01	
1035,037	-176,69	
1035,233	-488,85	
1035,43	-404,67	
1035,626	-480,08	
1035,822	-388,89	
1036,019	46,04	
1036,215	61,82	
1036,411	-271,39	
1036,607	-457,28	
1036,803	-166,17	
1037	-169,67	
1037,196	494,99	
1037,392	-520,42	
1037,588	24,99	
1037,784	-36,39	
1037,98	-31,13	
1038,176	-348,55	
1038,372	35,51	
1038,568	-380,12	
1038,764	-339,78	
1038,96	-187,21	
1039,156	-376,61	
1039,352	-409,93	
1039,547	-178,44	
1039,743	-537,96	
1039,939	30,25	
1040,135	-408,18	
1040,331	-492,36	
1040,526	-467,81	
1040,722	-8,33	
1040,918	-432,73	
1041,113	-234,56	
1041,309	-494,11	
1041,505	-39,9	
1041,7	32,01	
1041,896	219,65	
1042,091	-474,82	
1042,287	-67,96	
1042,482	61,82	
1042,678	-106,54	
1042,873	79,36	
1043,069	-288,93	
1043,264	-18,85	
1043,459	-52,17	
1043,655	-301,2	
1043,85	-281,91	
1044,045	-708,07	
1044,24	-359,08	
1044,436	-559	
1044,631	-227,55	
1044,826	-202,99	
1045,021	-202,99	
1045,216	-202,99	
