couleur : blanc
angle source :0
angle capteur :30
source : 4000K
FLMT02171_1:101		
194,658	-999,77	
194,923	-999,77	
195,188	-999,77	
195,453	-983,99	
195,717	-33,47	
195,982	348,85	
196,247	110,34	
196,512	-115,89	
196,777	-31,71	
197,042	-51	
197,307	27,91	
197,572	-7,16	
197,837	-35,22	
198,101	-157,98	
198,366	-73,8	
198,631	-15,93	
198,896	1,61	
199,161	334,82	
199,425	-52,76	
199,69	290,97	
199,955	129,63	
200,22	8,62	
200,484	-277,23	
200,749	20,9	
201,014	115,6	
201,278	-45,74	
201,543	401,46	
201,807	-63,28	
202,072	282,2	
202,337	248,88	
202,601	273,44	
202,866	-257,94	
203,13	-65,03	
203,395	61,23	
203,659	361,12	
203,924	-72,05	
204,189	26,16	
204,453	108,58	
204,717	-66,79	
204,982	154,18	
205,246	70	
205,511	290,97	
205,775	70	
206,04	227,84	
206,304	-61,53	
206,568	-128,17	
206,833	-101,86	
207,097	78,77	
207,361	13,88	
207,626	-8,91	
207,89	171,72	
208,154	101,57	
208,419	184	
208,683	8,62	
208,947	189,26	
209,211	178,73	
209,476	164,7	
209,74	240,11	
210,004	576,83	
210,268	254,14	
210,532	455,82	
210,796	234,85	
211,061	-86,08	
211,325	106,83	
211,589	429,52	
211,853	355,86	
212,117	101,57	
212,381	333,06	
212,645	106,83	
212,909	169,97	
213,173	171,72	
213,437	-14,18	
213,701	445,3	
213,965	61,23	
214,229	278,7	
214,493	227,84	
214,757	61,23	
215,021	-80,82	
215,285	227,84	
215,549	-168,5	
215,813	87,54	
216,077	157,69	
216,34	168,21	
216,604	248,88	
216,868	-43,99	
217,132	-49,25	
217,396	333,06	
217,659	155,94	
217,923	417,24	
218,187	-80,82	
218,451	243,62	
218,714	220,82	
218,978	120,86	
219,242	413,73	
219,505	354,11	
219,769	112,09	
220,033	361,12	
220,296	317,28	
220,56	212,05	
220,824	140,15	
221,087	268,17	
221,351	45,45	
221,614	43,7	
221,878	-110,63	
222,142	191,01	
222,405	184	
222,669	-14,18	
222,932	134,89	
223,196	205,04	
223,459	257,65	
223,722	166,46	
223,986	36,68	
224,249	271,68	
224,513	191,01	
224,776	-24,7	
225,04	24,41	
225,303	-68,54	
225,566	224,33	
225,83	376,91	
226,093	192,76	
226,356	-77,31	
226,62	517,2	
226,883	-159,74	
227,146	-10,67	
227,409	-84,33	
227,673	436,53	
227,936	-73,8	
228,199	289,22	
228,462	252,39	
228,725	331,31	
228,989	141,91	
229,252	199,78	
229,515	159,44	
229,778	219,07	
230,041	317,28	
230,304	-72,05	
230,567	94,56	
230,83	98,06	
231,093	141,91	
231,356	208,55	
231,619	48,96	
231,882	-3,65	
232,145	43,7	
232,408	-26,45	
232,671	136,64	
232,934	-86,08	
233,197	326,05	
233,46	611,9	
233,723	85,79	
233,986	252,39	
234,249	-35,22	
234,512	101,57	
234,775	233,1	
235,037	187,5	
235,3	-1,9	
235,563	724,14	
235,826	333,06	
236,089	99,82	
236,351	24,41	
236,614	252,39	
236,877	180,49	
237,14	20,9	
237,402	134,89	
237,665	199,78	
237,928	166,46	
238,19	-35,22	
238,453	198,02	
238,716	538,25	
238,978	45,45	
239,241	94,56	
239,503	222,58	
239,766	138,4	
240,029	266,42	
240,291	-17,68	
240,554	385,67	
240,816	178,73	
241,079	259,41	
241,341	205,04	
241,604	-231,64	
241,866	-51	
242,129	-59,77	
242,391	264,67	
242,653	47,2	
242,916	194,52	
243,178	48,96	
243,441	182,24	
243,703	59,48	
243,965	20,9	
244,228	536,49	
244,49	43,7	
244,752	166,46	
245,015	262,91	
245,277	-19,44	
245,539	-35,22	
245,801	-36,97	
246,064	133,14	
246,326	255,9	
246,588	54,22	
246,85	418,99	
247,112	20,9	
247,374	208,55	
247,637	52,47	
247,899	-101,86	
248,161	234,85	
248,423	-5,41	
248,685	392,69	
248,947	269,93	
249,209	452,32	
249,471	-0,15	
249,733	43,7	
249,995	47,2	
250,257	-122,91	
250,519	227,84	
250,781	331,31	
251,043	303,25	
251,305	248,88	
251,567	518,96	
251,829	126,12	
252,091	110,34	
252,353	-61,53	
252,615	185,75	
252,876	166,46	
253,138	113,85	
253,4	-28,21	
253,662	89,29	
253,924	-252,68	
254,185	136,64	
254,447	75,26	
254,709	387,43	
254,971	87,54	
255,232	219,07	
255,494	466,35	
255,756	105,08	
256,017	-100,11	
256,279	-129,92	
256,541	5,12	
256,802	101,57	
257,064	15,64	
257,326	-42,24	
257,587	147,17	
257,849	266,42	
258,11	252,39	
258,372	-43,99	
258,633	247,13	
258,895	331,31	
259,156	404,96	
259,418	120,86	
259,679	238,36	
259,941	285,71	
260,202	212,05	
260,464	20,9	
260,725	141,91	
260,987	292,73	
261,248	178,73	
261,509	215,56	
261,771	208,55	
262,032	99,82	
262,293	297,99	
262,555	161,2	
262,816	269,93	
263,077	10,38	
263,338	47,2	
263,6	-175,52	
263,861	-145,71	
264,122	227,84	
264,383	98,06	
264,645	-35,22	
264,906	78,77	
265,167	29,67	
265,428	126,12	
265,689	-61,53	
265,95	485,64	
266,211	184	
266,473	26,16	
266,734	124,37	
266,995	124,37	
267,256	166,46	
267,517	169,97	
267,778	136,64	
268,039	189,26	
268,3	424,26	
268,561	136,64	
268,822	-12,42	
269,083	241,87	
269,344	138,4	
269,604	326,05	
269,865	41,94	
270,126	226,08	
270,387	161,2	
270,648	-235,15	
270,909	-77,31	
271,17	85,79	
271,43	331,31	
271,691	324,29	
271,952	55,97	
272,213	145,41	
272,473	-121,15	
272,734	348,85	
272,995	-159,74	
273,256	-107,12	
273,516	-21,19	
273,777	-52,76	
274,038	-94,85	
274,298	275,19	
274,559	98,06	
274,82	15,64	
275,08	6,87	
275,341	-129,92	
275,601	-149,21	
275,862	26,16	
276,122	306,76	
276,383	131,38	
276,643	308,51	
276,904	189,26	
277,164	396,2	
277,425	357,61	
277,685	6,87	
277,946	222,58	
278,206	-142,2	
278,467	150,67	
278,727	433,02	
278,987	169,97	
279,248	333,06	
279,508	129,63	
279,768	91,05	
280,029	154,18	
280,289	103,32	
280,549	185,75	
280,81	126,12	
281,07	299,74	
281,33	-51	
281,59	431,27	
281,851	126,12	
282,111	85,79	
282,371	389,18	
282,631	185,75	
282,891	13,88	
283,151	36,68	
283,412	141,91	
283,672	140,15	
283,932	227,84	
284,192	-65,03	
284,452	8,62	
284,712	215,56	
284,972	155,94	
285,232	511,94	
285,492	147,17	
285,752	271,68	
286,012	48,96	
286,272	-170,26	
286,532	212,05	
286,792	226,08	
287,052	98,06	
287,312	103,32	
287,571	129,63	
287,831	75,26	
288,091	226,08	
288,351	-107,12	
288,611	-77,31	
288,871	3,36	
289,13	31,42	
289,39	198,02	
289,65	157,69	
289,91	945,11	
290,17	336,57	
290,429	41,94	
290,689	180,49	
290,949	140,15	
291,208	171,72	
291,468	-107,12	
291,728	120,86	
291,987	-122,91	
292,247	-1,9	
292,506	547,02	
292,766	283,96	
293,026	40,19	
293,285	17,39	
293,545	319,03	
293,804	19,14	
294,064	329,55	
294,323	150,67	
294,583	17,39	
294,842	-119,4	
295,102	210,3	
295,361	492,65	
295,621	294,48	
295,88	203,29	
296,139	26,16	
296,399	169,97	
296,658	212,05	
296,917	-29,96	
297,177	141,91	
297,436	455,82	
297,695	113,85	
297,955	324,29	
298,214	20,9	
298,473	141,91	
298,732	176,98	
298,992	194,52	
299,251	1,61	
299,51	78,77	
299,769	236,61	
300,028	-26,45	
300,287	133,14	
300,547	-96,6	
300,806	201,53	
301,065	-165	
301,324	226,08	
301,583	127,88	
301,842	264,67	
302,101	196,27	
302,36	420,75	
302,619	268,17	
302,878	184	
303,137	175,23	
303,396	-1,9	
303,655	338,32	
303,914	205,04	
304,173	22,65	
304,432	141,91	
304,691	-52,76	
304,95	317,28	
305,208	275,19	
305,467	-68,54	
305,726	-271,97	
305,985	112,09	
306,244	138,4	
306,503	173,47	
306,761	173,47	
307,02	15,64	
307,279	208,55	
307,537	294,48	
307,796	-112,38	
308,055	-28,21	
308,314	68,25	
308,572	203,29	
308,831	-47,5	
309,09	383,92	
309,348	254,14	
309,607	-0,15	
309,865	461,08	
310,124	331,31	
310,382	248,88	
310,641	64,74	
310,9	-54,51	
311,158	213,81	
311,417	127,88	
311,675	-42,24	
311,933	-72,05	
312,192	215,56	
312,45	17,39	
312,709	89,29	
312,967	324,29	
313,226	368,14	
313,484	-28,21	
313,742	241,87	
314,001	171,72	
314,259	240,11	
314,517	231,35	
314,776	-47,5	
315,034	133,14	
315,292	245,38	
315,55	268,17	
315,809	-61,53	
316,067	103,32	
316,325	68,25	
316,583	254,14	
316,841	-145,71	
317,1	317,28	
317,358	147,17	
317,616	-147,46	
317,874	12,13	
318,132	117,35	
318,39	261,16	
318,648	271,68	
318,906	176,98	
319,164	17,39	
319,422	-66,79	
319,68	-61,53	
319,938	-28,21	
320,196	19,14	
320,454	234,85	
320,712	-21,19	
320,97	29,67	
321,228	-19,44	
321,486	-77,31	
321,744	164,7	
322,002	40,19	
322,26	296,23	
322,517	96,31	
322,775	-8,91	
323,033	6,87	
323,291	105,08	
323,549	166,46	
323,806	3,36	
324,064	84,03	
324,322	198,02	
324,58	243,62	
324,837	-31,71	
325,095	84,03	
325,353	415,49	
325,61	124,37	
325,868	364,63	
326,126	-3,65	
326,383	345,34	
326,641	5,12	
326,898	-38,73	
327,156	184	
327,413	192,76	
327,671	236,61	
327,928	196,27	
328,186	231,35	
328,443	-19,44	
328,701	224,33	
328,958	-165	
329,216	191,01	
329,473	187,5	
329,731	22,65	
329,988	271,68	
330,245	105,08	
330,503	19,14	
330,76	168,21	
331,017	26,16	
331,275	133,14	
331,532	240,11	
331,789	220,82	
332,047	187,5	
332,304	80,53	
332,561	604,89	
332,818	141,91	
333,076	133,14	
333,333	182,24	
333,59	294,48	
333,847	334,82	
334,104	376,91	
334,361	436,53	
334,618	89,29	
334,876	317,28	
335,133	-38,73	
335,39	73,51	
335,647	-43,99	
335,904	-10,67	
336,161	-128,17	
336,418	24,41	
336,675	10,38	
336,932	94,56	
337,189	336,57	
337,446	203,29	
337,703	227,84	
337,96	136,64	
338,216	73,51	
338,473	-51	
338,73	-22,94	
338,987	27,91	
339,244	-0,15	
339,501	312,02	
339,757	-115,89	
340,014	-112,38	
340,271	162,95	
340,528	208,55	
340,785	361,12	
341,041	55,97	
341,298	285,71	
341,555	106,83	
341,811	-98,35	
342,068	182,24	
342,325	57,73	
342,581	112,09	
342,838	236,61	
343,094	264,67	
343,351	-131,68	
343,608	-29,96	
343,864	229,59	
344,121	34,93	
344,377	175,23	
344,634	517,2	
344,89	157,69	
345,147	27,91	
345,403	194,52	
345,66	120,86	
345,916	-66,79	
346,172	140,15	
346,429	292,73	
346,685	175,23	
346,942	1,61	
347,198	31,42	
347,454	-5,41	
347,711	234,85	
347,967	162,95	
348,223	57,73	
348,48	80,53	
348,736	19,14	
348,992	-56,27	
349,248	120,86	
349,504	-40,48	
349,761	147,17	
350,017	73,51	
350,273	-54,51	
350,529	-79,06	
350,785	169,97	
351,041	-54,51	
351,297	108,58	
351,554	117,35	
351,81	-94,85	
352,066	208,55	
352,322	117,35	
352,578	736,42	
352,834	203,29	
353,09	308,51	
353,346	143,66	
353,602	171,72	
353,858	-47,5	
354,114	99,82	
354,369	103,32	
354,625	-21,19	
354,881	-31,71	
355,137	194,52	
355,393	-89,59	
355,649	-3,65	
355,905	-145,71	
356,16	3,36	
356,416	220,82	
356,672	71,76	
356,928	34,93	
357,183	124,37	
357,439	-38,73	
357,695	84,03	
357,951	-33,47	
358,206	229,59	
358,462	227,84	
358,718	94,56	
358,973	257,65	
359,229	145,41	
359,484	77,02	
359,74	3,36	
359,996	203,29	
360,251	175,23	
360,507	-45,74	
360,762	205,04	
361,018	245,38	
361,273	64,74	
361,529	-36,97	
361,784	459,33	
362,04	29,67	
362,295	127,88	
362,55	-107,12	
362,806	161,2	
363,061	234,85	
363,316	22,65	
363,572	376,91	
363,827	70	
364,082	418,99	
364,338	129,63	
364,593	-47,5	
364,848	350,6	
365,104	-93,09	
365,359	105,08	
365,614	10,38	
365,869	226,08	
366,124	71,76	
366,38	238,36	
366,635	394,44	
366,89	213,81	
367,145	159,44	
367,4	229,59	
367,655	191,01	
367,91	-170,26	
368,165	119,11	
368,42	6,87	
368,675	248,88	
368,93	138,4	
369,185	501,42	
369,44	152,43	
369,695	180,49	
369,95	161,2	
370,205	27,91	
370,46	150,67	
370,715	210,3	
370,97	126,12	
371,225	411,98	
371,48	313,77	
371,734	55,97	
371,989	180,49	
372,244	-103,62	
372,499	276,94	
372,754	375,15	
373,008	-254,44	
373,263	108,58	
373,518	331,31	
373,773	101,57	
374,027	91,05	
374,282	140,15	
374,537	206,79	
374,791	334,82	
375,046	224,33	
375,301	359,37	
375,555	222,58	
375,81	-24,7	
376,064	105,08	
376,319	205,04	
376,573	162,95	
376,828	-112,38	
377,082	-24,7	
377,337	303,25	
377,591	1,61	
377,846	12,13	
378,1	313,77	
378,355	266,42	
378,609	426,01	
378,863	50,71	
379,118	269,93	
379,372	133,14	
379,627	236,61	
379,881	301,49	
380,135	345,34	
380,389	10,38	
380,644	-19,44	
380,898	389,18	
381,152	-61,53	
381,407	-58,02	
381,661	259,41	
381,915	362,88	
382,169	178,73	
382,423	212,05	
382,677	-17,68	
382,932	289,22	
383,186	98,06	
383,44	-21,19	
383,694	-135,18	
383,948	13,88	
384,202	226,08	
384,456	201,53	
384,71	75,26	
384,964	-3,65	
385,218	271,68	
385,472	152,43	
385,726	140,15	
385,98	287,46	
386,234	112,09	
386,488	3,36	
386,742	185,75	
386,996	299,74	
387,249	320,79	
387,503	461,08	
387,757	84,03	
388,011	161,2	
388,265	238,36	
388,518	143,66	
388,772	182,24	
389,026	215,56	
389,28	131,38	
389,533	71,76	
389,787	322,54	
390,041	99,82	
390,295	-115,89	
390,548	164,7	
390,802	141,91	
391,055	282,2	
391,309	334,82	
391,563	80,53	
391,816	290,97	
392,07	201,53	
392,323	299,74	
392,577	206,79	
392,83	252,39	
393,084	-0,15	
393,337	171,72	
393,591	438,29	
393,844	122,61	
394,098	89,29	
394,351	15,64	
394,604	557,54	
394,858	308,51	
395,111	98,06	
395,364	164,7	
395,618	208,55	
395,871	38,44	
396,124	369,89	
396,378	324,29	
396,631	227,84	
396,884	722,39	
397,137	592,61	
397,391	417,24	
397,644	345,34	
397,897	659,25	
398,15	401,46	
398,403	417,24	
398,657	333,06	
398,91	310,26	
399,163	26,16	
399,416	327,8	
399,669	-21,19	
399,922	101,57	
400,175	240,11	
400,428	283,96	
400,681	-35,22	
400,934	57,73	
401,187	354,11	
401,44	96,31	
401,693	62,99	
401,946	348,85	
402,199	443,55	
402,452	354,11	
402,704	199,78	
402,957	331,31	
403,21	196,27	
403,463	138,4	
403,716	-24,7	
403,969	269,93	
404,221	208,55	
404,474	373,4	
404,727	315,52	
404,98	371,64	
405,232	280,45	
405,485	189,26	
405,738	320,79	
405,99	-36,97	
406,243	369,89	
406,496	15,64	
406,748	401,46	
407,001	382,17	
407,253	301,49	
407,506	413,73	
407,759	510,19	
408,011	299,74	
408,264	729,4	
408,516	534,74	
408,769	601,38	
409,021	568,06	
409,274	515,45	
409,526	762,72	
409,778	548,77	
410,031	803,06	
410,283	917,05	
410,536	543,51	
410,788	448,81	
411,04	696,08	
411,293	634,7	
411,545	613,66	
411,797	333,06	
412,049	769,74	
412,302	952,13	
412,554	680,3	
412,806	1066,12	
413,058	876,72	
413,311	1080,15	
413,563	880,22	
413,815	934,59	
414,067	1085,41	
414,319	1369,51	
414,571	808,32	
414,823	1083,66	
415,075	1222,2	
415,328	1136,27	
415,58	1201,16	
415,832	969,66	
416,084	1511,57	
416,336	1450,19	
416,588	1232,72	
416,84	1208,17	
417,091	1513,32	
417,343	1385,3	
417,595	1522,09	
417,847	1480	
418,099	1667,65	
418,351	1722,01	
418,603	1350,22	
418,855	1537,87	
419,106	1751,83	
419,358	2146,41	
419,61	1750,07	
419,862	1981,56	
420,114	1811,45	
420,365	2244,62	
420,617	2035,93	
420,869	2405,97	
421,12	1988,58	
421,372	2281,45	
421,624	2355,11	
421,875	2516,45	
422,127	2607,64	
422,379	2605,89	
422,63	2632,2	
422,882	2700,59	
423,133	2581,34	
423,385	2872,46	
423,636	2882,98	
423,888	2916,3	
424,139	3091,67	
424,391	3154,81	
424,642	2763,73	
424,894	3231,97	
425,145	3370,52	
425,396	3352,98	
425,648	3619,55	
425,899	3414,36	
426,151	3784,4	
426,402	3794,92	
426,653	3505,55	
426,905	3866,82	
427,156	4240,36	
427,407	4131,63	
427,658	4550,77	
427,91	4482,38	
428,161	4396,45	
428,412	4703,35	
428,663	4810,33	
428,914	4696,33	
429,166	4708,61	
429,417	5229,47	
429,668	5036,56	
429,919	5397,82	
430,17	5608,27	
430,421	5620,55	
430,672	5611,78	
430,923	5599,5	
431,174	6029,17	
431,425	6053,72	
431,676	5995,84	
431,927	6553,53	
432,178	6637,71	
432,429	6695,58	
432,68	7125,24	
432,931	6962,15	
433,182	7419,87	
433,433	7174,35	
433,683	7312,89	
433,934	7625,06	
434,185	7635,58	
434,436	8165,2	
434,687	8547,52	
434,937	8410,73	
435,188	8935,09	
435,439	9045,57	
435,69	9113,97	
435,94	9519,08	
436,191	9531,36	
436,442	9845,27	
436,692	10231,09	
436,943	10495,91	
437,194	10380,16	
437,444	11227,21	
437,695	11160,57	
437,945	10971,17	
438,196	11698,96	
438,447	11662,13	
438,697	12247,88	
438,948	12467,09	
439,198	12642,47	
439,449	13107,2	
439,699	13664,89	
439,949	13831,49	
440,2	13733,28	
440,45	14441,79	
440,701	14917,05	
440,951	14803,06	
441,201	15194,14	
441,452	15899,14	
441,702	16863,69	
441,952	16334,06	
442,203	16995,22	
442,453	17331,93	
442,703	18161,44	
442,953	18001,85	
443,204	18182,49	
443,454	19371,52	
443,704	19508,31	
443,954	19695,95	
444,204	20548,27	
444,455	21148,04	
444,705	21265,54	
444,955	22382,66	
445,205	22279,19	
445,455	22957,89	
445,705	23485,76	
445,955	23987,32	
446,205	24201,28	
446,455	25300,86	
446,705	25593,74	
446,955	26531,98	
447,205	26256,64	
447,455	26788,02	
447,705	27526,34	
447,955	28610,15	
448,205	28689,06	
448,454	29615,03	
448,704	29634,32	
448,954	29411,6	
449,204	31124,99	
449,454	32005,36	
449,704	31016,26	
449,953	32089,54	
450,203	32864,69	
450,453	33515,32	
450,703	33169,83	
450,952	33439,91	
451,202	33962,52	
451,452	32799,8	
451,701	35014,75	
451,951	35632,07	
452,201	35889,86	
452,45	35207,66	
452,7	35596,99	
452,949	35179,6	
453,199	35937,21	
453,448	36272,18	
453,698	36016,13	
453,947	36319,53	
454,197	36661,5	
454,446	36963,14	
454,696	35940,72	
454,945	36507,18	
455,195	36414,23	
455,444	35935,46	
455,693	36131,88	
455,943	36126,62	
456,192	36261,65	
456,442	35055,09	
456,691	36014,38	
456,94	35369,01	
457,189	35472,48	
457,439	35447,92	
457,688	34223,82	
457,937	33781,88	
458,186	33911,66	
458,436	34008,12	
458,685	33336,44	
458,934	32899,76	
459,183	32885,73	
459,432	33255,77	
459,681	31179,35	
459,93	32122,86	
460,179	31323,16	
460,429	31723,01	
460,678	30858,42	
460,927	30248,13	
461,176	30695,33	
461,425	30432,27	
461,674	30007,87	
461,923	29327,42	
462,172	29204,66	
462,42	29160,82	
462,669	28212,05	
462,918	28466,34	
463,167	28918,8	
463,416	28124,36	
463,665	27899,89	
463,914	28273,43	
464,162	27405,34	
464,411	28361,12	
464,66	27486,01	
464,909	26549,52	
465,158	25811,2	
465,406	27435,15	
465,655	27012,5	
465,904	26879,22	
466,152	26039,18	
466,401	26004,11	
466,65	25420,12	
466,898	25646,35	
467,147	25418,36	
467,395	26602,13	
467,644	25093,92	
467,893	25495,53	
468,141	25002,73	
468,39	24587,1	
468,638	24788,78	
468,887	24858,92	
469,135	24299,49	
469,384	24981,69	
469,632	24311,76	
469,88	23969,79	
470,129	24253,89	
470,377	23831,24	
470,626	23371,76	
470,874	23527,85	
471,122	23627,81	
471,371	23443,67	
471,619	22610,65	
471,867	23327,92	
472,115	22603,63	
472,364	22512,44	
472,612	22326,54	
472,86	22684,3	
473,108	22903,52	
473,356	22231,84	
473,605	22000,35	
473,853	22679,04	
474,101	21774,12	
474,349	21800,43	
474,597	21432,14	
474,845	22186,25	
475,093	21053,34	
475,341	22007,37	
475,589	22086,28	
475,837	21695,2	
476,085	21833,75	
476,333	21533,86	
476,581	21319,91	
476,829	21623,3	
477,077	21549,64	
477,325	21574,2	
477,573	21402,33	
477,821	21397,07	
478,069	21086,66	
478,317	21681,17	
478,564	21619,79	
478,812	21253,26	
479,06	21309,38	
479,308	22000,35	
479,555	21346,21	
479,803	21926,69	
480,051	21458,45	
480,299	21525,09	
480,546	21751,32	
480,794	22231,84	
481,042	22152,93	
481,289	22298,48	
481,537	22163,45	
481,784	22145,91	
482,032	22859,68	
482,28	22835,12	
482,527	22472,1	
482,775	22759,71	
483,022	22747,44	
483,27	23352,47	
483,517	23231,47	
483,765	23643,59	
484,012	23324,41	
484,259	23447,18	
484,507	23564,67	
484,754	23633,07	
485,002	24022,4	
485,249	24217,06	
485,496	24039,93	
485,744	24543,25	
485,991	24378,4	
486,238	24523,96	
486,486	24992,21	
486,733	25093,92	
486,98	24983,44	
487,227	25907,65	
487,474	26181,23	
487,722	25481,5	
487,969	25918,18	
488,216	25800,68	
488,463	26514,44	
488,71	26381,16	
488,957	26025,15	
489,204	26810,82	
489,451	26840,64	
489,699	26852,91	
489,946	27172,09	
490,193	27703,47	
490,44	27815,71	
490,687	27815,71	
490,934	27745,56	
491,18	28108,58	
491,427	28839,88	
491,674	28180,48	
491,921	28383,91	
492,168	28938,09	
492,415	28534,74	
492,662	28906,53	
492,909	29520,33	
493,155	29071,38	
493,402	29755,33	
493,649	29729,02	
493,896	29714,99	
494,142	30320,03	
494,389	30481,37	
494,636	30398,95	
494,883	30877,71	
495,129	30628,68	
495,376	31410,85	
495,623	31253,01	
495,869	31160,06	
496,116	31928,2	
496,362	31877,34	
496,609	32015,88	
496,855	32164,95	
497,102	31821,22	
497,348	32177,22	
497,595	32677,04	
497,841	32764,72	
498,088	33213,68	
498,334	32943,6	
498,581	33283,83	
498,827	33813,45	
499,074	33566,18	
499,32	33832,74	
499,566	34483,38	
499,813	34281,7	
500,059	34707,85	
500,305	34834,12	
500,552	35461,95	
500,798	34590,35	
501,044	35114,72	
501,29	35144,53	
501,537	35376,02	
501,783	35756,58	
502,029	35931,95	
502,275	35470,72	
502,521	36156,43	
502,767	36156,43	
503,013	36787,77	
503,26	37092,92	
503,506	36789,53	
503,752	36493,15	
503,998	37075,38	
504,244	37198,14	
504,49	37333,18	
504,736	37350,72	
504,982	37078,89	
505,228	37699,71	
505,474	37918,93	
505,72	38548,51	
505,966	37697,96	
506,211	38325,79	
506,457	38457,32	
506,703	39129	
506,949	38260,9	
507,195	38376,65	
507,441	39143,03	
507,686	39155,3	
507,932	39165,82	
508,178	39200,9	
508,424	39925,19	
508,669	39211,42	
508,915	40002,35	
509,161	39642,84	
509,406	40074,25	
509,652	40097,05	
509,898	40412,72	
510,143	39735,79	
510,389	40161,94	
510,634	40307,5	
510,88	40982,68	
511,125	39919,93	
511,371	40714,36	
511,616	40940,6	
511,862	41256,27	
512,107	40793,28	
512,353	41229,96	
512,598	41238,73	
512,844	41094,92	
513,089	41484,25	
513,335	41785,89	
513,58	41836,75	
513,825	41563,17	
514,071	41652,61	
514,316	42155,93	
514,561	42036,67	
514,806	42203,28	
515,052	42466,34	
515,297	42524,21	
515,542	41878,84	
515,787	42236,6	
516,033	42392,68	
516,278	42639,96	
516,523	42669,77	
516,768	42687,31	
517,013	42883,72	
517,258	42368,13	
517,503	43344,95	
517,748	42759,21	
517,993	42824,1	
518,238	43606,26	
518,483	43387,04	
518,728	43795,66	
518,973	43618,54	
519,218	43748,31	
519,463	43816,71	
519,708	44241,11	
519,953	43693,95	
520,198	43848,27	
520,443	44151,67	
520,688	43946,48	
520,933	44200,77	
521,177	44337,56	
521,422	44425,25	
521,667	44332,3	
521,912	44183,24	
522,157	44349,84	
522,401	44456,82	
522,646	44455,06	
522,891	44558,53	
523,135	44113,09	
523,38	44342,82	
523,625	45414,35	
523,869	44234,09	
524,114	44977,67	
524,358	45168,83	
524,603	44662	
524,848	45037,3	
525,092	45340,69	
525,337	45456,44	
525,581	44423,5	
525,826	45305,62	
526,07	45794,91	
526,315	45354,72	
526,559	45580,96	
526,803	45782,63	
527,048	45754,57	
527,292	45598,49	
527,537	45596,74	
527,781	45715,99	
528,025	45298,61	
528,269	46185,99	
528,514	45689,69	
528,758	45914,16	
529,002	45289,84	
529,247	46298,23	
529,491	46093,04	
529,735	46047,45	
529,979	45970,28	
530,223	46275,43	
530,467	45798,42	
530,712	46715,62	
530,956	45686,18	
531,2	46706,85	
531,444	46529,72	
531,688	46235,1	
531,932	46585,84	
532,176	46519,2	
532,42	46145,66	
532,664	46331,55	
532,908	46829,61	
533,152	45931,7	
533,396	47094,42	
533,64	46966,4	
533,884	46585,84	
534,128	46561,29	
534,371	46943,6	
534,615	47048,82	
534,859	46598,12	
535,103	47169,83	
535,347	46613,9	
535,59	46271,92	
535,834	47650,35	
536,078	46940,09	
536,322	47078,64	
536,565	47481,99	
536,809	47215,43	
537,053	47508,3	
537,296	47154,05	
537,54	46976,92	
537,784	47027,78	
538,027	47599,49	
538,271	47960,76	
538,514	47229,46	
538,758	47638,08	
539,001	47243,49	
539,245	48111,58	
539,488	47296,1	
539,732	47960,76	
539,975	47766,1	
540,219	48037,93	
540,462	47932,7	
540,706	47850,28	
540,949	47818,71	
541,192	47895,87	
541,436	47895,87	
541,679	47920,43	
541,922	47738,04	
542,166	48423,75	
542,409	47795,91	
542,652	47648,6	
542,895	48362,37	
543,139	48358,86	
543,382	48429,01	
543,625	48076,51	
543,868	48406,21	
544,111	48246,62	
544,354	48806,06	
544,598	48009,87	
544,841	48164,19	
545,084	48778	
545,327	49086,65	
545,57	48360,61	
545,813	48404,45	
546,056	48390,43	
546,299	48686,8	
546,542	48672,77	
546,785	48955,12	
547,028	49305,87	
547,271	48955,12	
547,514	48707,85	
547,756	48770,98	
547,999	49030,54	
548,242	49083,15	
548,485	48942,85	
548,728	48949,86	
548,971	49149,79	
549,213	49097,18	
549,456	49463,71	
549,699	48846,39	
549,942	49312,89	
550,184	49114,71	
550,427	48909,53	
550,67	49628,56	
550,912	49400,57	
551,155	49311,13	
551,398	49689,94	
551,64	49712,73	
551,883	49654,86	
552,125	49102,44	
552,368	49518,07	
552,61	49419,86	
552,853	50394,93	
553,095	49532,1	
553,338	50065,23	
553,58	49656,62	
553,823	49530,35	
554,065	49747,81	
554,308	50175,72	
554,55	49526,84	
554,792	50170,46	
555,035	50314,26	
555,277	50124,86	
555,519	49942,47	
555,762	50298,48	
556,004	49674,15	
556,246	49703,97	
556,488	50384,41	
556,731	50114,34	
556,973	50154,67	
557,215	50130,12	
557,457	50493,14	
557,699	50622,92	
557,941	50273,93	
558,183	50335,31	
558,426	49716,24	
558,668	50403,7	
558,91	50159,93	
559,152	50952,62	
559,394	50573,81	
559,636	50775,49	
559,878	50049,45	
560,12	51057,84	
560,362	50598,37	
560,604	50903,51	
560,845	50463,33	
561,087	50693,07	
561,329	50805,31	
561,571	50831,61	
561,813	50868,44	
562,055	51391,05	
562,297	50577,32	
562,538	51331,42	
562,78	51042,06	
563,022	51636,57	
563,264	51017,51	
563,505	51782,13	
563,747	51170,08	
563,989	51733,03	
564,23	51876,83	
564,472	51885,6	
564,714	51583,96	
564,955	52243,36	
565,197	51917,17	
565,438	52381,91	
565,68	51755,83	
565,921	52850,15	
566,163	52646,72	
566,404	52862,43	
566,646	53363,99	
566,887	53150,04	
567,129	53293,84	
567,37	53290,34	
567,612	53306,12	
567,853	54163,69	
568,094	53881,34	
568,336	54542,5	
568,577	54295,22	
568,818	54503,92	
569,06	54546	
569,301	54970,41	
569,542	54875,71	
569,783	55145,78	
570,025	55038,8	
570,266	55554,4	
570,507	55892,87	
570,748	55280,82	
570,989	55303,61	
571,23	55349,21	
571,472	55452,68	
571,713	55526,34	
571,954	55663,13	
572,195	55498,28	
572,436	55598,24	
572,677	55612,27	
572,918	54993,2	
573,159	55573,69	
573,4	55203,65	
573,641	55396,56	
573,882	55599,99	
574,123	55350,96	
574,364	55373,76	
574,604	55607,01	
574,845	55194,88	
575,086	55023,02	
575,327	55031,79	
575,568	55410,59	
575,809	54581,08	
576,049	55408,84	
576,29	54786,27	
576,531	55100,18	
576,771	55023,02	
577,012	54505,67	
577,253	54617,91	
577,494	54412,72	
577,734	54709,1	
577,975	53835,75	
578,215	55012,5	
578,456	54047,95	
578,697	54456,56	
578,937	54370,63	
579,178	54779,25	
579,418	54465,33	
579,659	54403,95	
579,899	54177,72	
580,14	54460,07	
580,38	54402,2	
580,62	54268,92	
580,861	54182,98	
581,101	53988,32	
581,342	54474,1	
581,582	53939,22	
581,822	54163,69	
582,063	54009,36	
582,303	54177,72	
582,543	54046,19	
582,783	54044,44	
583,024	53644,59	
583,264	53444,66	
583,504	54237,35	
583,744	53499,03	
583,984	53809,44	
584,224	54076,01	
584,465	54032,16	
584,705	53460,45	
584,945	53663,88	
585,185	53411,34	
585,425	53737,54	
585,665	53541,12	
585,905	53546,38	
586,145	53514,81	
586,385	53609,51	
586,625	53576,19	
586,865	53712,98	
587,105	53371,01	
587,345	53786,64	
587,585	53378,02	
587,824	53267,54	
588,064	53805,93	
588,304	53665,63	
588,544	53530,6	
588,784	53535,86	
589,024	53709,48	
589,263	52957,13	
589,503	53679,66	
589,743	53314,89	
589,982	52825,6	
590,222	53772,61	
590,462	53164,07	
590,701	53157,05	
590,941	53269,29	
591,181	53235,97	
591,42	53257,02	
591,66	53393,81	
591,899	52958,88	
592,139	53211,42	
592,378	53251,75	
592,618	53321,9	
592,857	53341,19	
593,097	53211,42	
593,336	53730,52	
593,576	53104,44	
593,815	53851,53	
594,055	53304,37	
594,294	53688,43	
594,533	54007,61	
594,773	53627,05	
595,012	54137,39	
595,251	54109,33	
595,491	54298,73	
595,73	53991,83	
595,969	54449,55	
596,208	54253,13	
596,447	54656,49	
596,687	54453,06	
596,926	54652,98	
597,165	54714,36	
597,404	54581,08	
597,643	55119,47	
597,882	55182,61	
598,121	54896,75	
598,36	55056,34	
598,599	55708,73	
598,838	55326,41	
599,077	55473,73	
599,316	55810,44	
599,555	55449,17	
599,794	56003,35	
600,033	56092,79	
600,272	55419,36	
600,511	55864,81	
600,75	55396,56	
600,989	56013,87	
601,228	55528,09	
601,466	55822,72	
601,705	55459,7	
601,944	55471,97	
602,183	55713,99	
602,422	55501,79	
602,66	55452,68	
602,899	55654,36	
603,138	55403,58	
603,376	55426,38	
603,615	55475,48	
603,854	55026,53	
604,092	54242,61	
604,331	55065,11	
604,569	54510,93	
604,808	54125,11	
605,047	54286,45	
605,285	54049,7	
605,524	54144,4	
605,762	53902,39	
606	53362,24	
606,239	52962,39	
606,477	53623,54	
606,716	53000,97	
606,954	52936,08	
607,193	52473,1	
607,431	51978,55	
607,669	52101,31	
607,908	52039,93	
608,146	51136,76	
608,384	51133,25	
608,622	51271,8	
608,861	50526,46	
609,099	50647,47	
609,337	50349,34	
609,575	50589,6	
609,813	50077,51	
610,052	50009,11	
610,29	49126,99	
610,528	49262,03	
610,766	48725,39	
611,004	48785,01	
611,242	48958,63	
611,48	48246,62	
611,718	48262,4	
611,956	48001,1	
612,194	47610,02	
612,432	47681,92	
612,67	47259,27	
612,908	47127,74	
613,146	47080,39	
613,384	47324,16	
613,621	46489,39	
613,859	46072	
614,097	46061,48	
614,335	46122,86	
614,573	45370,51	
614,811	45787,9	
615,048	45663,38	
615,286	45160,06	
615,524	45258,27	
615,761	44867,19	
615,999	44735,66	
616,237	44253,38	
616,474	44548,01	
616,712	44232,34	
616,95	44100,81	
617,187	44009,62	
617,425	43650,1	
617,662	43099,43	
617,9	43257,27	
618,137	43015,25	
618,375	42976,67	
618,612	42776,75	
618,85	42855,66	
619,087	42622,42	
619,325	42196,26	
619,562	42538,24	
619,799	41887,61	
620,037	41578,95	
620,274	42262,91	
620,511	41172,09	
620,749	41140,52	
620,986	41056,34	
621,223	40909,03	
621,461	40419,74	
621,698	40733,66	
621,935	39805,93	
622,172	40363,62	
622,409	40118,1	
622,647	40133,88	
622,884	39595,49	
623,121	39886,61	
623,358	39281,57	
623,595	39057,09	
623,832	38769,48	
624,069	38946,61	
624,306	38509,93	
624,543	38357,36	
624,78	37915,42	
625,017	37789,15	
625,254	38001,35	
625,491	37848,78	
625,728	37552,4	
625,965	37843,51	
626,202	37089,41	
626,438	37541,87	
626,675	37112,21	
626,912	36696,58	
627,149	36645,72	
627,386	36423	
627,622	36031,92	
627,859	36487,88	
628,096	36202,03	
628,333	35707,48	
628,569	35465,46	
628,806	35460,2	
629,043	35098,93	
629,279	35042,81	
629,516	35160,31	
629,752	35126,99	
629,989	34465,84	
630,225	34362,37	
630,462	34281,7	
630,699	34371,14	
630,935	33895,88	
631,171	33908,15	
631,408	33394,31	
631,644	33325,92	
631,881	32843,64	
632,117	32929,57	
632,354	32952,37	
632,59	32791,03	
632,826	32861,18	
633,063	32575,32	
633,299	31915,92	
633,535	32482,37	
633,771	31524,84	
634,008	31500,29	
634,244	31773,87	
634,48	31195,14	
634,716	31167,08	
634,953	31000,47	
635,189	30686,56	
635,425	30939,09	
635,661	30716,37	
635,897	30772,49	
636,133	30562,04	
636,369	30251,63	
636,605	30283,2	
636,841	29739,55	
637,077	29430,89	
637,313	29122,23	
637,549	29350,22	
637,785	29565,93	
638,021	29059,1	
638,257	28901,26	
638,493	28585,59	
638,729	28678,54	
638,965	28617,16	
639,2	28557,53	
639,436	27654,36	
639,672	28145,41	
639,908	27187,87	
640,144	27242,24	
640,379	27454,44	
640,615	27370,26	
640,851	27419,37	
641,086	26593,36	
641,322	27266,79	
641,558	26726,64	
641,793	26316,27	
642,029	26607,39	
642,264	25991,83	
642,5	26388,17	
642,736	26114,59	
642,971	25849,78	
643,207	25542,88	
643,442	25206,16	
643,678	25467,47	
643,913	25635,83	
644,148	24774,75	
644,384	25114,97	
644,619	24581,84	
644,855	24611,65	
645,09	24331,05	
645,325	24443,29	
645,561	23918,93	
645,796	23796,17	
646,031	23612,03	
646,266	23559,41	
646,502	23727,77	
646,737	23005,24	
646,972	23238,48	
647,207	23052,59	
647,442	22489,64	
647,678	23036,8	
647,913	22914,04	
648,148	22195,01	
648,383	22677,29	
648,618	22186,25	
648,853	22038,93	
649,088	22037,18	
649,323	21632,07	
649,558	21995,09	
649,793	21314,64	
650,028	21528,6	
650,263	21384,79	
650,498	20942,85	
650,733	21002,48	
650,968	20858,68	
651,202	20593,86	
651,437	20763,97	
651,672	20746,44	
651,907	20432,52	
652,142	20322,03	
652,376	19876,59	
652,611	20376,4	
652,846	20227,33	
653,081	19757,33	
653,315	19559,16	
653,55	19252,26	
653,785	19452,19	
654,019	19238,23	
654,254	18645,47	
654,488	19047,08	
654,723	18940,1	
654,958	18121,11	
655,192	18333,31	
655,427	18254,39	
655,661	18317,53	
655,896	17931,71	
656,13	18156,18	
656,364	18077,27	
656,599	17854,54	
656,833	17644,09	
657,068	17559,92	
657,302	17594,99	
657,536	17461,71	
657,771	16949,62	
658,005	17247,75	
658,239	16816,34	
658,474	16693,57	
658,708	16746,19	
658,942	16756,71	
659,176	16607,64	
659,41	16707,6	
659,645	16562,05	
659,879	15978,05	
660,113	16035,93	
660,347	16895,25	
660,581	16239,36	
660,815	15672,91	
661,049	15246,75	
661,283	15609,77	
661,517	15264,29	
661,751	15406,34	
661,985	14739,92	
662,219	15116,97	
662,453	14936,34	
662,687	14585,6	
662,921	14424,25	
663,155	14617,16	
663,389	14550,52	
663,622	14105,07	
663,856	14392,69	
664,09	14119,1	
664,324	13868,32	
664,558	13922,69	
664,791	13899,89	
665,025	13496,53	
665,259	13836,75	
665,492	13459,7	
665,726	13584,22	
665,96	13061,61	
666,193	13407,09	
666,427	13089,67	
666,661	13524,59	
666,894	12531,98	
667,128	12537,24	
667,361	12972,17	
667,595	12817,84	
667,828	12909,03	
668,062	12542,5	
668,295	12028,66	
668,529	12417,99	
668,762	12070,75	
668,995	12221,57	
669,229	12218,07	
669,462	11984,82	
669,695	11625,31	
669,929	11756,84	
670,162	11407,84	
670,395	11230,72	
670,629	11518,33	
670,862	11425,38	
671,095	11130,76	
671,328	11200,9	
671,561	11095,68	
671,795	11071,13	
672,028	11072,88	
672,261	10753,7	
672,494	10585,35	
672,727	10946,61	
672,96	10734,41	
673,193	10690,57	
673,426	10317,03	
673,659	10208,29	
673,892	10245,12	
674,125	10169,71	
674,358	10134,64	
674,591	9785,65	
674,824	9976,8	
675,057	9831,24	
675,29	9887,36	
675,523	9589,23	
675,755	9773,37	
675,988	9720,76	
676,221	9340,2	
676,454	9768,11	
676,687	9436,66	
676,919	9833	
677,152	9210,42	
677,385	9010,5	
677,617	9035,05	
677,85	8931,58	
678,083	8754,46	
678,315	8693,08	
678,548	8684,31	
678,78	8538,75	
679,013	8843,9	
679,246	8524,72	
679,478	8633,45	
679,711	8717,63	
679,943	8458,08	
680,175	8579,08	
680,408	8345,84	
680,64	8263,41	
680,873	8077,52	
681,105	8333,56	
681,338	8002,11	
681,57	7817,97	
681,802	7819,72	
682,034	7702,22	
682,267	7742,56	
682,499	7551,4	
682,731	7558,41	
682,964	7758,34	
683,196	7335,69	
683,428	7674,16	
683,66	7281,33	
683,892	7653,12	
684,124	7188,38	
684,356	7302,37	
684,589	7300,62	
684,821	7381,29	
685,053	6935,84	
685,285	7172,59	
685,517	6890,24	
685,749	7025,28	
685,981	7005,99	
686,213	6730,66	
686,445	6464,09	
686,676	6546,51	
686,908	6604,39	
687,14	6316,78	
687,372	7014,76	
687,604	6586,85	
687,836	6683,3	
688,068	6393,94	
688,299	6306,25	
688,531	6227,34	
688,763	6300,99	
688,995	6400,96	
689,226	6099,31	
689,458	6181,74	
689,69	6057,22	
689,921	5932,71	
690,153	5727,52	
690,384	5773,12	
690,616	5774,87	
690,848	5752,08	
691,079	5674,91	
691,311	5538,12	
691,542	5795,92	
691,774	5406,59	
692,005	5655,62	
692,237	5845,02	
692,468	5261,03	
692,699	5539,88	
692,931	5183,87	
693,162	5140,03	
693,393	5031,29	
693,625	4975,18	
693,856	5068,12	
694,087	5020,77	
694,319	5001,48	
694,55	5150,55	
694,781	4715,62	
695,012	4987,45	
695,243	4738,42	
695,475	5161,07	
695,706	5189,13	
695,937	4522,71	
696,168	4792,79	
696,399	4682,3	
696,63	4363,13	
696,861	4619,17	
697,092	4478,87	
697,323	4638,46	
697,554	4542,01	
697,785	4410,48	
698,016	4299,99	
698,247	4296,48	
698,478	4249,13	
698,709	3963,28	
698,94	4075,51	
699,171	4319,28	
699,401	4433,27	
699,632	4064,99	
699,863	4031,67	
700,094	3922,94	
700,325	3868,57	
700,555	4368,39	
700,786	4254,39	
701,017	3935,22	
701,247	3884,36	
701,478	4089,54	
701,709	3819,47	
701,939	3805,44	
702,17	4007,12	
702,401	3815,96	
702,631	4056,22	
702,862	3584,47	
703,092	3668,65	
703,323	3417,87	
703,553	3663,39	
703,784	3684,43	
704,014	3540,63	
704,244	3537,12	
704,475	3628,31	
704,705	3316,15	
704,936	3466,97	
705,166	3367,01	
705,396	3137,27	
705,627	3558,16	
705,857	3489,77	
706,087	3175,85	
706,317	3158,32	
706,548	3140,78	
706,778	3365,25	
707,008	3324,92	
707,238	3009,25	
707,468	3119,73	
707,698	2977,68	
707,928	3310,89	
708,158	3074,14	
708,389	3039,06	
708,619	3002,23	
708,849	3177,61	
709,079	2979,43	
709,309	3116,23	
709,539	3003,99	
709,768	2779,51	
709,998	2604,14	
710,228	2742,68	
710,458	2698,84	
710,688	2835,63	
710,918	2586,6	
711,148	2628,69	
711,378	2646,23	
711,607	2525,22	
711,837	2414,74	
712,067	2455,07	
712,297	2626,94	
712,526	2625,18	
712,756	2446,3	
712,986	2372,65	
713,215	2551,53	
713,445	2669,03	
713,674	2541	
713,904	2511,19	
714,134	2235,85	
714,363	2279,7	
714,593	2391,94	
714,822	2270,93	
715,052	2351,6	
715,281	2420	
715,511	2298,99	
715,74	2323,54	
715,969	2353,35	
716,199	2477,87	
716,428	2063,99	
716,657	2149,92	
716,887	2228,84	
717,116	2055,22	
717,345	2095,56	
717,575	2267,42	
717,804	2121,86	
718,033	1904,4	
718,262	2067,5	
718,492	1921,94	
718,721	2246,38	
718,95	1771,12	
719,179	2083,28	
719,408	1802,68	
719,637	1790,41	
719,866	1986,83	
720,095	1725,52	
720,324	2162,2	
720,553	1706,23	
720,782	1909,66	
721,011	1899,14	
721,24	1765,86	
721,469	1678,17	
721,698	1636,08	
721,927	1857,05	
722,156	1823,73	
722,385	1907,91	
722,613	1534,36	
722,842	1913,17	
723,071	1437,91	
723,3	1688,69	
723,529	1857,05	
723,757	1350,22	
723,986	1367,76	
724,215	1432,65	
724,443	1634,33	
724,672	1581,72	
724,901	1557,16	
725,129	1558,92	
725,358	1509,81	
725,586	1383,54	
725,815	1550,15	
726,043	1857,05	
726,272	1506,3	
726,5	1748,32	
726,729	1464,22	
726,957	1425,63	
727,186	1353,73	
727,414	1283,58	
727,642	1145,04	
727,871	1672,91	
728,099	1643,1	
728,327	1495,78	
728,556	1376,53	
728,784	1625,56	
729,012	1069,63	
729,241	1394,07	
729,469	1197,65	
729,697	1141,53	
729,925	1353,73	
730,153	1206,42	
730,381	915,3	
730,61	1206,42	
730,838	1325,67	
731,066	1309,89	
731,294	1337,95	
731,522	1311,64	
731,75	1285,34	
731,978	1337,95	
732,206	1304,63	
732,434	943,36	
732,662	1404,59	
732,89	1169,59	
733,118	1094,18	
733,346	1285,34	
733,573	1237,98	
733,801	1246,75	
734,029	1104,7	
734,257	832,87	
734,485	1138,02	
734,712	1024,03	
734,94	978,43	
735,168	922,31	
735,396	960,9	
735,623	1074,89	
735,851	1039,81	
736,078	1002,99	
736,306	922,31	
736,534	934,59	
736,761	931,08	
736,989	1194,14	
737,216	983,69	
737,444	1497,54	
737,671	1071,38	
737,899	1455,45	
738,126	987,2	
738,354	780,26	
738,581	1304,63	
738,809	985,45	
739,036	908,28	
739,263	1017,02	
739,491	860,93	
739,718	1064,37	
739,945	869,7	
740,173	929,33	
740,4	787,28	
740,627	922,31	
740,854	704,85	
741,081	1011,75	
741,309	1153,81	
741,536	766,23	
741,763	739,93	
741,99	929,33	
742,217	787,28	
742,444	554,03	
742,671	748,7	
742,898	550,52	
743,125	743,43	
743,352	1344,96	
743,579	874,96	
743,806	554,03	
744,033	711,87	
744,26	759,22	
744,487	736,42	
744,714	652,24	
744,941	689,07	
745,167	813,58	
745,394	776,75	
745,621	1008,25	
745,848	717,13	
746,075	927,58	
746,301	780,26	
746,528	515,45	
746,755	515,45	
746,981	653,99	
747,208	703,1	
747,435	860,93	
747,661	750,45	
747,888	494,4	
748,114	752,2	
748,341	913,55	
748,567	967,91	
748,794	527,73	
749,02	575,08	
749,247	706,61	
749,473	759,22	
749,7	994,22	
749,926	927,58	
750,152	373,4	
750,379	978,43	
750,605	860,93	
750,831	701,34	
751,058	643,47	
751,284	713,62	
751,51	522,46	
751,737	831,12	
751,963	787,28	
752,189	410,23	
752,415	547,02	
752,641	582,09	
752,867	585,6	
753,094	713,62	
753,32	554,03	
753,546	853,92	
753,772	506,68	
753,998	638,21	
754,224	487,39	
754,45	590,86	
754,676	529,48	
754,902	671,53	
755,128	773,25	
755,354	568,06	
755,579	622,43	
755,805	294,48	
756,031	483,88	
756,257	429,52	
756,483	362,88	
756,709	617,17	
756,934	664,52	
757,16	457,58	
757,386	643,47	
757,612	652,24	
757,837	506,68	
758,063	473,36	
758,289	506,68	
758,514	399,7	
758,74	552,28	
758,965	675,04	
759,191	575,08	
759,416	205,04	
759,642	369,89	
759,868	273,44	
760,093	415,49	
760,318	426,01	
760,544	359,37	
760,769	343,58	
760,995	219,07	
761,22	152,43	
761,445	753,96	
761,671	604,89	
761,896	271,68	
762,121	250,64	
762,347	192,76	
762,572	697,84	
762,797	296,23	
763,022	547,02	
763,248	266,42	
763,473	532,99	
763,698	336,57	
763,923	443,55	
764,148	310,26	
764,373	376,91	
764,598	482,13	
764,823	506,68	
765,048	534,74	
765,273	653,99	
765,498	322,54	
765,723	413,73	
765,948	292,73	
766,173	397,95	
766,398	201,53	
766,623	759,22	
766,848	359,37	
767,073	210,3	
767,298	431,27	
767,522	224,33	
767,747	292,73	
767,972	285,71	
768,197	327,8	
768,421	252,39	
768,646	148,92	
768,871	224,33	
769,095	168,21	
769,32	220,82	
769,545	454,07	
769,769	275,19	
769,994	187,5	
770,218	145,41	
770,443	336,57	
770,667	182,24	
770,892	362,88	
771,116	354,11	
771,341	347,09	
771,565	348,85	
771,79	292,73	
772,014	192,76	
772,238	283,96	
772,463	301,49	
772,687	452,32	
772,911	196,27	
773,136	319,03	
773,36	290,97	
773,584	320,79	
773,808	234,85	
774,033	282,2	
774,257	312,02	
774,481	157,69	
774,705	301,49	
774,929	238,36	
775,153	359,37	
775,377	140,15	
775,602	59,48	
775,826	310,26	
776,05	215,56	
776,274	131,38	
776,498	162,95	
776,722	301,49	
776,945	233,1	
777,169	-35,22	
777,393	129,63	
777,617	155,94	
777,841	96,31	
778,065	215,56	
778,289	261,16	
778,512	220,82	
778,736	366,38	
778,96	129,63	
779,184	301,49	
779,407	429,52	
779,631	301,49	
779,855	166,46	
780,078	206,79	
780,302	233,1	
780,526	257,65	
780,749	71,76	
780,973	38,44	
781,196	294,48	
781,42	226,08	
781,643	255,9	
781,867	61,23	
782,09	231,35	
782,314	-86,08	
782,537	310,26	
782,76	115,6	
782,984	154,18	
783,207	-110,63	
783,431	273,44	
783,654	103,32	
783,877	17,39	
784,1	-1,9	
784,324	352,35	
784,547	96,31	
784,77	-59,77	
784,993	171,72	
785,216	371,64	
785,44	-19,44	
785,663	276,94	
785,886	-45,74	
786,109	185,75	
786,332	492,65	
786,555	22,65	
786,778	171,72	
787,001	133,14	
787,224	-77,31	
787,447	96,31	
787,67	26,16	
787,893	31,42	
788,116	-166,75	
788,339	-15,93	
788,561	-94,85	
788,784	94,56	
789,007	31,42	
789,23	355,86	
789,453	119,11	
789,675	238,36	
789,898	269,93	
790,121	129,63	
790,344	248,88	
790,566	324,29	
790,789	131,38	
791,012	108,58	
791,234	283,96	
791,457	241,87	
791,679	85,79	
791,902	48,96	
792,124	-147,46	
792,347	-98,35	
792,569	94,56	
792,792	54,22	
793,014	-100,11	
793,237	162,95	
793,459	-215,85	
793,681	52,47	
793,904	62,99	
794,126	41,94	
794,348	201,53	
794,571	285,71	
794,793	378,66	
795,015	5,12	
795,237	33,17	
795,46	-38,73	
795,682	-98,35	
795,904	43,7	
796,126	-52,76	
796,348	497,91	
796,57	319,03	
796,792	236,61	
797,014	117,35	
797,237	55,97	
797,459	19,14	
797,681	115,6	
797,903	164,7	
798,124	-17,68	
798,346	264,67	
798,568	48,96	
798,79	140,15	
799,012	91,05	
799,234	336,57	
799,456	-31,71	
799,678	-12,42	
799,899	324,29	
800,121	198,02	
800,343	327,8	
800,565	361,12	
800,786	243,62	
801,008	99,82	
801,23	-89,59	
801,451	290,97	
801,673	1480	
801,895	143,66	
802,116	440,04	
802,338	162,95	
802,559	119,11	
802,781	152,43	
803,002	231,35	
803,224	133,14	
803,445	-114,14	
803,667	145,41	
803,888	80,53	
804,109	99,82	
804,331	194,52	
804,552	62,99	
804,773	329,55	
804,995	-143,95	
805,216	117,35	
805,437	206,79	
805,658	264,67	
805,88	110,34	
806,101	-17,68	
806,322	147,17	
806,543	210,3	
806,764	-17,68	
806,985	259,41	
807,207	168,21	
807,428	243,62	
807,649	169,97	
807,87	13,88	
808,091	155,94	
808,312	-47,5	
808,533	-45,74	
808,754	-114,14	
808,975	82,28	
809,195	-68,54	
809,416	89,29	
809,637	210,3	
809,858	112,09	
810,079	-172,01	
810,3	96,31	
810,52	252,39	
810,741	134,89	
810,962	-243,91	
811,183	-38,73	
811,403	38,44	
811,624	176,98	
811,845	464,59	
812,065	303,25	
812,286	-14,18	
812,506	392,69	
812,727	162,95	
812,948	-72,05	
813,168	8,62	
813,389	-107,12	
813,609	271,68	
813,83	264,67	
814,05	-94,85	
814,27	43,7	
814,491	164,7	
814,711	161,2	
814,931	105,08	
815,152	129,63	
815,372	205,04	
815,592	87,54	
815,813	26,16	
816,033	33,17	
816,253	241,87	
816,473	289,22	
816,694	3,36	
816,914	101,57	
817,134	-21,19	
817,354	48,96	
817,574	155,94	
817,794	269,93	
818,014	-70,3	
818,234	-303,54	
818,454	120,86	
818,674	201,53	
818,894	245,38	
819,114	-135,18	
819,334	210,3	
819,554	257,65	
819,774	-224,62	
819,994	71,76	
820,214	182,24	
820,433	159,44	
820,653	34,93	
820,873	-72,05	
821,093	1,61	
821,312	-29,96	
821,532	-42,24	
821,752	-131,68	
821,972	-189,55	
822,191	-212,35	
822,411	326,05	
822,63	82,28	
822,85	141,91	
823,07	454,07	
823,289	-3,65	
823,509	-101,86	
823,728	150,67	
823,948	12,13	
824,167	262,91	
824,387	150,67	
824,606	-3,65	
824,825	119,11	
825,045	122,61	
825,264	-24,7	
825,483	343,58	
825,703	-10,67	
825,922	12,13	
826,141	143,66	
826,361	-172,01	
826,58	-75,56	
826,799	-115,89	
827,018	276,94	
827,237	31,42	
827,456	-122,91	
827,676	-79,06	
827,895	210,3	
828,114	-112,38	
828,333	-108,88	
828,552	-42,24	
828,771	70	
828,99	99,82	
829,209	8,62	
829,428	20,9	
829,647	40,19	
829,866	-47,5	
830,084	-208,84	
830,303	78,77	
830,522	127,88	
830,741	245,38	
830,96	257,65	
831,179	141,91	
831,397	194,52	
831,616	141,91	
831,835	85,79	
832,053	157,69	
832,272	-5,41	
832,491	70	
832,709	292,73	
832,928	110,34	
833,147	-7,16	
833,365	-54,51	
833,584	-110,63	
833,802	220,82	
834,021	6,87	
834,239	43,7	
834,458	40,19	
834,676	-26,45	
834,894	41,94	
835,113	12,13	
835,331	29,67	
835,55	112,09	
835,768	166,46	
835,986	-82,57	
836,204	115,6	
836,423	75,26	
836,641	198,02	
836,859	175,23	
837,077	289,22	
837,296	77,02	
837,514	182,24	
837,732	110,34	
837,95	-250,93	
838,168	26,16	
838,386	-36,97	
838,604	-72,05	
838,822	6,87	
839,04	155,94	
839,258	133,14	
839,476	6,87	
839,694	231,35	
839,912	-68,54	
840,13	-307,05	
840,348	8,62	
840,566	85,79	
840,783	-89,59	
841,001	-100,11	
841,219	-110,63	
841,437	254,14	
841,655	-114,14	
841,872	257,65	
842,09	20,9	
842,308	-96,6	
842,525	215,56	
842,743	168,21	
842,961	143,66	
843,178	-54,51	
843,396	12,13	
843,613	459,33	
843,831	-36,97	
844,048	248,88	
844,266	85,79	
844,483	175,23	
844,701	-105,37	
844,918	91,05	
845,136	6,87	
845,353	-47,5	
845,57	254,14	
845,788	40,19	
846,005	240,11	
846,222	-124,66	
846,439	-54,51	
846,657	362,88	
846,874	-77,31	
847,091	47,2	
847,308	99,82	
847,526	-61,53	
847,743	-143,95	
847,96	-191,3	
848,177	192,76	
848,394	-159,74	
848,611	-72,05	
848,828	70	
849,045	269,93	
849,262	-73,8	
849,479	-58,02	
849,696	140,15	
849,913	36,68	
850,13	112,09	
850,347	119,11	
850,564	115,6	
850,78	127,88	
850,997	22,65	
851,214	-1,9	
851,431	-22,94	
851,647	34,93	
851,864	-142,2	
852,081	-170,26	
852,298	91,05	
852,514	48,96	
852,731	208,55	
852,948	-228,13	
853,164	-235,15	
853,381	-208,84	
853,597	285,71	
853,814	10,38	
854,03	-105,37	
854,247	-256,19	
854,463	-51	
854,68	-94,85	
854,896	-122,91	
855,113	-5,41	
855,329	269,93	
855,545	-308,8	
855,762	77,02	
855,978	217,32	
856,194	145,41	
856,411	252,39	
856,627	-75,56	
856,843	-12,42	
857,059	-131,68	
857,275	-270,22	
857,492	198,02	
857,708	40,19	
857,924	-1,9	
858,14	75,26	
858,356	20,9	
858,572	85,79	
858,788	62,99	
859,004	41,94	
859,22	-252,68	
859,436	26,16	
859,652	240,11	
859,868	152,43	
860,084	-40,48	
860,3	475,11	
860,516	-182,53	
860,731	-15,93	
860,947	164,7	
861,163	78,77	
861,379	133,14	
861,595	-128,17	
861,81	-14,18	
862,026	-31,71	
862,242	-19,44	
862,457	-65,03	
862,673	62,99	
862,889	-36,97	
863,104	-10,67	
863,32	-86,08	
863,535	3,36	
863,751	-54,51	
863,966	-77,31	
864,182	45,45	
864,397	231,35	
864,613	185,75	
864,828	124,37	
865,044	222,58	
865,259	52,47	
865,474	152,43	
865,69	-42,24	
865,905	20,9	
866,12	59,48	
866,336	91,05	
866,551	105,08	
866,766	61,23	
866,981	-72,05	
867,196	178,73	
867,412	229,59	
867,627	-93,09	
867,842	-91,34	
868,057	-59,77	
868,272	13,88	
868,487	213,81	
868,702	-101,86	
868,917	162,95	
869,132	13,88	
869,347	-191,3	
869,562	-49,25	
869,777	206,79	
869,992	-187,79	
870,207	-152,72	
870,422	-24,7	
870,636	-79,06	
870,851	-21,19	
871,066	99,82	
871,281	36,68	
871,495	6,87	
871,71	73,51	
871,925	-219,36	
872,14	-19,44	
872,354	191,01	
872,569	-1,9	
872,783	-56,27	
872,998	17,39	
873,213	-43,99	
873,427	-117,65	
873,642	-140,44	
873,856	-79,06	
874,071	13,88	
874,285	-245,67	
874,5	-51	
874,714	-149,21	
874,928	350,6	
875,143	-229,88	
875,357	-114,14	
875,571	-182,53	
875,786	-87,83	
876	215,56	
876,214	-26,45	
876,429	17,39	
876,643	243,62	
876,857	-28,21	
877,071	31,42	
877,285	-152,72	
877,499	-112,38	
877,714	-108,88	
877,928	-201,82	
878,142	-112,38	
878,356	12,13	
878,57	-75,56	
878,784	-210,59	
878,998	141,91	
879,212	373,4	
879,426	10,38	
879,639	-194,81	
879,853	110,34	
880,067	127,88	
880,281	8,62	
880,495	-122,91	
880,709	-307,05	
880,922	147,17	
881,136	99,82	
881,35	-180,78	
881,564	-35,22	
881,777	43,7	
881,991	103,32	
882,205	-159,74	
882,418	212,05	
882,632	-173,77	
882,845	169,97	
883,059	-0,15	
883,273	85,79	
883,486	-110,63	
883,7	124,37	
883,913	120,86	
884,126	-1,9	
884,34	155,94	
884,553	89,29	
884,767	-59,77	
884,98	-257,94	
885,193	27,91	
885,407	155,94	
885,62	161,2	
885,833	45,45	
886,046	78,77	
886,26	-138,69	
886,473	85,79	
886,686	-15,93	
886,899	329,55	
887,112	-201,82	
887,326	-86,08	
887,539	-215,85	
887,752	-112,38	
887,965	191,01	
888,178	99,82	
888,391	-165	
888,604	-103,62	
888,817	19,14	
889,03	194,52	
889,243	96,31	
889,455	41,94	
889,668	-110,63	
889,881	-3,65	
890,094	199,78	
890,307	-14,18	
890,52	-149,21	
890,732	120,86	
890,945	140,15	
891,158	-136,94	
891,37	117,35	
891,583	-91,34	
891,796	71,76	
892,008	-54,51	
892,221	287,46	
892,434	-105,37	
892,646	-226,38	
892,859	8,62	
893,071	369,89	
893,284	-61,53	
893,496	12,13	
893,709	27,91	
893,921	33,17	
894,133	-157,98	
894,346	-36,97	
894,558	-63,28	
894,771	75,26	
894,983	13,88	
895,195	-224,62	
895,407	-59,77	
895,62	-250,93	
895,832	55,97	
896,044	-142,2	
896,256	127,88	
896,468	136,64	
896,681	26,16	
896,893	29,67	
897,105	34,93	
897,317	26,16	
897,529	147,17	
897,741	-66,79	
897,953	96,31	
898,165	103,32	
898,377	66,5	
898,589	75,26	
898,801	-28,21	
899,013	-31,71	
899,224	262,91	
899,436	-84,33	
899,648	73,51	
899,86	106,83	
900,072	77,02	
900,283	-49,25	
900,495	-152,72	
900,707	20,9	
900,919	85,79	
901,13	124,37	
901,342	-166,75	
901,554	-229,88	
901,765	-51	
901,977	-68,54	
902,188	62,99	
902,4	334,82	
902,611	155,94	
902,823	-38,73	
903,034	43,7	
903,246	268,17	
903,457	178,73	
903,669	205,04	
903,88	126,12	
904,091	-229,88	
904,303	71,76	
904,514	-235,15	
904,725	8,62	
904,936	82,28	
905,148	-250,93	
905,359	-47,5	
905,57	-112,38	
905,781	-51	
905,992	-266,71	
906,204	-110,63	
906,415	-131,68	
906,626	-12,42	
906,837	-105,37	
907,048	-12,42	
907,259	78,77	
907,47	61,23	
907,681	-29,96	
907,892	78,77	
908,103	-47,5	
908,314	-26,45	
908,525	112,09	
908,735	-87,83	
908,946	-5,41	
909,157	33,17	
909,368	127,88	
909,579	82,28	
909,789	52,47	
910	401,46	
910,211	-66,79	
910,421	12,13	
910,632	-322,83	
910,843	-147,46	
911,053	222,58	
911,264	-175,52	
911,475	-224,62	
911,685	92,8	
911,896	78,77	
912,106	-150,97	
912,317	-86,08	
912,527	43,7	
912,737	96,31	
912,948	-240,41	
913,158	-203,58	
913,369	59,48	
913,579	-187,79	
913,789	101,57	
914	-270,22	
914,21	299,74	
914,42	406,72	
914,63	-173,77	
914,841	-0,15	
915,051	91,05	
915,261	70	
915,471	-184,29	
915,681	296,23	
915,891	127,88	
916,101	71,76	
916,311	-15,93	
916,521	34,93	
916,731	236,61	
916,941	68,25	
917,151	169,97	
917,361	-21,19	
917,571	85,79	
917,781	-147,46	
917,991	-56,27	
918,201	166,46	
918,411	26,16	
918,621	205,04	
918,83	-79,06	
919,04	68,25	
919,25	-129,92	
919,46	-214,1	
919,669	-12,42	
919,879	217,32	
920,089	192,76	
920,298	-105,37	
920,508	133,14	
920,717	-142,2	
920,927	124,37	
921,136	-456,11	
921,346	-43,99	
921,555	-215,85	
921,765	-105,37	
921,974	31,42	
922,184	-29,96	
922,393	294,48	
922,603	226,08	
922,812	-240,41	
923,021	-10,67	
923,23	34,93	
923,44	-159,74	
923,649	162,95	
923,858	31,42	
924,067	-126,41	
924,277	5,12	
924,486	-240,41	
924,695	-124,66	
924,904	77,02	
925,113	-75,56	
925,322	-357,91	
925,531	-52,76	
925,74	-194,81	
925,949	141,91	
926,158	-100,11	
926,367	-117,65	
926,576	-175,52	
926,785	40,19	
926,994	64,74	
927,203	-143,95	
927,412	-54,51	
927,621	-15,93	
927,83	-14,18	
928,038	40,19	
928,247	52,47	
928,456	89,29	
928,665	41,94	
928,873	-22,94	
929,082	62,99	
929,291	13,88	
929,499	-38,73	
929,708	152,43	
929,916	-224,62	
930,125	-43,99	
930,333	176,98	
930,542	-98,35	
930,75	-63,28	
930,959	57,73	
931,167	-217,61	
931,376	43,7	
931,584	78,77	
931,793	-93,09	
932,001	131,38	
932,209	89,29	
932,418	166,46	
932,626	61,23	
932,834	-196,56	
933,042	-66,79	
933,251	-66,79	
933,459	-56,27	
933,667	241,87	
933,875	254,14	
934,083	-21,19	
934,291	-101,86	
934,499	-138,69	
934,707	161,2	
934,915	152,43	
935,123	-19,44	
935,331	-214,1	
935,539	-201,82	
935,747	-54,51	
935,955	-133,43	
936,163	-293,02	
936,371	-122,91	
936,579	-36,97	
936,787	-8,91	
936,995	-89,59	
937,202	134,89	
937,41	129,63	
937,618	-7,16	
937,826	6,87	
938,033	-131,68	
938,241	15,64	
938,449	-31,71	
938,656	-257,94	
938,864	-159,74	
939,071	-33,47	
939,279	-110,63	
939,486	55,97	
939,694	99,82	
939,901	-100,11	
940,109	26,16	
940,316	8,62	
940,524	61,23	
940,731	-145,71	
940,939	3,36	
941,146	-354,4	
941,353	-22,94	
941,561	297,99	
941,768	68,25	
941,975	-112,38	
942,182	-28,21	
942,39	210,3	
942,597	24,41	
942,804	-126,41	
943,011	-100,11	
943,218	57,73	
943,425	15,64	
943,632	-59,77	
943,839	-117,65	
944,046	140,15	
944,253	-82,57	
944,46	-58,02	
944,667	45,45	
944,874	-159,74	
945,081	-40,48	
945,288	-51	
945,495	24,41	
945,702	266,42	
945,909	-170,26	
946,115	1,61	
946,322	70	
946,529	-115,89	
946,736	82,28	
946,942	-179,03	
947,149	-177,27	
947,356	50,71	
947,562	-228,13	
947,769	269,93	
947,976	84,03	
948,182	203,29	
948,389	36,68	
948,595	41,94	
948,802	157,69	
949,008	-184,29	
949,215	131,38	
949,421	-229,88	
949,628	-128,17	
949,834	6,87	
950,04	94,56	
950,247	-56,27	
950,453	-75,56	
950,659	-193,06	
950,865	-110,63	
951,072	-105,37	
951,278	54,22	
951,484	-114,14	
951,69	-14,18	
951,896	89,29	
952,103	-33,47	
952,309	77,02	
952,515	-84,33	
952,721	-163,24	
952,927	-45,74	
953,133	-12,42	
953,339	369,89	
953,545	-51	
953,751	-249,18	
953,957	3,36	
954,163	-236,9	
954,369	452,32	
954,574	-59,77	
954,78	-312,31	
954,986	-28,21	
955,192	50,71	
955,398	126,12	
955,603	34,93	
955,809	-28,21	
956,015	124,37	
956,22	-187,79	
956,426	-19,44	
956,632	-205,33	
956,837	-5,41	
957,043	101,57	
957,248	-275,48	
957,454	-79,06	
957,66	-133,43	
957,865	-117,65	
958,07	34,93	
958,276	199,78	
958,481	-91,34	
958,687	-261,45	
958,892	43,7	
959,097	64,74	
959,303	-3,65	
959,508	138,4	
959,713	-108,88	
959,919	-65,03	
960,124	-194,81	
960,329	98,06	
960,534	-73,8	
960,739	-14,18	
960,945	41,94	
961,15	-40,48	
961,355	-152,72	
961,56	-165	
961,765	-124,66	
961,97	89,29	
962,175	166,46	
962,38	47,2	
962,585	-129,92	
962,79	-8,91	
962,995	-189,55	
963,2	-94,85	
963,404	178,73	
963,609	105,08	
963,814	-35,22	
964,019	96,31	
964,224	-73,8	
964,428	-154,47	
964,633	-205,33	
964,838	-296,53	
965,042	-140,44	
965,247	238,36	
965,452	-300,03	
965,656	59,48	
965,861	-105,37	
966,066	-205,33	
966,27	-166,75	
966,475	-156,23	
966,679	-217,61	
966,884	-247,42	
967,088	-119,4	
967,292	-194,81	
967,497	122,61	
967,701	8,62	
967,906	34,93	
968,11	-89,59	
968,314	-184,29	
968,518	-133,43	
968,723	313,77	
968,927	-68,54	
969,131	-117,65	
969,335	48,96	
969,539	408,47	
969,744	-312,31	
969,948	159,44	
970,152	-191,3	
970,356	120,86	
970,56	12,13	
970,764	-200,07	
970,968	-59,77	
971,172	185,75	
971,376	201,53	
971,58	66,5	
971,784	-14,18	
971,988	245,38	
972,192	6,87	
972,395	182,24	
972,599	-186,04	
972,803	159,44	
973,007	57,73	
973,21	82,28	
973,414	12,13	
973,618	-182,53	
973,822	-122,91	
974,025	191,01	
974,229	185,75	
974,432	-3,65	
974,636	26,16	
974,84	101,57	
975,043	64,74	
975,247	245,38	
975,45	-221,12	
975,654	-189,55	
975,857	126,12	
976,06	-61,53	
976,264	75,26	
976,467	-157,98	
976,671	-36,97	
976,874	-61,53	
977,077	-142,2	
977,28	3,36	
977,484	-308,8	
977,687	-42,24	
977,89	162,95	
978,093	-119,4	
978,297	-56,27	
978,5	-79,06	
978,703	229,59	
978,906	1,61	
979,109	-15,93	
979,312	-75,56	
979,515	157,69	
979,718	-24,7	
979,921	-5,41	
980,124	-133,43	
980,327	162,95	
980,53	-193,06	
980,733	-80,82	
980,936	194,52	
981,138	-51	
981,341	82,28	
981,544	-126,41	
981,747	-63,28	
981,949	-14,18	
982,152	66,5	
982,355	73,51	
982,558	-12,42	
982,76	-300,03	
982,963	-65,03	
983,165	-235,15	
983,368	-91,34	
983,571	-47,5	
983,773	19,14	
983,976	220,82	
984,178	-42,24	
984,381	-19,44	
984,583	61,23	
984,785	-179,03	
984,988	10,38	
985,19	110,34	
985,392	-212,35	
985,595	224,33	
985,797	-196,56	
985,999	-66,79	
986,202	73,51	
986,404	-101,86	
986,606	33,17	
986,808	173,47	
987,01	-42,24	
987,212	178,73	
987,415	-42,24	
987,617	-193,06	
987,819	62,99	
988,021	173,47	
988,223	105,08	
988,425	-114,14	
988,627	-280,74	
988,829	-15,93	
989,031	126,12	
989,232	159,44	
989,434	-242,16	
989,636	176,98	
989,838	-182,53	
990,04	103,32	
990,242	122,61	
990,443	-147,46	
990,645	96,31	
990,847	-51	
991,048	77,02	
991,25	-245,67	
991,452	-121,15	
991,653	-70,3	
991,855	-235,15	
992,057	96,31	
992,258	-170,26	
992,46	199,78	
992,661	-51	
992,863	87,54	
993,064	305	
993,265	-172,01	
993,467	-45,74	
993,668	129,63	
993,87	189,26	
994,071	-70,3	
994,272	-87,83	
994,473	-56,27	
994,675	-207,09	
994,876	-243,91	
995,077	-82,57	
995,278	126,12	
995,48	36,68	
995,681	-129,92	
995,882	29,67	
996,083	-26,45	
996,284	-22,94	
996,485	-145,71	
996,686	136,64	
996,887	22,65	
997,088	-61,53	
997,289	13,88	
997,49	29,67	
997,691	-35,22	
997,892	1,61	
998,092	-138,69	
998,293	173,47	
998,494	-79,06	
998,695	-19,44	
998,896	15,64	
999,096	-1,9	
999,297	-242,16	
999,498	-91,34	
999,698	-149,21	
999,899	-12,42	
1000,1	-305,29	
1000,3	-217,61	
1000,501	-61,53	
1000,701	-77,31	
1000,902	-117,65	
1001,102	312,02	
1001,303	-128,17	
1001,503	71,76	
1001,704	-22,94	
1001,904	92,8	
1002,105	-70,3	
1002,305	20,9	
1002,505	-264,96	
1002,706	-270,22	
1002,906	-240,41	
1003,106	-117,65	
1003,306	-51	
1003,507	43,7	
1003,707	10,38	
1003,907	13,88	
1004,107	-5,41	
1004,307	38,44	
1004,507	-149,21	
1004,707	-59,77	
1004,907	-264,96	
1005,107	5,12	
1005,308	62,99	
1005,507	-242,16	
1005,707	-235,15	
1005,907	-96,6	
1006,107	-35,22	
1006,307	-58,02	
1006,507	41,94	
1006,707	-52,76	
1006,907	212,05	
1007,106	131,38	
1007,306	-3,65	
1007,506	134,89	
1007,706	27,91	
1007,905	-205,33	
1008,105	-38,73	
1008,305	87,54	
1008,504	-293,02	
1008,704	22,65	
1008,903	-277,23	
1009,103	66,5	
1009,303	-38,73	
1009,502	-131,68	
1009,702	89,29	
1009,901	24,41	
1010,1	-133,43	
1010,3	-84,33	
1010,499	40,19	
1010,699	-70,3	
1010,898	-315,82	
1011,097	-135,18	
1011,296	-72,05	
1011,496	157,69	
1011,695	359,37	
1011,894	-124,66	
1012,093	73,51	
1012,293	-224,62	
1012,492	-17,68	
1012,691	-72,05	
1012,89	-8,91	
1013,089	-165	
1013,288	233,1	
1013,487	-101,86	
1013,686	-115,89	
1013,885	-165	
1014,084	-14,18	
1014,283	-82,57	
1014,482	-182,53	
1014,681	-122,91	
1014,88	-182,53	
1015,078	155,94	
1015,277	92,8	
1015,476	-19,44	
1015,675	-165	
1015,873	40,19	
1016,072	-352,65	
1016,271	33,17	
1016,47	1,61	
1016,668	27,91	
1016,867	-207,09	
1017,065	-28,21	
1017,264	-101,86	
1017,463	-159,74	
1017,661	5,12	
1017,86	-49,25	
1018,058	-5,41	
1018,256	-256,19	
1018,455	-275,48	
1018,653	-24,7	
1018,852	-36,97	
1019,05	-184,29	
1019,248	189,26	
1019,447	-161,49	
1019,645	66,5	
1019,843	-63,28	
1020,041	-291,26	
1020,24	-100,11	
1020,438	110,34	
1020,636	-133,43	
1020,834	-142,2	
1021,032	3,36	
1021,23	-161,49	
1021,428	-84,33	
1021,626	-58,02	
1021,824	52,47	
1022,022	-270,22	
1022,22	-338,62	
1022,418	-201,82	
1022,616	-154,47	
1022,814	-207,09	
1023,012	31,42	
1023,21	-91,34	
1023,408	401,46	
1023,606	-177,27	
1023,803	-214,1	
1024,001	217,32	
1024,199	-47,5	
1024,397	40,19	
1024,594	175,23	
1024,792	-3,65	
1024,99	-149,21	
1025,187	71,76	
1025,385	301,49	
1025,582	-229,88	
1025,78	-87,83	
1025,977	-147,46	
1026,175	68,25	
1026,372	-107,12	
1026,57	-138,69	
1026,767	459,33	
1026,965	-100,11	
1027,162	-280,74	
1027,359	-38,73	
1027,557	15,64	
1027,754	-143,95	
1027,951	6,87	
1028,148	-163,24	
1028,346	154,18	
1028,543	-86,08	
1028,74	-133,43	
1028,937	-68,54	
1029,134	-59,77	
1029,331	-89,59	
1029,528	98,06	
1029,725	110,34	
1029,923	-156,23	
1030,12	178,73	
1030,317	-215,85	
1030,513	54,22	
1030,71	-266,71	
1030,907	41,94	
1031,104	84,03	
1031,301	-145,71	
1031,498	-77,31	
1031,695	-250,93	
1031,892	-282,5	
1032,088	-163,24	
1032,285	-191,3	
1032,482	-128,17	
1032,678	-156,23	
1032,875	66,5	
1033,072	241,87	
1033,268	-168,5	
1033,465	182,24	
1033,662	112,09	
1033,858	161,2	
1034,055	6,87	
1034,251	-205,33	
1034,448	124,37	
1034,644	-149,21	
1034,84	-40,48	
1035,037	-121,15	
1035,233	-308,8	
1035,43	-136,94	
1035,626	-238,65	
1035,822	-138,69	
1036,019	-0,15	
1036,215	124,37	
1036,411	-150,97	
1036,607	-191,3	
1036,803	-124,66	
1037	-110,63	
1037,196	455,82	
1037,392	-266,71	
1037,588	-10,67	
1037,784	117,35	
1037,98	-29,96	
1038,176	-166,75	
1038,372	-40,48	
1038,568	-193,06	
1038,764	-94,85	
1038,96	-94,85	
1039,156	-170,26	
1039,352	-208,84	
1039,547	-157,98	
1039,743	-228,13	
1039,939	45,45	
1040,135	-231,64	
1040,331	-261,45	
1040,526	-207,09	
1040,722	-17,68	
1040,918	-228,13	
1041,113	-29,96	
1041,309	-249,18	
1041,505	-10,67	
1041,7	55,97	
1041,896	150,67	
1042,091	-94,85	
1042,287	-24,7	
1042,482	38,44	
1042,678	-36,97	
1042,873	91,05	
1043,069	-73,8	
1043,264	31,42	
1043,459	70	
1043,655	-235,15	
1043,85	-75,56	
1044,045	-400	
1044,24	-108,88	
1044,436	-233,39	
1044,631	-84,33	
1044,826	-68,54	
1045,021	-68,54	
1045,216	-68,54	
