couleur : jaune
angle source :0
angle capteur :30
source : 4000K
FLMT02171_1:101		
194,658	-1043,91	
194,923	-1043,91	
195,188	-1043,91	
195,453	-972	
195,717	-117,94	
195,982	315,23	
196,247	122,32	
196,512	-179,32	
196,777	4,82	
197,042	-123,2	
197,307	83,74	
197,572	106,54	
197,837	-12,71	
198,101	-184,58	
198,366	-114,43	
198,631	45,16	
198,896	-63,57	
199,161	322,25	
199,425	-212,64	
199,69	229,3	
199,955	46,91	
200,22	-35,51	
200,484	-323,12	
200,749	-30,25	
201,014	-33,76	
201,278	-131,97	
201,543	367,84	
201,807	-109,17	
202,072	173,18	
202,337	217,02	
202,601	125,83	
202,866	-205,62	
203,13	-223,16	
203,395	-89,88	
203,659	202,99	
203,924	-112,68	
204,189	-68,83	
204,453	125,83	
204,717	-189,84	
204,982	139,86	
205,246	52,17	
205,511	132,84	
205,775	83,74	
206,04	146,87	
206,304	-126,71	
206,568	4,82	
206,833	-158,27	
207,097	122,32	
207,361	-24,99	
207,626	-91,63	
207,89	50,42	
208,154	1,32	
208,419	225,79	
208,683	-30,25	
208,947	136,35	
209,211	171,43	
209,476	181,95	
209,74	318,74	
210,004	502,88	
210,268	187,21	
210,532	369,6	
210,796	108,29	
211,061	-96,89	
211,325	96,02	
211,589	383,63	
211,853	309,97	
212,117	96,02	
212,381	273,14	
212,645	92,51	
212,909	190,72	
213,173	115,31	
213,437	-75,85	
213,701	217,02	
213,965	6,58	
214,229	192,47	
214,493	176,69	
214,757	-28,5	
215,021	-98,65	
215,285	202,99	
215,549	-107,42	
215,813	59,19	
216,077	76,73	
216,34	-10,96	
216,604	150,38	
216,868	-33,76	
217,132	-226,67	
217,396	136,35	
217,659	53,93	
217,923	278,4	
218,187	-56,56	
218,451	124,08	
218,714	134,6	
218,978	106,54	
219,242	341,54	
219,505	290,68	
219,769	-54,8	
220,033	238,07	
220,296	220,53	
220,56	159,15	
220,824	169,67	
221,087	206,5	
221,351	55,68	
221,614	-12,71	
221,878	-86,37	
222,142	143,37	
222,405	81,99	
222,669	-109,17	
222,932	-3,95	
223,196	180,2	
223,459	155,64	
223,722	96,02	
223,986	-54,8	
224,249	194,23	
224,513	148,63	
224,776	-53,05	
225,04	4,82	
225,303	-77,6	
225,566	110,05	
225,83	202,99	
226,093	89	
226,356	-47,79	
226,62	480,08	
226,883	-142,49	
227,146	-161,78	
227,409	-16,22	
227,673	353,81	
227,936	15,35	
228,199	106,54	
228,462	276,65	
228,725	117,06	
228,989	53,93	
229,252	174,93	
229,515	45,16	
229,778	169,67	
230,041	316,99	
230,304	-131,97	
230,567	20,61	
230,83	89	
231,093	-17,98	
231,356	38,14	
231,619	-42,53	
231,882	-77,6	
232,145	120,57	
232,408	-47,79	
232,671	25,87	
232,934	-144,24	
233,197	171,43	
233,46	522,17	
233,723	10,08	
233,986	120,57	
234,249	-100,4	
234,512	113,55	
234,775	211,76	
235,037	106,54	
235,3	-88,12	
235,563	646,69	
235,826	213,52	
236,089	132,84	
236,351	115,31	
236,614	148,63	
236,877	252,1	
237,14	-160,03	
237,402	76,73	
237,665	218,78	
237,928	13,59	
238,19	-81,11	
238,453	146,87	
238,716	406,43	
238,978	6,58	
239,241	38,14	
239,503	67,96	
239,766	76,73	
240,029	143,37	
240,291	-105,66	
240,554	264,37	
240,816	141,61	
241,079	188,96	
241,341	117,06	
241,604	-288,05	
241,866	-131,97	
242,129	-182,83	
242,391	195,98	
242,653	18,85	
242,916	146,87	
243,178	-46,04	
243,441	157,4	
243,703	59,19	
243,965	-54,8	
244,228	430,98	
244,49	-16,22	
244,752	85,49	
245,015	71,46	
245,277	-42,53	
245,539	-86,37	
245,801	-240,7	
246,064	160,9	
246,326	202,99	
246,588	-21,48	
246,85	341,54	
247,112	-65,33	
247,374	206,5	
247,637	73,22	
247,899	-161,78	
248,161	81,99	
248,423	-54,8	
248,685	369,6	
248,947	211,76	
249,209	374,86	
249,471	1,32	
249,733	-77,6	
249,995	25,87	
250,257	-221,41	
250,519	138,11	
250,781	301,2	
251,043	245,08	
251,305	204,75	
251,567	401,16	
251,829	53,93	
252,091	83,74	
252,353	-98,65	
252,615	104,79	
252,876	-0,44	
253,138	176,69	
253,4	87,25	
253,662	69,71	
253,924	-277,53	
254,185	76,73	
254,447	-70,59	
254,709	338,03	
254,971	-0,44	
255,232	106,54	
255,494	297,7	
255,756	122,32	
256,017	-182,83	
256,279	-259,99	
256,541	27,62	
256,802	134,6	
257,064	-61,82	
257,326	-102,15	
257,587	118,81	
257,849	94,26	
258,11	87,25	
258,372	-154,77	
258,633	187,21	
258,895	381,87	
259,156	331,02	
259,418	67,96	
259,679	195,98	
259,941	148,63	
260,202	67,96	
260,464	-21,48	
260,725	60,94	
260,987	129,34	
261,248	97,77	
261,509	92,51	
261,771	227,55	
262,032	92,51	
262,293	218,78	
262,555	87,25	
262,816	122,32	
263,077	-5,7	
263,338	10,08	
263,6	-168,8	
263,861	-191,59	
264,122	194,23	
264,383	87,25	
264,645	-93,39	
264,906	-39,02	
265,167	-16,22	
265,428	-33,76	
265,689	-30,25	
265,95	404,67	
266,211	32,88	
266,473	-181,07	
266,734	73,22	
266,995	53,93	
267,256	85,49	
267,517	32,88	
267,778	94,26	
268,039	103,03	
268,3	369,6	
268,561	76,73	
268,822	-114,43	
269,083	124,08	
269,344	-33,76	
269,604	267,88	
269,865	-81,11	
270,126	225,79	
270,387	145,12	
270,648	-256,48	
270,909	-165,29	
271,17	57,43	
271,43	213,52	
271,691	236,31	
271,952	-47,79	
272,213	-40,77	
272,473	-221,41	
272,734	299,45	
272,995	-177,56	
273,256	-270,51	
273,516	-81,11	
273,777	-117,94	
274,038	-142,49	
274,298	204,75	
274,559	-51,3	
274,82	-51,3	
275,08	-39,02	
275,341	-230,18	
275,601	-298,57	
275,862	-37,27	
276,122	295,94	
276,383	46,91	
276,643	280,16	
276,904	197,73	
277,164	306,46	
277,425	339,78	
277,685	-37,27	
277,946	125,83	
278,206	-130,21	
278,467	-26,74	
278,727	324	
278,987	173,18	
279,248	171,43	
279,508	120,57	
279,768	94,26	
280,029	76,73	
280,289	-40,77	
280,549	25,87	
280,81	69,71	
281,07	197,73	
281,33	-123,2	
281,59	402,92	
281,851	-2,19	
282,111	52,17	
282,371	364,34	
282,631	4,82	
282,891	-128,46	
283,151	-68,83	
283,412	78,48	
283,672	13,59	
283,932	173,18	
284,192	-209,13	
284,452	-74,09	
284,712	115,31	
284,972	-77,6	
285,232	390,64	
285,492	87,25	
285,752	239,82	
286,012	25,87	
286,272	-291,56	
286,532	306,46	
286,792	152,14	
287,052	31,13	
287,312	8,33	
287,571	-26,74	
287,831	11,84	
288,091	190,72	
288,351	-156,52	
288,611	-158,27	
288,871	-3,95	
289,13	-82,86	
289,39	146,87	
289,65	99,52	
289,91	804,52	
290,17	316,99	
290,429	-32,01	
290,689	108,29	
290,949	171,43	
291,208	81,99	
291,468	-116,18	
291,728	145,12	
291,987	-177,56	
292,247	-47,79	
292,506	418,7	
292,766	201,24	
293,026	43,4	
293,285	-40,77	
293,545	143,37	
293,804	-30,25	
294,064	338,03	
294,323	164,41	
294,583	-140,74	
294,842	-117,94	
295,102	120,57	
295,361	511,65	
295,621	239,82	
295,88	227,55	
296,139	-14,47	
296,399	171,43	
296,658	34,64	
296,917	-214,39	
297,177	11,84	
297,436	367,84	
297,695	-2,19	
297,955	259,11	
298,214	-128,46	
298,473	89	
298,732	74,97	
298,992	120,57	
299,251	17,1	
299,51	22,36	
299,769	145,12	
300,028	-121,45	
300,287	83,74	
300,547	-170,55	
300,806	181,95	
301,065	-275,77	
301,324	159,15	
301,583	41,65	
301,842	194,23	
302,101	167,92	
302,36	274,9	
302,619	211,76	
302,878	73,22	
303,137	127,58	
303,396	-46,04	
303,655	174,93	
303,914	143,37	
304,173	39,9	
304,432	83,74	
304,691	-188,09	
304,95	227,55	
305,208	232,81	
305,467	-96,89	
305,726	-305,59	
305,985	-46,04	
306,244	166,17	
306,503	76,73	
306,761	160,9	
307,02	-184,58	
307,279	236,31	
307,537	131,09	
307,796	-210,89	
308,055	-95,14	
308,314	15,35	
308,572	267,88	
308,831	-135,48	
309,09	266,13	
309,348	225,79	
309,607	-28,5	
309,865	171,43	
310,124	271,39	
310,382	153,89	
310,641	-24,99	
310,9	-200,36	
311,158	74,97	
311,417	103,03	
311,675	-126,71	
311,933	-146	
312,192	148,63	
312,45	-110,92	
312,709	-30,25	
312,967	252,1	
313,226	371,35	
313,484	-140,74	
313,742	171,43	
314,001	64,45	
314,259	213,52	
314,517	248,59	
314,776	-123,2	
315,034	60,94	
315,292	118,81	
315,55	225,79	
315,809	-54,8	
316,067	89	
316,325	-44,28	
316,583	129,34	
316,841	-168,8	
317,1	262,62	
317,358	64,45	
317,616	-96,89	
317,874	-5,7	
318,132	87,25	
318,39	246,84	
318,648	178,44	
318,906	80,23	
319,164	-154,77	
319,422	-110,92	
319,68	-165,29	
319,938	43,4	
320,196	-72,34	
320,454	90,76	
320,712	-200,36	
320,97	29,37	
321,228	-49,54	
321,486	-68,83	
321,744	55,68	
322,002	-82,86	
322,26	210,01	
322,517	13,59	
322,775	-60,07	
323,033	-84,62	
323,291	52,17	
323,549	-35,51	
323,806	-42,53	
324,064	11,84	
324,322	118,81	
324,58	138,11	
324,837	-109,17	
325,095	-14,47	
325,353	299,45	
325,61	59,19	
325,868	246,84	
326,126	-75,85	
326,383	104,79	
326,641	-117,94	
326,898	-100,4	
327,156	139,86	
327,413	150,38	
327,671	10,08	
327,928	101,28	
328,186	124,08	
328,443	-70,59	
328,701	124,08	
328,958	-160,03	
329,216	169,67	
329,473	145,12	
329,731	-24,99	
329,988	390,64	
330,245	-0,44	
330,503	-109,17	
330,76	39,9	
331,017	-2,19	
331,275	96,02	
331,532	3,07	
331,789	127,58	
332,047	134,6	
332,304	-93,39	
332,561	541,46	
332,818	67,96	
333,076	69,71	
333,333	101,28	
333,59	113,55	
333,847	143,37	
334,104	225,79	
334,361	339,78	
334,618	-40,77	
334,876	227,55	
335,133	-114,43	
335,39	104,79	
335,647	-138,98	
335,904	-21,48	
336,161	-142,49	
336,418	-16,22	
336,675	-119,69	
336,932	-17,98	
337,189	353,81	
337,446	57,43	
337,703	239,82	
337,96	24,11	
338,216	-79,36	
338,473	-68,83	
338,73	-126,71	
338,987	-35,51	
339,244	-117,94	
339,501	274,9	
339,757	-210,89	
340,014	-161,78	
340,271	76,73	
340,528	69,71	
340,785	185,46	
341,041	-74,09	
341,298	181,95	
341,555	-35,51	
341,811	-105,66	
342,068	232,81	
342,325	-37,27	
342,581	80,23	
342,838	206,5	
343,094	290,68	
343,351	-140,74	
343,608	-107,42	
343,864	183,7	
344,121	60,94	
344,377	57,43	
344,634	399,41	
344,89	74,97	
345,147	-144,24	
345,403	96,02	
345,66	73,22	
345,916	-144,24	
346,172	-72,34	
346,429	302,96	
346,685	92,51	
346,942	60,94	
347,198	-82,86	
347,454	-146	
347,711	157,4	
347,967	-49,54	
348,223	-68,83	
348,48	34,64	
348,736	3,07	
348,992	1,32	
349,248	59,19	
349,504	6,58	
349,761	55,68	
350,017	-40,77	
350,273	-137,23	
350,529	-135,48	
350,785	97,77	
351,041	-217,9	
351,297	31,13	
351,554	-72,34	
351,81	-170,55	
352,066	111,8	
352,322	-70,59	
352,578	811,54	
352,834	25,87	
353,09	243,33	
353,346	-3,95	
353,602	115,31	
353,858	-93,39	
354,114	57,43	
354,369	78,48	
354,625	18,85	
354,881	-82,86	
355,137	127,58	
355,393	-214,39	
355,649	-161,78	
355,905	-19,73	
356,16	-42,53	
356,416	122,32	
356,672	8,33	
356,928	10,08	
357,183	13,59	
357,439	-168,8	
357,695	15,35	
357,951	-70,59	
358,206	81,99	
358,462	41,65	
358,718	-91,63	
358,973	122,32	
359,229	-10,96	
359,484	32,88	
359,74	-70,59	
359,996	6,58	
360,251	25,87	
360,507	-93,39	
360,762	-2,19	
361,018	115,31	
361,273	52,17	
361,529	-93,39	
361,784	345,05	
362,04	-54,8	
362,295	46,91	
362,55	-258,24	
362,806	64,45	
363,061	136,35	
363,316	-63,57	
363,572	250,34	
363,827	-63,57	
364,082	290,68	
364,338	117,06	
364,593	-67,08	
364,848	260,87	
365,104	-281,03	
365,359	-12,71	
365,614	-68,83	
365,869	53,93	
366,124	-126,71	
366,38	160,9	
366,635	171,43	
366,89	185,46	
367,145	110,05	
367,4	111,8	
367,655	76,73	
367,91	-254,73	
368,165	67,96	
368,42	-72,34	
368,675	129,34	
368,93	45,16	
369,185	309,97	
369,44	29,37	
369,695	57,43	
369,95	89	
370,205	-96,89	
370,46	-77,6	
370,715	76,73	
370,97	139,86	
371,225	285,42	
371,48	210,01	
371,734	-39,02	
371,989	115,31	
372,244	-298,57	
372,499	141,61	
372,754	245,08	
373,008	-328,39	
373,263	8,33	
373,518	257,36	
373,773	-21,48	
374,027	-28,5	
374,282	-74,09	
374,537	157,4	
374,791	274,9	
375,046	125,83	
375,301	181,95	
375,555	85,49	
375,81	-72,34	
376,064	87,25	
376,319	188,96	
376,573	-24,99	
376,828	-295,06	
377,082	-170,55	
377,337	253,85	
377,591	-116,18	
377,846	-75,85	
378,1	238,07	
378,355	113,55	
378,609	308,22	
378,863	-79,36	
379,118	118,81	
379,372	-60,07	
379,627	220,53	
379,881	150,38	
380,135	148,63	
380,389	-116,18	
380,644	-75,85	
380,898	246,84	
381,152	-114,43	
381,407	-77,6	
381,661	141,61	
381,915	346,8	
382,169	45,16	
382,423	78,48	
382,677	-112,68	
382,932	153,89	
383,186	71,46	
383,44	-40,77	
383,694	-151,26	
383,948	27,62	
384,202	129,34	
384,456	83,74	
384,71	-10,96	
384,964	-26,74	
385,218	185,46	
385,472	155,64	
385,726	83,74	
385,98	250,34	
386,234	-0,44	
386,488	-107,42	
386,742	17,1	
386,996	269,64	
387,249	166,17	
387,503	473,07	
387,757	-19,73	
388,011	-2,19	
388,265	232,81	
388,518	-19,73	
388,772	117,06	
389,026	24,11	
389,28	29,37	
389,533	-3,95	
389,787	174,93	
390,041	78,48	
390,295	-202,12	
390,548	48,67	
390,802	-131,97	
391,055	153,89	
391,309	220,53	
391,563	-172,3	
391,816	136,35	
392,07	160,9	
392,323	248,59	
392,577	183,7	
392,83	152,14	
393,084	-86,37	
393,337	13,59	
393,591	369,6	
393,844	-84,62	
394,098	-23,24	
394,351	-23,24	
394,604	322,25	
394,858	89	
395,111	59,19	
395,364	183,7	
395,618	74,97	
395,871	-28,5	
396,124	208,26	
396,378	250,34	
396,631	290,68	
396,884	695,79	
397,137	441,5	
397,391	141,61	
397,644	246,84	
397,897	537,96	
398,15	245,08	
398,403	308,22	
398,657	157,4	
398,91	206,5	
399,163	-93,39	
399,416	104,79	
399,669	-133,72	
399,922	25,87	
400,175	-9,21	
400,428	131,09	
400,681	-256,48	
400,934	-60,07	
401,187	166,17	
401,44	-54,8	
401,693	-5,7	
401,946	67,96	
402,199	316,99	
402,452	169,67	
402,704	-28,5	
402,957	132,84	
403,21	53,93	
403,463	-63,57	
403,716	-130,21	
403,969	136,35	
404,221	108,29	
404,474	120,57	
404,727	55,68	
404,98	183,7	
405,232	99,52	
405,485	25,87	
405,738	104,79	
405,99	-217,9	
406,243	227,55	
406,496	-207,38	
406,748	11,84	
407,001	139,86	
407,253	83,74	
407,506	117,06	
407,759	208,26	
408,011	-23,24	
408,264	371,35	
408,516	220,53	
408,769	253,85	
409,021	152,14	
409,274	183,7	
409,526	346,8	
409,778	92,51	
410,031	294,19	
410,283	471,31	
410,536	97,77	
410,788	-23,24	
411,04	259,11	
411,293	45,16	
411,545	10,08	
411,797	-158,27	
412,049	120,57	
412,302	301,2	
412,554	-5,7	
412,806	415,19	
413,058	194,23	
413,311	301,2	
413,563	20,61	
413,815	238,07	
414,067	143,37	
414,319	464,3	
414,571	-7,45	
414,823	146,87	
415,075	273,14	
415,328	246,84	
415,58	213,52	
415,832	55,68	
416,084	452,02	
416,336	420,46	
416,588	66,2	
416,84	-26,74	
417,091	248,59	
417,343	232,81	
417,595	266,13	
417,847	176,69	
418,099	455,53	
418,351	215,27	
418,603	-70,59	
418,855	87,25	
419,106	262,62	
419,358	441,5	
419,61	57,43	
419,862	367,84	
420,114	194,23	
420,365	611,61	
420,617	234,56	
420,869	564,26	
421,12	-5,7	
421,372	460,79	
421,624	322,25	
421,875	478,33	
422,127	506,39	
422,379	413,44	
422,63	415,19	
422,882	336,28	
423,133	367,84	
423,385	378,37	
423,636	402,92	
423,888	294,19	
424,139	437,99	
424,391	373,11	
424,642	-46,04	
424,894	313,48	
425,145	413,44	
425,396	285,42	
425,648	448,52	
425,899	215,27	
426,151	467,81	
426,402	416,95	
426,653	74,97	
426,905	395,9	
427,156	555,49	
427,407	383,63	
427,658	744,9	
427,91	685,27	
428,161	369,6	
428,412	332,77	
428,663	499,37	
428,914	234,56	
429,166	309,97	
429,417	857,13	
429,668	387,14	
429,919	743,14	
430,17	562,51	
430,421	571,28	
430,672	445,01	
430,923	346,8	
431,174	532,69	
431,425	525,68	
431,676	397,66	
431,927	520,42	
432,178	804,52	
432,429	480,08	
432,68	729,11	
432,931	818,55	
433,182	630,9	
433,433	569,52	
433,683	215,27	
433,934	637,92	
434,185	709,82	
434,436	844,86	
434,687	687,02	
434,937	720,34	
435,188	813,29	
435,439	865,9	
435,69	580,04	
435,94	890,45	
436,191	871,16	
436,442	848,37	
436,692	1025,49	
436,943	1074,6	
437,194	809,78	
437,444	964,11	
437,695	988,66	
437,945	809,78	
438,196	865,9	
438,447	1113,18	
438,697	948,33	
438,948	837,84	
439,198	902,73	
439,449	1085,12	
439,699	1106,16	
439,949	1251,72	
440,2	993,92	
440,45	1095,64	
440,701	1060,57	
440,951	1004,45	
441,201	1330,64	
441,452	1337,65	
441,702	1318,36	
441,952	1135,98	
442,203	1307,84	
442,453	1337,65	
442,703	1320,12	
442,953	1185,08	
443,204	1139,48	
443,454	1477,95	
443,704	1632,28	
443,954	1360,45	
444,204	1634,03	
444,455	1611,24	
444,705	1786,61	
444,955	1804,15	
445,205	1644,56	
445,455	1798,88	
445,705	1842,73	
445,955	1818,18	
446,205	1641,05	
446,455	2028,62	
446,705	1965,49	
446,955	2119,82	
447,205	1911,12	
447,455	2054,93	
447,705	1967,24	
447,955	2097,02	
448,205	2332,02	
448,454	2379,37	
448,704	2030,38	
448,954	2288,17	
449,204	2202,24	
449,454	2519,67	
449,704	2181,2	
449,953	2481,08	
450,203	2588,06	
450,453	2612,61	
450,703	2332,02	
450,952	2528,43	
451,202	2989,66	
451,452	2300,45	
451,701	2533,7	
451,951	2842,35	
452,201	2958,1	
452,45	2956,34	
452,7	2728,36	
452,949	2703,81	
453,199	2903,73	
453,448	2589,82	
453,698	2870,41	
453,947	3086,12	
454,197	2821,31	
454,446	3079,11	
454,696	2710,82	
454,945	2875,67	
455,195	2844,11	
455,444	3051,05	
455,693	3342,16	
455,943	2989,66	
456,192	2935,3	
456,442	3059,81	
456,691	3044,03	
456,94	2695,04	
457,189	3247,46	
457,439	2796,76	
457,688	2791,49	
457,937	2763,43	
458,186	2626,64	
458,436	2998,43	
458,685	2870,41	
458,934	2780,97	
459,183	2707,32	
459,432	3035,26	
459,681	2782,73	
459,93	2872,17	
460,179	2877,43	
460,429	2773,96	
460,678	2652,95	
460,927	2470,56	
461,176	2709,07	
461,425	2714,33	
461,674	2652,95	
461,923	2426,72	
462,172	2591,57	
462,42	2560	
462,669	2458,29	
462,918	2293,44	
463,167	3054,55	
463,416	2698,55	
463,665	2402,17	
463,914	2498,62	
464,162	2303,96	
464,411	2719,59	
464,66	2596,83	
464,909	2484,59	
465,158	2289,93	
465,406	2631,9	
465,655	2316,23	
465,904	2325	
466,152	2265,38	
466,401	2621,38	
466,65	2251,35	
466,898	2191,72	
467,147	2228,55	
467,395	2451,27	
467,644	2365,34	
467,893	2395,15	
468,141	2428,47	
468,39	2393,4	
468,638	2091,76	
468,887	2437,24	
469,135	2302,2	
469,384	2609,11	
469,632	2409,18	
469,88	2521,42	
470,129	2284,67	
470,377	2405,67	
470,626	1946,2	
470,874	2347,8	
471,122	2467,05	
471,371	2382,88	
471,619	2240,82	
471,867	2112,8	
472,115	2281,16	
472,364	2225,04	
472,612	2137,35	
472,86	2042,65	
473,108	2447,76	
473,356	2268,88	
473,605	2090	
473,853	2438,99	
474,101	2125,08	
474,349	2496,87	
474,597	2417,95	
474,845	2275,9	
475,093	2123,32	
475,341	2125,08	
475,589	2545,97	
475,837	2358,32	
476,085	2186,46	
476,333	2417,95	
476,581	2286,42	
476,829	2472,32	
477,077	2444,26	
477,325	2330,26	
477,573	2182,95	
477,821	2363,58	
478,069	2211,01	
478,317	2516,16	
478,564	2156,64	
478,812	2233,81	
479,06	2332,02	
479,308	2356,57	
479,555	2372,35	
479,803	2523,17	
480,051	2214,52	
480,299	2575,79	
480,546	2335,53	
480,794	2903,73	
481,042	2379,37	
481,289	2730,11	
481,537	2538,96	
481,784	2447,76	
482,032	2823,06	
482,28	2900,22	
482,527	2535,45	
482,775	2591,57	
483,022	2700,3	
483,27	3024,74	
483,517	2719,59	
483,765	2982,65	
484,012	2996,68	
484,259	2861,64	
484,507	2773,96	
484,754	3235,19	
485,002	2980,9	
485,249	2998,43	
485,496	3015,97	
485,744	3386,01	
485,991	3303,58	
486,238	3058,06	
486,486	3343,92	
486,733	3293,06	
486,98	3435,11	
487,227	3777,09	
487,474	3521,04	
487,722	3319,37	
487,969	3473,69	
488,216	3680,63	
488,463	4098,02	
488,71	3612,24	
488,957	3763,06	
489,204	4078,73	
489,451	3912,13	
489,699	4110,3	
489,946	4089,25	
490,193	4227,8	
490,44	4024,36	
490,687	4290,93	
490,934	4254,1	
491,18	4411,94	
491,427	4652,2	
491,674	4262,87	
491,921	4515,41	
492,168	4603,09	
492,415	4713,58	
492,662	4646,94	
492,909	4722,35	
493,155	4988,91	
493,402	5106,41	
493,649	4699,55	
493,896	4873,17	
494,142	5446,64	
494,389	5537,83	
494,636	5218,65	
494,883	5597,46	
495,129	5620,25	
495,376	5795,63	
495,623	5707,94	
495,869	5821,93	
496,116	5913,13	
496,362	6056,93	
496,609	6355,07	
496,855	6448,01	
497,102	6000,81	
497,348	6334,02	
497,595	6683,01	
497,841	6488,35	
498,088	6933,8	
498,334	6795,25	
498,581	6926,78	
498,827	6988,16	
499,074	7424,84	
499,32	7366,97	
499,566	7710,7	
499,813	7626,52	
500,059	7863,27	
500,305	8047,41	
500,552	8522,67	
500,798	8028,12	
501,044	8192,97	
501,29	8273,64	
501,537	8673,49	
501,783	8673,49	
502,029	8885,69	
502,275	8729,61	
502,521	9082,11	
502,767	9362,71	
503,013	9808,15	
503,26	10032,63	
503,506	9871,29	
503,752	9713,45	
503,998	10074,72	
504,244	10136,1	
504,49	10385,13	
504,736	10746,4	
504,982	10344,79	
505,228	10718,34	
505,474	11086,62	
505,72	11579,42	
505,966	10988,41	
506,211	11618	
506,457	11710,95	
506,703	12361,58	
506,949	11628,52	
507,195	12088	
507,441	12819,3	
507,686	12708,82	
507,932	13057,81	
508,178	13003,44	
508,424	13468,18	
508,669	13385,75	
508,915	13722,47	
509,161	13960,98	
509,406	14139,86	
509,652	14046,91	
509,898	14390,64	
510,143	14425,71	
510,389	14632,65	
510,634	14865,9	
510,88	15651,57	
511,125	14960,6	
511,371	16086,49	
511,616	15839,22	
511,862	16298,69	
512,107	16049,67	
512,353	16472,31	
512,598	16835,33	
512,844	17136,98	
513,089	17177,31	
513,335	17677,12	
513,58	17652,57	
513,825	17859,51	
514,071	17810,41	
514,316	18310,22	
514,561	18704,81	
514,806	18850,37	
515,052	19059,06	
515,297	19220,4	
515,542	19273,01	
515,787	19558,87	
516,033	19865,77	
516,278	20377,86	
516,523	19992,04	
516,768	20348,05	
517,013	20598,83	
517,258	20781,22	
517,503	21517,78	
517,748	21138,98	
517,993	21179,31	
518,238	22101,77	
518,483	21838,72	
518,728	22115,8	
518,973	22708,56	
519,218	22741,88	
519,463	22733,12	
519,708	22994,42	
519,953	23143,49	
520,198	23369,72	
520,443	23888,82	
520,688	23859,01	
520,933	23983,52	
521,177	24225,54	
521,422	24472,81	
521,667	24462,29	
521,912	24737,63	
522,157	25056,8	
522,401	25107,66	
522,646	25416,32	
522,891	25453,15	
523,135	25504	
523,38	25421,58	
523,625	26498,37	
523,869	25996,8	
524,114	26587,81	
524,358	26826,31	
524,603	26575,53	
524,848	26794,75	
525,092	27066,57	
525,337	27347,17	
525,581	27164,78	
525,826	27401,54	
526,07	27783,85	
526,315	27808,4	
526,559	27973,25	
526,803	28320,49	
527,048	28560,75	
527,292	28338,03	
527,537	28711,57	
527,781	28765,93	
528,025	28437,99	
528,269	28937,8	
528,514	29127,2	
528,758	29493,73	
529,002	29299,07	
529,247	29406,05	
529,491	29514,78	
529,735	29784,85	
529,979	29898,84	
530,223	29484,96	
530,467	29791,86	
530,712	30309,21	
530,956	29879,55	
531,2	30430,22	
531,444	30412,68	
531,688	30472,31	
531,932	31007,2	
532,176	30740,63	
532,42	30458,28	
532,664	30779,21	
532,908	31780,59	
533,152	30966,86	
533,396	31847,23	
533,64	31654,32	
533,884	31547,34	
534,128	31028,24	
534,371	31715,7	
534,615	31310,59	
534,859	31957,72	
535,103	32064,69	
535,347	31864,77	
535,59	31594,7	
535,834	32224,28	
536,078	32017,34	
536,322	32352,31	
536,565	31964,73	
536,809	32601,33	
537,053	32557,49	
537,296	32285,66	
537,54	32576,78	
537,784	32476,82	
538,027	32922,27	
538,271	33614,99	
538,514	32901,22	
538,758	33074,84	
539,001	33150,25	
539,245	33271,26	
539,488	33008,2	
539,732	33713,2	
539,975	33348,42	
540,219	33728,98	
540,462	33969,24	
540,706	33620,25	
540,949	33951,7	
541,192	34120,06	
541,436	33860,51	
541,679	33739,5	
541,922	33767,56	
542,166	34197,23	
542,409	33962,23	
542,652	33793,87	
542,895	34177,93	
543,139	34584,8	
543,382	34618,12	
543,625	34679,5	
543,868	34949,57	
544,111	34312,97	
544,354	35319,61	
544,598	34586,55	
544,841	34507,63	
545,084	35530,06	
545,327	35514,27	
545,57	34940,81	
545,813	34697,04	
546,056	34779,46	
546,299	35028,49	
546,542	35244,2	
546,785	35284,54	
547,028	35607,22	
547,271	35361,7	
547,514	35212,63	
547,756	35281,03	
547,999	35680,88	
548,242	35400,28	
548,485	35866,77	
548,728	35686,14	
548,971	35728,23	
549,213	35815,91	
549,456	36268,38	
549,699	35845,73	
549,942	36133,34	
550,184	36322,74	
550,427	36026,36	
550,67	36438,49	
550,912	36171,92	
551,155	36312,22	
551,398	36841,84	
551,64	36450,76	
551,883	36798	
552,125	36229,79	
552,368	36563	
552,61	36943,56	
552,853	37304,83	
553,095	36303,45	
553,338	36682,26	
553,58	36620,88	
553,823	37089,12	
554,065	36610,35	
554,308	37381,99	
554,55	36322,74	
554,792	37338,15	
555,035	37280,28	
555,277	37297,81	
555,519	37616,99	
555,762	37003,19	
556,004	37432,85	
556,246	36864,64	
556,488	37652,07	
556,731	37559,12	
556,973	37234,68	
557,215	37553,86	
557,457	37318,86	
557,699	37850,24	
557,941	37645,05	
558,183	37473,19	
558,426	37310,09	
558,668	37662,59	
558,91	37755,54	
559,152	37955,46	
559,394	37883,56	
559,636	37804,64	
559,878	37820,42	
560,12	38237,81	
560,362	37916,88	
560,604	38018,6	
560,845	38262,36	
561,087	38344,79	
561,329	38472,81	
561,571	38104,53	
561,813	38428,97	
562,055	38776,2	
562,297	38339,53	
562,538	38755,16	
562,78	38893,7	
563,022	38988,41	
563,264	38593,82	
563,505	39190,08	
563,747	38874,41	
563,989	39614,49	
564,23	39139,23	
564,472	39632,02	
564,714	39418,07	
564,955	39828,44	
565,197	39609,22	
565,438	40168,66	
565,68	39470,68	
565,921	40247,58	
566,163	40400,16	
566,404	40705,3	
566,646	40444	
566,887	40891,2	
567,129	40887,69	
567,37	40956,09	
567,612	40996,42	
567,853	41473,44	
568,094	41699,67	
568,336	42238,06	
568,577	42150,37	
568,818	42113,55	
569,06	42313,47	
569,301	42981,64	
569,542	42955,33	
569,783	42802,76	
570,025	42746,64	
570,266	43018,47	
570,507	43572,65	
570,748	43321,86	
570,989	43202,61	
571,23	43462,16	
571,472	43406,04	
571,713	43476,19	
571,954	43420,07	
572,195	43995,29	
572,436	43181,57	
572,677	43083,36	
572,918	42683,51	
573,159	43248,21	
573,4	43392,01	
573,641	43539,33	
573,882	43514,77	
574,123	43406,04	
574,364	42822,05	
574,604	43255,22	
574,845	43083,36	
575,086	42972,87	
575,327	43058,8	
575,568	43251,71	
575,809	42660,71	
576,049	43342,91	
576,29	42920,26	
576,531	43355,18	
576,771	42858,88	
577,012	42571,27	
577,253	42641,42	
577,494	42655,45	
577,734	43118,43	
577,975	42038,14	
578,215	43321,86	
578,456	42378,36	
578,697	42283,66	
578,937	42578,28	
579,178	42620,37	
579,418	42929,03	
579,659	42422,2	
579,899	42346,79	
580,14	42879,92	
580,38	42848,36	
580,62	42641,42	
580,861	42304,7	
581,101	42336,27	
581,342	42771,19	
581,582	42001,31	
581,822	42529,18	
582,063	42213,51	
582,303	42541,46	
582,543	42415,19	
582,783	42402,91	
583,024	42059,18	
583,264	42108,28	
583,504	42557,24	
583,744	42188,96	
583,984	42066,2	
584,224	42213,51	
584,465	42336,27	
584,705	41855,75	
584,945	42281,9	
585,185	41764,55	
585,425	41946,94	
585,665	42074,96	
585,905	41862,76	
586,145	42017,09	
586,385	42304,7	
586,625	42245,08	
586,865	42120,56	
587,105	41620,75	
587,345	42280,15	
587,585	42227,54	
587,824	41853,99	
588,064	42290,67	
588,304	41769,82	
588,544	42092,5	
588,784	42073,21	
589,024	42083,73	
589,263	41582,17	
589,503	42171,42	
589,743	42199,48	
589,982	41743,51	
590,222	42169,67	
590,462	41718,96	
590,701	41722,47	
590,941	41873,29	
591,181	41750,52	
591,42	41659,33	
591,66	42060,93	
591,899	42048,66	
592,139	41755,79	
592,378	41718,96	
592,618	41554,11	
592,857	42036,38	
593,097	41997,8	
593,336	42364,33	
593,576	41945,19	
593,815	42353,81	
594,055	42452,02	
594,294	42088,99	
594,533	42723,84	
594,773	42255,6	
595,012	43206,12	
595,251	43314,85	
595,491	42934,29	
595,73	43065,82	
595,969	42943,06	
596,208	42706,31	
596,447	43486,71	
596,687	43237,68	
596,926	43418,32	
597,165	43984,77	
597,404	43460,41	
597,643	43586,68	
597,882	43823,43	
598,121	43700,67	
598,36	43719,96	
598,599	44440,74	
598,838	44156,64	
599,077	44908,99	
599,316	45128,2	
599,555	44637,16	
599,794	44730,11	
600,033	45384,25	
600,272	44554,73	
600,511	44498,61	
600,75	44281,15	
600,989	44556,49	
601,228	44591,56	
601,466	44679,25	
601,705	44752,9	
601,944	44724,84	
602,183	44209,25	
602,422	44325	
602,66	44260,11	
602,899	44689,77	
603,138	44100,52	
603,376	44274,14	
603,615	44395,14	
603,854	44191,71	
604,092	43490,22	
604,331	43977,76	
604,569	43539,33	
604,808	42841,34	
605,047	42960,6	
605,285	42757,16	
605,524	42566,01	
605,762	42746,64	
606	42597,57	
606,239	42141,61	
606,477	42485,34	
606,716	42096,01	
606,954	41813,66	
607,193	41462,91	
607,431	41252,47	
607,669	41027,99	
607,908	41264,74	
608,146	40856,12	
608,384	40214,26	
608,622	40452,77	
608,861	39996,8	
609,099	39884,56	
609,337	39763,55	
609,575	40098,51	
609,813	39526,8	
610,052	39404,04	
610,29	38937,55	
610,528	38723,59	
610,766	38549,97	
611,004	38260,61	
611,242	38497,36	
611,48	38113,3	
611,718	37813,41	
611,956	37727,48	
612,194	37434,6	
612,432	37673,11	
612,67	37269,75	
612,908	37057,55	
613,146	37308,34	
613,384	37355,69	
613,621	36152,63	
613,859	36157,89	
614,097	36380,61	
614,335	36299,94	
614,573	35722,97	
614,811	36078,97	
615,048	35254,72	
615,286	35291,55	
615,524	35812,41	
615,761	35124,95	
615,999	35165,28	
616,237	35012,71	
616,474	35070,58	
616,712	34681,25	
616,95	34695,28	
617,187	34207,75	
617,425	34393,64	
617,662	33592,19	
617,9	34200,73	
618,137	34004,32	
618,375	33802,64	
618,612	33267,75	
618,85	33409,8	
619,087	33206,37	
619,325	32995,92	
619,562	33311,59	
619,799	32897,71	
620,037	32876,67	
620,274	33045,03	
620,511	32227,79	
620,749	32427,72	
620,986	32122,57	
621,223	32161,15	
621,461	32062,94	
621,698	31468,43	
621,935	31684,14	
622,172	31457,9	
622,409	31578,91	
622,647	31396,52	
622,884	31047,53	
623,121	31122,94	
623,358	30719,59	
623,595	30835,33	
623,832	30533,69	
624,069	30567,01	
624,306	30337,27	
624,543	30272,39	
624,78	29628,77	
625,017	29762,05	
625,254	29958,47	
625,491	29832,2	
625,728	29330,63	
625,965	29755,04	
626,202	29267,5	
626,438	28902,73	
626,675	29116,68	
626,912	28820,3	
627,149	28871,16	
627,386	28855,37	
627,622	28402,91	
627,859	28281,91	
628,096	28306,46	
628,333	27994,3	
628,569	27913,62	
628,806	28080,23	
629,043	27699,67	
629,279	27848,74	
629,516	27538,33	
629,752	27501,5	
629,989	27045,53	
630,225	27173,55	
630,462	27115,68	
630,699	26808,78	
630,935	26594,82	
631,171	26577,28	
631,408	26244,08	
631,644	26086,24	
631,881	26023,11	
632,117	26031,88	
632,354	26068,7	
632,59	25726,73	
632,826	25977,51	
633,063	25595,2	
633,299	25204,12	
633,535	25393,52	
633,771	24728,86	
634,008	25207,62	
634,244	24493,86	
634,48	24814,79	
634,716	24222,03	
634,953	24562,25	
635,189	24104,53	
635,425	24437,74	
635,661	24185,2	
635,897	23825,69	
636,133	23978,26	
636,369	24008,08	
636,605	23683,64	
636,841	23578,41	
637,077	23161,03	
637,313	23166,29	
637,549	23445,13	
637,785	23103,15	
638,021	22934,79	
638,257	22848,86	
638,493	22161,4	
638,729	22506,89	
638,965	22575,28	
639,2	22617,37	
639,436	21738,75	
639,672	22152,63	
639,908	21880,81	
640,144	21265,25	
640,379	21626,51	
640,615	21619,5	
640,851	21377,49	
641,086	21135,47	
641,322	21123,2	
641,558	20991,67	
641,793	20777,71	
642,029	20930,29	
642,264	20297,19	
642,5	21135,47	
642,736	20642,67	
642,971	20255,1	
643,207	20298,94	
643,442	19674,62	
643,678	20188,46	
643,913	20432,23	
644,148	19660,59	
644,384	19906,11	
644,619	19867,53	
644,855	19329,13	
645,09	19267,75	
645,325	19320,36	
645,561	19078,35	
645,796	18796	
646,031	18987,16	
646,266	18545,22	
646,502	18894,21	
646,737	18222,53	
646,972	18454,02	
647,207	18289,17	
647,442	17885,82	
647,678	18075,22	
647,913	18341,79	
648,148	17514,03	
648,383	17789,36	
648,618	17822,68	
648,853	17257,98	
649,088	17191,34	
649,323	16896,71	
649,558	17508,77	
649,793	16830,07	
650,028	17042,27	
650,263	16980,89	
650,498	16651,19	
650,733	16628,39	
650,968	16796,75	
651,202	16332,02	
651,437	16363,58	
651,672	16356,57	
651,907	16061,94	
652,142	16419,7	
652,376	15825,19	
652,611	16230,3	
652,846	15739,26	
653,081	15784,85	
653,315	15430,6	
653,55	15551,61	
653,785	15241,2	
654,019	15265,75	
654,254	14758,92	
654,488	15107,91	
654,723	15085,12	
654,958	14501,12	
655,192	14811,53	
655,427	14688,77	
655,661	14718,59	
655,896	14511,65	
656,13	14390,64	
656,364	14304,71	
656,599	14334,52	
656,833	13941,69	
657,068	14059,19	
657,302	14118,81	
657,536	13973,25	
657,771	13431,35	
658,005	13740,01	
658,239	13359,45	
658,474	13480,46	
658,708	13096,39	
658,942	13294,56	
659,176	13343,67	
659,41	13270,01	
659,645	13164,79	
659,879	12633,41	
660,113	12566,76	
660,347	12812,29	
660,581	12978,89	
660,815	12540,46	
661,049	12124,83	
661,283	12543,97	
661,517	12301,95	
661,751	12201,99	
661,985	11902,1	
662,219	12140,61	
662,453	11949,45	
662,687	11540,83	
662,921	11330,39	
663,155	11803,89	
663,389	11667,1	
663,622	11383	
663,856	11412,81	
664,09	11048,04	
664,324	11218,15	
664,558	11153,26	
664,791	11183,07	
665,025	10595,58	
665,259	11023,49	
665,492	10799,01	
665,726	10679,76	
665,96	10427,22	
666,193	10632,4	
666,427	10344,79	
666,661	10478,08	
666,894	9916,88	
667,128	9969,5	
667,361	10302,7	
667,595	10211,51	
667,828	10067,7	
668,062	10151,88	
668,295	9424,09	
668,529	10022,11	
668,762	9723,97	
668,995	9645,06	
669,229	9887,07	
669,462	9562,63	
669,695	8976,89	
669,929	9367,97	
670,162	9062,82	
670,395	9197,86	
670,629	9217,15	
670,862	8969,87	
671,095	8913,75	
671,328	8890,95	
671,561	8883,94	
671,795	8841,85	
672,028	8787,48	
672,261	8545,47	
672,494	8724,35	
672,727	8682,26	
672,96	8570,02	
673,193	8419,2	
673,426	8140,36	
673,659	8363,08	
673,892	8226,29	
674,125	8005,32	
674,358	8161,4	
674,591	7861,52	
674,824	7982,52	
675,057	7728,23	
675,29	8077,23	
675,523	7682,64	
675,755	7879,05	
675,988	7751,03	
676,221	7668,61	
676,454	7879,05	
676,687	7417,82	
676,919	7873,79	
677,152	7186,33	
677,385	7112,68	
677,617	7081,11	
677,85	7188,09	
678,083	7107,41	
678,315	6995,18	
678,548	6877,68	
678,78	6925,03	
679,013	7093,38	
679,246	6775,96	
679,478	6804,02	
679,711	6956,59	
679,943	6821,56	
680,175	6912,75	
680,408	6372,6	
680,64	6519,92	
680,873	6377,86	
681,105	6658,46	
681,338	6479,58	
681,57	6311,22	
681,802	6433,98	
682,034	6200,74	
682,267	6095,51	
682,499	6209,51	
682,731	6213,01	
682,964	6288,42	
683,196	5895,59	
683,428	6137,6	
683,66	5867,53	
683,892	6248,09	
684,124	5651,82	
684,356	5914,88	
684,589	5699,17	
684,821	6076,22	
685,053	5627,27	
685,285	5655,33	
685,517	5432,61	
685,749	5574,66	
685,981	5597,46	
686,213	5239,7	
686,445	5243,2	
686,676	5234,43	
686,908	5343,17	
687,14	5155,52	
687,372	5716,71	
687,604	5273,02	
687,836	5372,98	
688,068	5122,2	
688,299	5064,32	
688,531	5078,35	
688,763	5006,45	
688,995	5116,94	
689,226	4966,11	
689,458	4895,97	
689,69	4801,26	
689,921	4785,48	
690,153	4662,72	
690,384	4650,44	
690,616	4601,34	
690,848	4603,09	
691,079	4576,79	
691,311	4624,14	
691,542	4534,7	
691,774	4240,07	
692,005	4496,12	
692,237	4820,56	
692,468	4127,83	
692,699	4571,53	
692,931	4157,65	
693,162	4057,68	
693,393	3913,88	
693,625	4045,41	
693,856	4083,99	
694,087	3936,68	
694,319	3961,23	
694,55	4320,74	
694,781	3919,14	
695,012	3910,37	
695,243	3808,66	
695,475	4231,3	
695,706	4345,3	
695,937	3592,95	
696,168	3922,65	
696,399	3756,04	
696,63	3584,18	
696,861	3694,66	
697,092	3440,37	
697,323	3815,67	
697,554	3547,35	
697,785	3647,31	
698,016	3635,04	
698,247	3470,19	
698,478	3492,98	
698,709	3350,93	
698,94	3359,7	
699,171	3314,1	
699,401	3666,6	
699,632	3229,93	
699,863	3347,43	
700,094	3208,88	
700,325	3203,62	
700,555	3613,99	
700,786	3477,2	
701,017	3187,84	
701,247	3182,57	
701,478	3224,66	
701,709	3089,63	
701,939	3143,99	
702,17	3140,49	
702,401	3147,5	
702,631	3231,68	
702,862	2793,25	
703,092	3075,6	
703,323	2670,49	
703,553	2937,05	
703,784	3073,84	
704,014	2952,84	
704,244	2807,28	
704,475	3000,19	
704,705	2681,01	
704,936	2896,72	
705,166	2780,97	
705,396	2535,45	
705,627	3077,35	
705,857	2766,94	
706,087	2486,35	
706,317	2484,59	
706,548	2375,86	
706,778	2705,56	
707,008	2652,95	
707,238	2467,05	
707,468	2402,17	
707,698	2232,06	
707,928	2589,82	
708,158	2563,51	
708,389	2312,73	
708,619	2470,56	
708,849	2545,97	
709,079	2419,7	
709,309	2533,7	
709,539	2407,43	
709,768	2226,79	
709,998	2002,32	
710,228	2177,69	
710,458	2223,29	
710,688	2244,33	
710,918	2109,29	
711,148	2130,34	
711,378	2112,8	
711,607	2002,32	
711,837	2093,51	
712,067	2067,2	
712,297	2053,18	
712,526	1918,14	
712,756	1983,03	
712,986	1958,47	
713,215	1997,06	
713,445	2189,97	
713,674	1919,89	
713,904	2042,65	
714,134	1788,36	
714,363	1898,85	
714,593	1749,78	
714,822	1783,1	
715,052	1830,45	
715,281	2005,82	
715,511	1846,24	
715,74	1839,22	
715,969	1967,24	
716,199	2047,91	
716,428	1567,39	
716,657	1714,71	
716,887	1911,12	
717,116	1748,03	
717,345	1651,57	
717,575	1814,67	
717,804	1646,31	
718,033	1572,65	
718,262	1665,6	
718,492	1614,74	
718,721	1762,06	
718,95	1474,45	
719,179	1616,5	
719,408	1358,7	
719,637	1521,8	
719,866	1581,42	
720,095	1381,5	
720,324	1923,4	
720,553	1407,8	
720,782	1609,48	
721,011	1495,49	
721,24	1434,11	
721,469	1325,38	
721,698	1204,37	
721,927	1446,39	
722,156	1486,72	
722,385	1449,89	
722,613	1167,54	
722,842	1516,53	
723,071	1135,98	
723,3	1293,81	
723,529	1320,12	
723,757	1239,45	
723,986	1030,75	
724,215	1192,1	
724,443	1285,04	
724,672	1251,72	
724,901	1295,57	
725,129	1037,77	
725,358	1132,47	
725,586	1048,29	
725,815	1292,06	
726,043	1421,83	
726,272	1342,92	
726,5	1425,34	
726,729	1299,07	
726,957	1093,89	
727,186	1253,48	
727,414	972,88	
727,642	953,59	
727,871	1483,21	
728,099	1458,66	
728,327	1183,33	
728,556	1113,18	
728,784	1430,6	
729,012	730,87	
729,241	1195,6	
729,469	1053,55	
729,697	878,18	
729,925	1079,86	
730,153	950,08	
730,381	636,16	
730,61	922,02	
730,838	1062,32	
731,066	985,16	
731,294	1007,95	
731,522	1071,09	
731,75	836,09	
731,978	1060,57	
732,206	969,37	
732,434	836,09	
732,662	1043,03	
732,89	971,13	
733,118	771,2	
733,346	981,65	
733,573	929,04	
733,801	965,86	
734,029	843,1	
734,257	641,43	
734,485	907,99	
734,712	895,72	
734,94	871,16	
735,168	694,04	
735,396	871,16	
735,623	723,85	
735,851	811,54	
736,078	802,77	
736,306	655,46	
736,534	739,63	
736,761	665,98	
736,989	871,16	
737,216	632,66	
737,444	1253,48	
737,671	794	
737,899	1171,05	
738,126	823,81	
738,354	539,71	
738,581	993,92	
738,809	729,11	
739,036	655,46	
739,263	804,52	
739,491	704,56	
739,718	955,34	
739,945	623,89	
740,173	709,82	
740,4	478,33	
740,627	748,4	
740,854	546,72	
741,081	764,19	
741,309	1016,72	
741,536	550,23	
741,763	541,46	
741,99	757,17	
742,217	672,99	
742,444	364,34	
742,671	643,18	
742,898	466,05	
743,125	557,25	
743,352	1048,29	
743,579	672,99	
743,806	450,27	
744,033	548,48	
744,26	544,97	
744,487	604,6	
744,714	448,52	
744,941	518,66	
745,167	602,84	
745,394	530,94	
745,621	869,41	
745,848	578,29	
746,075	711,57	
746,301	595,83	
746,528	380,12	
746,755	367,84	
746,981	495,87	
747,208	492,36	
747,435	739,63	
747,661	701,05	
747,888	366,09	
748,114	562,51	
748,341	641,43	
748,567	794	
748,794	350,31	
749,02	497,62	
749,247	546,72	
749,473	601,09	
749,7	844,86	
749,926	764,19	
750,152	255,61	
750,379	792,25	
750,605	755,42	
750,831	541,46	
751,058	564,26	
751,284	587,06	
751,51	336,28	
751,737	622,13	
751,963	560,75	
752,189	320,49	
752,415	369,6	
752,641	448,52	
752,867	306,46	
753,094	532,69	
753,32	415,19	
753,546	804,52	
753,772	416,95	
753,998	415,19	
754,224	416,95	
754,45	497,62	
754,676	373,11	
754,902	636,16	
755,128	725,6	
755,354	513,4	
755,579	504,63	
755,805	167,92	
756,031	443,25	
756,257	285,42	
756,483	283,67	
756,709	571,28	
756,934	525,68	
757,16	420,46	
757,386	453,78	
757,612	439,75	
757,837	397,66	
758,063	329,26	
758,289	430,98	
758,514	299,45	
758,74	401,16	
758,965	544,97	
759,191	445,01	
759,416	8,33	
759,642	243,33	
759,868	115,31	
760,093	197,73	
760,318	250,34	
760,544	210,01	
760,769	141,61	
760,995	215,27	
761,22	139,86	
761,445	646,69	
761,671	595,83	
761,896	202,99	
762,121	99,52	
762,347	80,23	
762,572	525,68	
762,797	238,07	
763,022	511,65	
763,248	262,62	
763,473	355,57	
763,698	234,56	
763,923	290,68	
764,148	297,7	
764,373	488,85	
764,598	411,69	
764,823	453,78	
765,048	488,85	
765,273	559	
765,498	218,78	
765,723	250,34	
765,948	292,43	
766,173	187,21	
766,398	89	
766,623	644,93	
766,848	152,14	
767,073	67,96	
767,298	288,93	
767,522	89	
767,747	94,26	
767,972	211,76	
768,197	267,88	
768,421	160,9	
768,646	120,57	
768,871	-37,27	
769,095	171,43	
769,32	157,4	
769,545	374,86	
769,769	185,46	
769,994	46,91	
770,218	117,06	
770,443	197,73	
770,667	166,17	
770,892	180,2	
771,116	260,87	
771,341	327,51	
771,565	224,04	
771,79	243,33	
772,014	39,9	
772,238	80,23	
772,463	180,2	
772,687	494,11	
772,911	89	
773,136	331,02	
773,36	99,52	
773,584	215,27	
773,808	218,78	
774,033	162,66	
774,257	259,11	
774,481	129,34	
774,705	229,3	
774,929	143,37	
775,153	262,62	
775,377	111,8	
775,602	-44,28	
775,826	250,34	
776,05	89	
776,274	53,93	
776,498	55,68	
776,722	267,88	
776,945	243,33	
777,169	-61,82	
777,393	46,91	
777,617	101,28	
777,841	52,17	
778,065	78,48	
778,289	167,92	
778,512	320,49	
778,736	201,24	
778,96	32,88	
779,184	181,95	
779,407	287,17	
779,631	162,66	
779,855	57,43	
780,078	187,21	
780,302	97,77	
780,526	80,23	
780,749	108,29	
780,973	13,59	
781,196	271,39	
781,42	118,81	
781,643	92,51	
781,867	32,88	
782,09	129,34	
782,314	-61,82	
782,537	171,43	
782,76	6,58	
782,984	169,67	
783,207	-75,85	
783,431	199,49	
783,654	-47,79	
783,877	-35,51	
784,1	-91,63	
784,324	125,83	
784,547	99,52	
784,77	-116,18	
784,993	90,76	
785,216	332,77	
785,44	-14,47	
785,663	206,5	
785,886	-65,33	
786,109	220,53	
786,332	422,21	
786,555	94,26	
786,778	110,05	
787,001	43,4	
787,224	-142,49	
787,447	24,11	
787,67	-68,83	
787,893	-51,3	
788,116	-259,99	
788,339	1,32	
788,561	-79,36	
788,784	45,16	
789,007	29,37	
789,23	241,58	
789,453	52,17	
789,675	141,61	
789,898	166,17	
790,121	160,9	
790,344	232,81	
790,566	218,78	
790,789	80,23	
791,012	57,43	
791,234	125,83	
791,457	255,61	
791,679	-24,99	
791,902	-37,27	
792,124	-214,39	
792,347	-130,21	
792,569	-30,25	
792,792	-65,33	
793,014	-174,06	
793,237	67,96	
793,459	-128,46	
793,681	29,37	
793,904	124,08	
794,126	-158,27	
794,348	-16,22	
794,571	208,26	
794,793	325,75	
795,015	-33,76	
795,237	74,97	
795,46	-33,76	
795,682	-230,18	
795,904	-37,27	
796,126	-172,3	
796,348	411,69	
796,57	224,04	
796,792	160,9	
797,014	18,85	
797,237	-2,19	
797,459	-9,21	
797,681	-39,02	
797,903	167,92	
798,124	39,9	
798,346	208,26	
798,568	-93,39	
798,79	18,85	
799,012	-67,08	
799,234	155,64	
799,456	-170,55	
799,678	-149,51	
799,899	345,05	
800,121	96,02	
800,343	266,13	
800,565	278,4	
800,786	299,45	
801,008	55,68	
801,23	-181,07	
801,451	188,96	
801,673	1460,42	
801,895	166,17	
802,116	378,37	
802,338	34,64	
802,559	80,23	
802,781	83,74	
803,002	117,06	
803,224	87,25	
803,445	-140,74	
803,667	124,08	
803,888	122,32	
804,109	211,76	
804,331	124,08	
804,552	-3,95	
804,773	250,34	
804,995	-324,88	
805,216	125,83	
805,437	190,72	
805,658	117,06	
805,88	-44,28	
806,101	-110,92	
806,322	34,64	
806,543	178,44	
806,764	-47,79	
806,985	215,27	
807,207	80,23	
807,428	164,41	
807,649	152,14	
807,87	76,73	
808,091	173,18	
808,312	-198,61	
808,533	-86,37	
808,754	-121,45	
808,975	-53,05	
809,195	-156,52	
809,416	124,08	
809,637	36,39	
809,858	4,82	
810,079	-89,88	
810,3	99,52	
810,52	201,24	
810,741	48,67	
810,962	-261,74	
811,183	-119,69	
811,403	31,13	
811,624	166,17	
811,845	420,46	
812,065	278,4	
812,286	-175,81	
812,506	348,55	
812,727	113,55	
812,948	-102,15	
813,168	-100,4	
813,389	-105,66	
813,609	208,26	
813,83	157,4	
814,05	-114,43	
814,27	-23,24	
814,491	62,7	
814,711	67,96	
814,931	-19,73	
815,152	74,97	
815,372	103,03	
815,592	3,07	
815,813	36,39	
816,033	-161,78	
816,253	204,75	
816,473	208,26	
816,694	-114,43	
816,914	73,22	
817,134	-49,54	
817,354	-14,47	
817,574	64,45	
817,794	183,7	
818,014	-114,43	
818,234	-382,75	
818,454	115,31	
818,674	192,47	
818,894	76,73	
819,114	-205,62	
819,334	57,43	
819,554	103,03	
819,774	-202,12	
819,994	41,65	
820,214	-9,21	
820,433	132,84	
820,653	71,46	
820,873	-49,54	
821,093	-7,45	
821,312	-138,98	
821,532	-84,62	
821,752	-182,83	
821,972	-175,81	
822,191	-161,78	
822,411	195,98	
822,63	73,22	
822,85	118,81	
823,07	294,19	
823,289	-28,5	
823,509	-130,21	
823,728	113,55	
823,948	-3,95	
824,167	357,32	
824,387	104,79	
824,606	-103,91	
824,825	45,16	
825,045	67,96	
825,264	-137,23	
825,483	220,53	
825,703	-112,68	
825,922	-107,42	
826,141	145,12	
826,361	-205,62	
826,58	-107,42	
826,799	-123,2	
827,018	264,37	
827,237	-30,25	
827,456	-160,03	
827,676	-142,49	
827,895	110,05	
828,114	-195,1	
828,333	-89,88	
828,552	-109,17	
828,771	-47,79	
828,99	22,36	
829,209	-116,18	
829,428	-105,66	
829,647	43,4	
829,866	-70,59	
830,084	-217,9	
830,303	-30,25	
830,522	69,71	
830,741	171,43	
830,96	339,78	
831,179	83,74	
831,397	117,06	
831,616	45,16	
831,835	81,99	
832,053	-30,25	
832,272	-84,62	
832,491	4,82	
832,709	117,06	
832,928	39,9	
833,147	29,37	
833,365	-88,12	
833,584	-240,7	
833,802	110,05	
834,021	-58,31	
834,239	3,07	
834,458	-79,36	
834,676	-117,94	
834,894	-72,34	
835,113	-75,85	
835,331	-30,25	
835,55	15,35	
835,768	59,19	
835,986	-163,53	
836,204	-67,08	
836,423	103,03	
836,641	83,74	
836,859	145,12	
837,077	134,6	
837,296	25,87	
837,514	194,23	
837,732	34,64	
837,95	-279,28	
838,168	-74,09	
838,386	-65,33	
838,604	-124,95	
838,822	-95,14	
839,04	31,13	
839,258	74,97	
839,476	-61,82	
839,694	157,4	
839,912	-117,94	
840,13	-230,18	
840,348	-61,82	
840,566	48,67	
840,783	-163,53	
841,001	-154,77	
841,219	-151,26	
841,437	266,13	
841,655	-165,29	
841,872	127,58	
842,09	76,73	
842,308	-58,31	
842,525	199,49	
842,743	8,33	
842,961	31,13	
843,178	-133,72	
843,396	-51,3	
843,613	460,79	
843,831	-200,36	
844,048	267,88	
844,266	-49,54	
844,483	152,14	
844,701	-146	
844,918	32,88	
845,136	-77,6	
845,353	-158,27	
845,57	155,64	
845,788	150,38	
846,005	267,88	
846,222	-182,83	
846,439	-110,92	
846,657	336,28	
846,874	-79,36	
847,091	31,13	
847,308	20,61	
847,526	-53,05	
847,743	-228,42	
847,96	-272,27	
848,177	113,55	
848,394	-263,5	
848,611	-75,85	
848,828	1,32	
849,045	202,99	
849,262	-172,3	
849,479	-79,36	
849,696	167,92	
849,913	-56,56	
850,13	41,65	
850,347	71,46	
850,564	106,54	
850,78	62,7	
850,997	-3,95	
851,214	-91,63	
851,431	-130,21	
851,647	-35,51	
851,864	-224,92	
852,081	-135,48	
852,298	17,1	
852,514	74,97	
852,731	122,32	
852,948	-316,11	
853,164	-240,7	
853,381	-247,71	
853,597	243,33	
853,814	-40,77	
854,03	-147,75	
854,247	-286,3	
854,463	-121,45	
854,68	-117,94	
854,896	-196,86	
855,113	-81,11	
855,329	178,44	
855,545	-359,95	
855,762	6,58	
855,978	94,26	
856,194	162,66	
856,411	162,66	
856,627	-86,37	
856,843	-109,17	
857,059	-96,89	
857,275	-231,93	
857,492	136,35	
857,708	64,45	
857,924	-72,34	
858,14	73,22	
858,356	48,67	
858,572	-47,79	
858,788	104,79	
859,004	-68,83	
859,22	-293,31	
859,436	-67,08	
859,652	171,43	
859,868	3,07	
860,084	-63,57	
860,3	406,43	
860,516	-216,15	
860,731	-93,39	
860,947	176,69	
861,163	-24,99	
861,379	129,34	
861,595	-281,03	
861,81	-86,37	
862,026	-63,57	
862,242	-72,34	
862,457	-135,48	
862,673	41,65	
862,889	-16,22	
863,104	-123,2	
863,32	-138,98	
863,535	-33,76	
863,751	-137,23	
863,966	-128,46	
864,182	-54,8	
864,397	181,95	
864,613	111,8	
864,828	29,37	
865,044	155,64	
865,259	-21,48	
865,474	34,64	
865,69	-95,14	
865,905	34,64	
866,12	-32,01	
866,336	108,29	
866,551	-53,05	
866,766	15,35	
866,981	-224,92	
867,196	96,02	
867,412	131,09	
867,627	-93,39	
867,842	-144,24	
868,057	-81,11	
868,272	-40,77	
868,487	96,02	
868,702	-89,88	
868,917	81,99	
869,132	71,46	
869,347	-203,87	
869,562	-135,48	
869,777	150,38	
869,992	-163,53	
870,207	-116,18	
870,422	-161,78	
870,636	-191,59	
870,851	92,51	
871,066	53,93	
871,281	36,39	
871,495	-7,45	
871,71	22,36	
871,925	-270,51	
872,14	-146	
872,354	188,96	
872,569	10,08	
872,783	-81,11	
872,998	-103,91	
873,213	-60,07	
873,427	-91,63	
873,642	-160,03	
873,856	-26,74	
874,071	38,14	
874,285	-310,85	
874,5	-147,75	
874,714	-175,81	
874,928	262,62	
875,143	-230,18	
875,357	-142,49	
875,571	-224,92	
875,786	-126,71	
876	85,49	
876,214	-60,07	
876,429	127,58	
876,643	217,02	
876,857	-60,07	
877,071	-46,04	
877,285	-184,58	
877,499	-77,6	
877,714	-158,27	
877,928	-128,46	
878,142	-68,83	
878,356	4,82	
878,57	-252,98	
878,784	-209,13	
878,998	141,61	
879,212	381,87	
879,426	43,4	
879,639	-228,42	
879,853	-24,99	
880,067	69,71	
880,281	-40,77	
880,495	-95,14	
880,709	-370,47	
880,922	57,43	
881,136	234,56	
881,35	-312,6	
881,564	-37,27	
881,777	-84,62	
881,991	-14,47	
882,205	-216,15	
882,418	138,11	
882,632	-163,53	
882,845	213,52	
883,059	-88,12	
883,273	76,73	
883,486	-142,49	
883,7	78,48	
883,913	99,52	
884,126	-44,28	
884,34	118,81	
884,553	53,93	
884,767	-130,21	
884,98	-267	
885,193	-51,3	
885,407	199,49	
885,62	25,87	
885,833	32,88	
886,046	-28,5	
886,26	-167,04	
886,473	-54,8	
886,686	-54,8	
886,899	218,78	
887,112	-210,89	
887,326	-147,75	
887,539	-323,12	
887,752	-144,24	
887,965	195,98	
888,178	-17,98	
888,391	-288,05	
888,604	-74,09	
888,817	-9,21	
889,03	59,19	
889,243	113,55	
889,455	-60,07	
889,668	-233,68	
889,881	4,82	
890,094	74,97	
890,307	-49,54	
890,52	-240,7	
890,732	57,43	
890,945	120,57	
891,158	-181,07	
891,37	-24,99	
891,583	-51,3	
891,796	-109,17	
892,008	17,1	
892,221	157,4	
892,434	-117,94	
892,646	-247,71	
892,859	-40,77	
893,071	246,84	
893,284	-160,03	
893,496	-74,09	
893,709	29,37	
893,921	-7,45	
894,133	-214,39	
894,346	-137,23	
894,558	-138,98	
894,771	115,31	
894,983	55,68	
895,195	-254,73	
895,407	-54,8	
895,62	-347,68	
895,832	-68,83	
896,044	-182,83	
896,256	64,45	
896,468	160,9	
896,681	-16,22	
896,893	-32,01	
897,105	-63,57	
897,317	-10,96	
897,529	125,83	
897,741	-114,43	
897,953	50,42	
898,165	104,79	
898,377	25,87	
898,589	31,13	
898,801	-184,58	
899,013	-35,51	
899,224	94,26	
899,436	-142,49	
899,648	57,43	
899,86	15,35	
900,072	-0,44	
900,283	-19,73	
900,495	-202,12	
900,707	-10,96	
900,919	34,64	
901,13	122,32	
901,342	-140,74	
901,554	-196,86	
901,765	4,82	
901,977	-221,41	
902,188	15,35	
902,4	259,11	
902,611	-28,5	
902,823	-114,43	
903,034	-30,25	
903,246	315,23	
903,457	97,77	
903,669	160,9	
903,88	32,88	
904,091	-289,8	
904,303	199,49	
904,514	-267	
904,725	-105,66	
904,936	53,93	
905,148	-247,71	
905,359	-167,04	
905,57	-151,26	
905,781	-140,74	
905,992	-300,33	
906,204	-275,77	
906,415	-172,3	
906,626	-82,86	
906,837	-165,29	
907,048	-161,78	
907,259	71,46	
907,47	43,4	
907,681	20,61	
907,892	89	
908,103	-91,63	
908,314	-84,62	
908,525	118,81	
908,735	-35,51	
908,946	1,32	
909,157	-14,47	
909,368	90,76	
909,579	-10,96	
909,789	-119,69	
910	339,78	
910,211	38,14	
910,421	-175,81	
910,632	-254,73	
910,843	-151,26	
911,053	162,66	
911,264	-135,48	
911,475	-256,48	
911,685	99,52	
911,896	-2,19	
912,106	-252,98	
912,317	-114,43	
912,527	-82,86	
912,737	59,19	
912,948	-345,92	
913,158	-203,87	
913,369	89	
913,579	-214,39	
913,789	-9,21	
914	-310,85	
914,21	371,35	
914,42	376,61	
914,63	-174,06	
914,841	-72,34	
915,051	46,91	
915,261	73,22	
915,471	-205,62	
915,681	297,7	
915,891	-65,33	
916,101	32,88	
916,311	131,09	
916,521	-2,19	
916,731	134,6	
916,941	36,39	
917,151	148,63	
917,361	-54,8	
917,571	74,97	
917,781	-221,41	
917,991	-214,39	
918,201	213,52	
918,411	-0,44	
918,621	138,11	
918,83	-110,92	
919,04	46,91	
919,25	-202,12	
919,46	-274,02	
919,669	-170,55	
919,879	188,96	
920,089	124,08	
920,298	-24,99	
920,508	80,23	
920,717	-205,62	
920,927	73,22	
921,136	-437,12	
921,346	-40,77	
921,555	-265,25	
921,765	-47,79	
921,974	-86,37	
922,184	-167,04	
922,393	174,93	
922,603	202,99	
922,812	-228,42	
923,021	-68,83	
923,23	-17,98	
923,44	-133,72	
923,649	139,86	
923,858	106,54	
924,067	-109,17	
924,277	-37,27	
924,486	-270,51	
924,695	-133,72	
924,904	52,17	
925,113	-202,12	
925,322	-381	
925,531	-93,39	
925,74	-333,65	
925,949	71,46	
926,158	-161,78	
926,367	-124,95	
926,576	-265,25	
926,785	-9,21	
926,994	-24,99	
927,203	-98,65	
927,412	-196,86	
927,621	-144,24	
927,83	-61,82	
928,038	29,37	
928,247	24,11	
928,456	125,83	
928,665	1,32	
928,873	-203,87	
929,082	55,68	
929,291	-33,76	
929,499	31,13	
929,708	97,77	
929,916	-147,75	
930,125	-88,12	
930,333	118,81	
930,542	-117,94	
930,75	-91,63	
930,959	48,67	
931,167	-177,56	
931,376	-84,62	
931,584	34,64	
931,793	-235,44	
932,001	55,68	
932,209	46,91	
932,418	101,28	
932,626	45,16	
932,834	-191,59	
933,042	-144,24	
933,251	-205,62	
933,459	-188,09	
933,667	187,21	
933,875	222,28	
934,083	-75,85	
934,291	-114,43	
934,499	-137,23	
934,707	89	
934,915	110,05	
935,123	-67,08	
935,331	-286,3	
935,539	-198,61	
935,747	-244,21	
935,955	-219,65	
936,163	-275,77	
936,371	-221,41	
936,579	-86,37	
936,787	41,65	
936,995	-16,22	
937,202	50,42	
937,41	25,87	
937,618	-65,33	
937,826	-46,04	
938,033	-153,01	
938,241	24,11	
938,449	-149,51	
938,656	-261,74	
938,864	-163,53	
939,071	-17,98	
939,279	-160,03	
939,486	-72,34	
939,694	-37,27	
939,901	-131,97	
940,109	-135,48	
940,316	-28,5	
940,524	-68,83	
940,731	-149,51	
940,939	-70,59	
941,146	-359,95	
941,353	-154,77	
941,561	199,49	
941,768	50,42	
941,975	-105,66	
942,182	-58,31	
942,39	188,96	
942,597	36,39	
942,804	-179,32	
943,011	-172,3	
943,218	-12,71	
943,425	-109,17	
943,632	-60,07	
943,839	-138,98	
944,046	124,08	
944,253	-32,01	
944,46	-156,52	
944,667	11,84	
944,874	-105,66	
945,081	-72,34	
945,288	-163,53	
945,495	-37,27	
945,702	253,85	
945,909	-112,68	
946,115	-181,07	
946,322	-40,77	
946,529	-30,25	
946,736	80,23	
946,942	-158,27	
947,149	-277,53	
947,356	-3,95	
947,562	-300,33	
947,769	327,51	
947,976	81,99	
948,182	187,21	
948,389	4,82	
948,595	108,29	
948,802	74,97	
949,008	-131,97	
949,215	-2,19	
949,421	-209,13	
949,628	-135,48	
949,834	-2,19	
950,04	76,73	
950,247	-103,91	
950,453	-196,86	
950,659	-181,07	
950,865	-205,62	
951,072	-0,44	
951,278	48,67	
951,484	-245,96	
951,69	-39,02	
951,896	60,94	
952,103	-77,6	
952,309	115,31	
952,515	-158,27	
952,721	-153,01	
952,927	-107,42	
953,133	-32,01	
953,339	292,43	
953,545	-54,8	
953,751	-172,3	
953,957	-68,83	
954,163	-258,24	
954,369	348,55	
954,574	-32,01	
954,78	-391,52	
954,986	69,71	
955,192	17,1	
955,398	1,32	
955,603	4,82	
955,809	-53,05	
956,015	104,79	
956,22	-202,12	
956,426	-119,69	
956,632	-261,74	
956,837	-30,25	
957,043	45,16	
957,248	-277,53	
957,454	-74,09	
957,66	-128,46	
957,865	-174,06	
958,07	43,4	
958,276	222,28	
958,481	-216,15	
958,687	-261,74	
958,892	143,37	
959,097	-147,75	
959,303	-37,27	
959,508	111,8	
959,713	-135,48	
959,919	-44,28	
960,124	-175,81	
960,329	89	
960,534	-151,26	
960,739	-19,73	
960,945	-19,73	
961,15	-203,87	
961,355	-195,1	
961,56	-195,1	
961,765	-130,21	
961,97	24,11	
962,175	-32,01	
962,38	69,71	
962,585	-238,95	
962,79	-107,42	
962,995	-219,65	
963,2	-61,82	
963,404	129,34	
963,609	24,11	
963,814	-44,28	
964,019	-75,85	
964,224	-91,63	
964,428	-177,56	
964,633	-303,83	
964,838	-345,92	
965,042	-221,41	
965,247	255,61	
965,452	-293,31	
965,656	43,4	
965,861	-135,48	
966,066	-254,73	
966,27	-258,24	
966,475	-168,8	
966,679	-316,11	
966,884	-272,27	
967,088	-216,15	
967,292	-291,56	
967,497	139,86	
967,701	17,1	
967,906	-10,96	
968,11	-81,11	
968,314	-188,09	
968,518	-154,77	
968,723	225,79	
968,927	-121,45	
969,131	-181,07	
969,335	125,83	
969,539	353,81	
969,744	-333,65	
969,948	197,73	
970,152	-231,93	
970,356	-144,24	
970,56	-5,7	
970,764	-128,46	
970,968	-14,47	
971,172	118,81	
971,376	222,28	
971,58	17,1	
971,784	-153,01	
971,988	206,5	
972,192	-0,44	
972,395	103,03	
972,599	-237,19	
972,803	-49,54	
973,007	43,4	
973,21	-77,6	
973,414	-96,89	
973,618	-172,3	
973,822	-130,21	
974,025	290,68	
974,229	62,7	
974,432	-10,96	
974,636	-40,77	
974,84	-93,39	
975,043	-135,48	
975,247	174,93	
975,45	-237,19	
975,654	-235,44	
975,857	18,85	
976,06	-96,89	
976,264	59,19	
976,467	-277,53	
976,671	-75,85	
976,874	-96,89	
977,077	-63,57	
977,28	-93,39	
977,484	-293,31	
977,687	-81,11	
977,89	101,28	
978,093	-133,72	
978,297	-68,83	
978,5	-119,69	
978,703	204,75	
978,906	-16,22	
979,109	-35,51	
979,312	-154,77	
979,515	108,29	
979,718	-32,01	
979,921	-47,79	
980,124	-214,39	
980,327	118,81	
980,53	-121,45	
980,733	-135,48	
980,936	136,35	
981,138	-79,36	
981,341	174,93	
981,544	-117,94	
981,747	-138,98	
981,949	-156,52	
982,152	127,58	
982,355	45,16	
982,558	-109,17	
982,76	-175,81	
982,963	-110,92	
983,165	-284,54	
983,368	-146	
983,571	-149,51	
983,773	94,26	
983,976	227,55	
984,178	1,32	
984,381	3,07	
984,583	39,9	
984,785	-160,03	
984,988	-40,77	
985,19	80,23	
985,392	-174,06	
985,595	222,28	
985,797	-175,81	
985,999	-84,62	
986,202	-54,8	
986,404	-210,89	
986,606	-2,19	
986,808	125,83	
987,01	45,16	
987,212	122,32	
987,415	-98,65	
987,617	-226,67	
987,819	-102,15	
988,021	197,73	
988,223	110,05	
988,425	-63,57	
988,627	-300,33	
988,829	-16,22	
989,031	157,4	
989,232	145,12	
989,434	-302,08	
989,636	129,34	
989,838	-198,61	
990,04	78,48	
990,242	92,51	
990,443	-270,51	
990,645	64,45	
990,847	-121,45	
991,048	83,74	
991,25	-291,56	
991,452	-54,8	
991,653	-95,14	
991,855	-282,79	
992,057	24,11	
992,258	-163,53	
992,46	80,23	
992,661	-30,25	
992,863	85,49	
993,064	229,3	
993,265	-135,48	
993,467	-82,86	
993,668	127,58	
993,87	174,93	
994,071	-44,28	
994,272	-72,34	
994,473	-137,23	
994,675	-267	
994,876	-235,44	
995,077	-58,31	
995,278	134,6	
995,48	71,46	
995,681	-105,66	
995,882	-68,83	
996,083	-138,98	
996,284	38,14	
996,485	-70,59	
996,686	66,2	
996,887	31,13	
997,088	-24,99	
997,289	71,46	
997,49	-81,11	
997,691	-37,27	
997,892	-30,25	
998,092	-265,25	
998,293	76,73	
998,494	-110,92	
998,695	-47,79	
998,896	57,43	
999,096	-70,59	
999,297	-235,44	
999,498	-130,21	
999,698	-186,33	
999,899	-7,45	
1000,1	-358,2	
1000,3	-212,64	
1000,501	-135,48	
1000,701	-89,88	
1000,902	-165,29	
1001,102	294,19	
1001,303	-100,4	
1001,503	50,42	
1001,704	-14,47	
1001,904	60,94	
1002,105	-81,11	
1002,305	15,35	
1002,505	-203,87	
1002,706	-421,33	
1002,906	-286,3	
1003,106	-177,56	
1003,306	-53,05	
1003,507	-17,98	
1003,707	-133,72	
1003,907	-14,47	
1004,107	-40,77	
1004,307	64,45	
1004,507	-244,21	
1004,707	3,07	
1004,907	-203,87	
1005,107	17,1	
1005,308	38,14	
1005,507	-231,93	
1005,707	-279,28	
1005,907	-154,77	
1006,107	-51,3	
1006,307	-2,19	
1006,507	-28,5	
1006,707	-95,14	
1006,907	195,98	
1007,106	43,4	
1007,306	39,9	
1007,506	202,99	
1007,706	-40,77	
1007,905	-252,98	
1008,105	-28,5	
1008,305	8,33	
1008,504	-196,86	
1008,704	157,4	
1008,903	-305,59	
1009,103	-42,53	
1009,303	-46,04	
1009,502	-182,83	
1009,702	39,9	
1009,901	4,82	
1010,1	-119,69	
1010,3	-244,21	
1010,499	83,74	
1010,699	-160,03	
1010,898	-289,8	
1011,097	-67,08	
1011,296	-140,74	
1011,496	10,08	
1011,695	290,68	
1011,894	-100,4	
1012,093	-16,22	
1012,293	-302,08	
1012,492	-121,45	
1012,691	-149,51	
1012,89	81,99	
1013,089	-244,21	
1013,288	104,79	
1013,487	-149,51	
1013,686	-142,49	
1013,885	-195,1	
1014,084	-126,71	
1014,283	-95,14	
1014,482	-114,43	
1014,681	-110,92	
1014,88	-189,84	
1015,078	115,31	
1015,277	-19,73	
1015,476	-40,77	
1015,675	-102,15	
1015,873	-39,02	
1016,072	-359,95	
1016,271	20,61	
1016,47	-151,26	
1016,668	36,39	
1016,867	-345,92	
1017,065	-37,27	
1017,264	-168,8	
1017,463	-181,07	
1017,661	104,79	
1017,86	-142,49	
1018,058	8,33	
1018,256	-228,42	
1018,455	-351,18	
1018,653	-137,23	
1018,852	22,36	
1019,05	-263,5	
1019,248	176,69	
1019,447	-214,39	
1019,645	89	
1019,843	-158,27	
1020,041	-359,95	
1020,24	-231,93	
1020,438	92,51	
1020,636	-146	
1020,834	-212,64	
1021,032	36,39	
1021,23	-210,89	
1021,428	-116,18	
1021,626	80,23	
1021,824	43,4	
1022,022	-196,86	
1022,22	-442,38	
1022,418	-128,46	
1022,616	-110,92	
1022,814	-259,99	
1023,012	-91,63	
1023,21	-77,6	
1023,408	408,18	
1023,606	-252,98	
1023,803	-196,86	
1024,001	122,32	
1024,199	-28,5	
1024,397	-39,02	
1024,594	174,93	
1024,792	-42,53	
1024,99	-195,1	
1025,187	34,64	
1025,385	201,24	
1025,582	-312,6	
1025,78	-130,21	
1025,977	-231,93	
1026,175	17,1	
1026,372	-181,07	
1026,57	-153,01	
1026,767	436,24	
1026,965	-144,24	
1027,162	-338,91	
1027,359	-14,47	
1027,557	-102,15	
1027,754	-228,42	
1027,951	110,05	
1028,148	-163,53	
1028,346	90,76	
1028,543	-58,31	
1028,74	-265,25	
1028,937	-96,89	
1029,134	-72,34	
1029,331	-56,56	
1029,528	39,9	
1029,725	76,73	
1029,923	-161,78	
1030,12	127,58	
1030,317	-210,89	
1030,513	39,9	
1030,71	-259,99	
1030,907	-60,07	
1031,104	118,81	
1031,301	-231,93	
1031,498	-103,91	
1031,695	-270,51	
1031,892	-212,64	
1032,088	-193,35	
1032,285	-267	
1032,482	-144,24	
1032,678	-237,19	
1032,875	-51,3	
1033,072	281,91	
1033,268	-214,39	
1033,465	96,02	
1033,662	73,22	
1033,858	29,37	
1034,055	34,64	
1034,251	-282,79	
1034,448	71,46	
1034,644	-198,61	
1034,84	-77,6	
1035,037	-116,18	
1035,233	-342,42	
1035,43	-189,84	
1035,626	-247,71	
1035,822	-168,8	
1036,019	-19,73	
1036,215	132,84	
1036,411	-119,69	
1036,607	-307,34	
1036,803	-158,27	
1037	-112,68	
1037,196	343,29	
1037,392	-196,86	
1037,588	-49,54	
1037,784	18,85	
1037,98	6,58	
1038,176	-175,81	
1038,372	34,64	
1038,568	-165,29	
1038,764	-177,56	
1038,96	-196,86	
1039,156	-274,02	
1039,352	-259,99	
1039,547	-75,85	
1039,743	-212,64	
1039,939	-74,09	
1040,135	-214,39	
1040,331	-263,5	
1040,526	-259,99	
1040,722	-51,3	
1040,918	-191,59	
1041,113	-124,95	
1041,309	-233,68	
1041,505	-67,08	
1041,7	-5,7	
1041,896	89	
1042,091	-252,98	
1042,287	-128,46	
1042,482	89	
1042,678	-77,6	
1042,873	162,66	
1043,069	-98,65	
1043,264	-16,22	
1043,459	1,32	
1043,655	-175,81	
1043,85	-130,21	
1044,045	-351,18	
1044,24	-237,19	
1044,436	-302,08	
1044,631	-53,05	
1044,826	-110,92	
1045,021	-110,92	
1045,216	-110,92	
