couleur : magenta
angle source :0
angle capteur :30
source : 4000K
FLMT02171_1:101		
194,658	-1004,45	
194,923	-1004,45	
195,188	-1004,45	
195,453	-1029	
195,717	-152,14	
195,982	254,73	
196,247	105,66	
196,512	-117,06	
196,777	-55,68	
197,042	-45,16	
197,307	88,12	
197,572	33,76	
197,837	-48,67	
198,101	-131,09	
198,366	-38,14	
198,631	53,05	
198,896	-99,52	
199,161	289,8	
199,425	-206,5	
199,69	168,8	
199,955	-52,17	
200,22	-57,43	
200,484	-395,9	
200,749	7,45	
201,014	51,3	
201,278	-83,74	
201,543	366,97	
201,807	-188,96	
202,072	82,86	
202,337	151,26	
202,601	181,07	
202,866	-294,19	
203,13	-187,21	
203,395	-166,17	
203,659	140,74	
203,924	-117,06	
204,189	47,79	
204,453	-20,61	
204,717	-181,95	
204,982	44,28	
205,246	-38,14	
205,511	191,59	
205,775	2,19	
206,04	160,03	
206,304	-111,8	
206,568	-125,83	
206,833	-160,9	
207,097	14,47	
207,361	12,71	
207,626	-218,78	
207,89	37,27	
208,154	-74,97	
208,419	100,4	
208,683	-89	
208,947	170,55	
209,211	98,65	
209,476	46,04	
209,74	193,35	
210,004	484,47	
210,268	158,27	
210,532	433,61	
210,796	56,56	
211,061	-146,87	
211,325	26,74	
211,589	298,57	
211,853	160,03	
212,117	-141,61	
212,381	258,24	
212,645	86,37	
212,909	109,17	
213,173	9,21	
213,437	-67,96	
213,701	279,28	
213,965	-34,64	
214,229	168,8	
214,493	186,33	
214,757	-24,11	
215,021	-134,6	
215,285	212,64	
215,549	-215,27	
215,813	-73,22	
216,077	39,02	
216,34	110,92	
216,604	130,21	
216,868	-27,62	
217,132	-234,56	
217,396	147,75	
217,659	149,51	
217,923	277,53	
218,187	-134,6	
218,451	147,75	
218,714	124,95	
218,978	70,59	
219,242	333,65	
219,505	279,28	
219,769	-57,43	
220,033	286,3	
220,296	258,24	
220,56	161,78	
220,824	107,42	
221,087	184,58	
221,351	-11,84	
221,614	-22,36	
221,878	-257,36	
222,142	77,6	
222,405	81,11	
222,669	-90,76	
222,932	-29,37	
223,196	231,93	
223,459	89,88	
223,722	60,07	
223,986	-131,09	
224,249	181,07	
224,513	89,88	
224,776	-124,08	
225,04	7,45	
225,303	-185,46	
225,566	93,39	
225,83	237,19	
226,093	10,96	
226,356	-67,96	
226,62	484,47	
226,883	-238,07	
227,146	-127,58	
227,409	-160,9	
227,673	340,66	
227,936	-155,64	
228,199	26,74	
228,462	286,3	
228,725	114,43	
228,989	84,62	
229,252	72,34	
229,515	-15,35	
229,778	258,24	
230,041	277,53	
230,304	-190,72	
230,567	-80,23	
230,83	100,4	
231,093	68,83	
231,356	53,05	
231,619	-32,88	
231,882	-87,25	
232,145	-45,16	
232,408	-138,11	
232,671	-55,68	
232,934	-210,01	
233,197	151,26	
233,46	407,3	
233,723	-3,07	
233,986	135,48	
234,249	-64,45	
234,512	-13,59	
234,775	107,42	
235,037	77,6	
235,3	-118,81	
235,563	619,5	
235,826	212,64	
236,089	109,17	
236,351	-57,43	
236,614	30,25	
236,877	123,2	
237,14	-185,46	
237,402	67,08	
237,665	146	
237,928	-17,1	
238,19	-94,26	
238,453	119,69	
238,716	323,12	
238,978	-67,96	
239,241	24,99	
239,503	126,71	
239,766	23,24	
240,029	198,61	
240,291	-20,61	
240,554	235,44	
240,816	51,3	
241,079	186,33	
241,341	3,95	
241,604	-338,03	
241,866	-90,76	
242,129	-125,83	
242,391	193,35	
242,653	-52,17	
242,916	124,95	
243,178	-81,99	
243,441	181,07	
243,703	137,23	
243,965	-80,23	
244,228	423,09	
244,49	-83,74	
244,752	58,31	
245,015	119,69	
245,277	-115,31	
245,539	-157,4	
245,801	-117,06	
246,064	116,18	
246,326	142,49	
246,588	-94,26	
246,85	407,3	
247,112	-94,26	
247,374	98,65	
247,637	-97,77	
247,899	-245,08	
248,161	174,06	
248,423	-48,67	
248,685	317,86	
248,947	142,49	
249,209	328,39	
249,471	-43,4	
249,733	-53,93	
249,995	-104,79	
250,257	-224,04	
250,519	226,67	
250,781	258,24	
251,043	161,78	
251,305	149,51	
251,567	384,5	
251,829	-3,07	
252,091	-46,91	
252,353	-67,96	
252,615	63,57	
252,876	-60,94	
253,138	133,72	
253,4	-45,16	
253,662	-13,59	
253,924	-320,49	
254,185	53,05	
254,447	-106,54	
254,709	267	
254,971	16,22	
255,232	49,54	
255,494	326,63	
255,756	58,31	
256,017	-194,23	
256,279	-262,62	
256,541	-67,96	
256,802	53,05	
257,064	-101,28	
257,326	-66,2	
257,587	112,68	
257,849	158,27	
258,11	-20,61	
258,372	-167,92	
258,633	102,15	
258,895	216,15	
259,156	316,11	
259,418	40,77	
259,679	138,98	
259,941	109,17	
260,202	142,49	
260,464	-120,57	
260,725	-18,85	
260,987	121,45	
261,248	7,45	
261,509	144,24	
261,771	103,91	
262,032	137,23	
262,293	67,08	
262,555	79,36	
262,816	88,12	
263,077	-89	
263,338	-34,64	
263,6	-234,56	
263,861	-181,95	
264,122	144,24	
264,383	-10,08	
264,645	-124,08	
264,906	17,98	
265,167	-120,57	
265,428	-10,08	
265,689	-83,74	
265,95	351,18	
266,211	39,02	
266,473	-236,31	
266,734	-143,37	
266,995	72,34	
267,256	72,34	
267,517	63,57	
267,778	161,78	
268,039	-24,11	
268,3	358,2	
268,561	53,05	
268,822	-152,14	
269,083	181,07	
269,344	-101,28	
269,604	216,15	
269,865	-181,95	
270,126	109,17	
270,387	33,76	
270,648	-360,83	
270,909	-204,75	
271,17	23,24	
271,43	231,93	
271,691	226,67	
271,952	-59,19	
272,213	-29,37	
272,473	-273,14	
272,734	296,82	
272,995	-276,65	
273,256	-294,19	
273,516	-92,51	
273,777	-117,06	
274,038	-206,5	
274,298	133,72	
274,559	-32,88	
274,82	-81,99	
275,08	-59,19	
275,341	-294,19	
275,601	-257,36	
275,862	-24,11	
276,122	263,5	
276,383	77,6	
276,643	202,12	
276,904	84,62	
277,164	196,86	
277,425	281,03	
277,685	-89	
277,946	72,34	
278,206	-218,78	
278,467	-11,84	
278,727	265,25	
278,987	116,18	
279,248	302,08	
279,508	2,19	
279,768	-48,67	
280,029	16,22	
280,289	-24,11	
280,549	16,22	
280,81	56,56	
281,07	131,97	
281,33	-171,43	
281,59	361,71	
281,851	-48,67	
282,111	12,71	
282,371	321,37	
282,631	7,45	
282,891	-157,4	
283,151	-89	
283,412	5,7	
283,672	47,79	
283,932	128,46	
284,192	-101,28	
284,452	-76,73	
284,712	202,12	
284,972	-22,36	
285,232	309,09	
285,492	56,56	
285,752	181,07	
286,012	23,24	
286,272	-274,9	
286,532	174,06	
286,792	117,94	
287,052	-110,05	
287,312	-83,74	
287,571	2,19	
287,831	-85,49	
288,091	103,91	
288,351	-178,44	
288,611	-267,88	
288,871	-90,76	
289,13	-152,14	
289,39	5,7	
289,65	46,04	
289,91	672,12	
290,17	191,59	
290,429	-69,71	
290,689	68,83	
290,949	88,12	
291,208	-32,88	
291,468	-171,43	
291,728	75,85	
291,987	-243,33	
292,247	-150,38	
292,506	421,33	
292,766	105,66	
293,026	9,21	
293,285	-69,71	
293,545	147,75	
293,804	-103,03	
294,064	282,79	
294,323	17,98	
294,583	-96,02	
294,842	-194,23	
295,102	46,04	
295,361	344,17	
295,621	133,72	
295,88	231,93	
296,139	-6,58	
296,399	24,99	
296,658	121,45	
296,917	-225,79	
297,177	-57,43	
297,436	300,33	
297,695	88,12	
297,955	228,42	
298,214	-53,93	
298,473	89,88	
298,732	16,22	
298,992	116,18	
299,251	-17,1	
299,51	-10,08	
299,769	124,95	
300,028	-210,01	
300,287	-52,17	
300,547	-185,46	
300,806	46,04	
301,065	-295,94	
301,324	61,82	
301,583	70,59	
301,842	81,11	
302,101	28,5	
302,36	188,09	
302,619	212,64	
302,878	160,03	
303,137	42,53	
303,396	-225,79	
303,655	202,12	
303,914	84,62	
304,173	-106,54	
304,432	65,33	
304,691	-194,23	
304,95	223,16	
305,208	156,52	
305,467	-120,57	
305,726	-357,32	
305,985	-94,26	
306,244	19,73	
306,503	63,57	
306,761	174,06	
307,02	-169,67	
307,279	140,74	
307,537	216,15	
307,796	-222,28	
308,055	-173,18	
308,314	-18,85	
308,572	170,55	
308,831	-159,15	
309,09	281,03	
309,348	130,21	
309,607	-136,35	
309,865	221,41	
310,124	203,87	
310,382	75,85	
310,641	32,01	
310,9	-276,65	
311,158	56,56	
311,417	65,33	
311,675	-243,33	
311,933	-129,34	
312,192	123,2	
312,45	-155,64	
312,709	46,04	
312,967	151,26	
313,226	319,62	
313,484	-146,87	
313,742	103,91	
314,001	-34,64	
314,259	151,26	
314,517	158,27	
314,776	-92,51	
315,034	44,28	
315,292	51,3	
315,55	182,83	
315,809	-34,64	
316,067	26,74	
316,325	-52,17	
316,583	182,83	
316,841	-124,08	
317,1	205,62	
317,358	-18,85	
317,616	-167,92	
317,874	9,21	
318,132	28,5	
318,39	214,39	
318,648	179,32	
318,906	188,09	
319,164	-111,8	
319,422	-211,76	
319,68	-195,98	
319,938	-13,59	
320,196	-71,46	
320,454	9,21	
320,712	-138,11	
320,97	-89	
321,228	-117,06	
321,486	-176,69	
321,744	-41,65	
322,002	14,47	
322,26	67,08	
322,517	-20,61	
322,775	-96,02	
323,033	-183,7	
323,291	-29,37	
323,549	-80,23	
323,806	-127,58	
324,064	49,54	
324,322	65,33	
324,58	65,33	
324,837	-132,84	
325,095	-50,42	
325,353	282,79	
325,61	46,04	
325,868	249,47	
326,126	-162,66	
326,383	174,06	
326,641	-104,79	
326,898	-150,38	
327,156	91,63	
327,413	82,86	
327,671	47,79	
327,928	89,88	
328,186	95,14	
328,443	-99,52	
328,701	82,86	
328,958	-313,48	
329,216	65,33	
329,473	74,09	
329,731	-46,91	
329,988	149,51	
330,245	-48,67	
330,503	-122,32	
330,76	28,5	
331,017	-3,07	
331,275	70,59	
331,532	47,79	
331,789	161,78	
332,047	96,89	
332,304	-48,67	
332,561	524,8	
332,818	-32,88	
333,076	-11,84	
333,333	89,88	
333,59	121,45	
333,847	209,13	
334,104	165,29	
334,361	172,3	
334,618	-53,93	
334,876	203,87	
335,133	-176,69	
335,39	-3,07	
335,647	-220,53	
335,904	-13,59	
336,161	-159,15	
336,418	-57,43	
336,675	-104,79	
336,932	42,53	
337,189	219,65	
337,446	70,59	
337,703	149,51	
337,96	-25,87	
338,216	-124,08	
338,473	-224,04	
338,73	-197,73	
338,987	-24,11	
339,244	-164,41	
339,501	196,86	
339,757	-148,63	
340,014	-208,26	
340,271	28,5	
340,528	28,5	
340,785	237,19	
341,041	-74,97	
341,298	119,69	
341,555	-138,11	
341,811	-187,21	
342,068	75,85	
342,325	-80,23	
342,581	19,73	
342,838	133,72	
343,094	158,27	
343,351	-239,82	
343,608	-143,37	
343,864	89,88	
344,121	-78,48	
344,377	77,6	
344,634	395,03	
344,89	14,47	
345,147	-180,2	
345,403	5,7	
345,66	51,3	
345,916	-185,46	
346,172	-110,05	
346,429	196,86	
346,685	54,8	
346,942	-38,14	
347,198	-69,71	
347,454	-157,4	
347,711	-18,85	
347,967	16,22	
348,223	-97,77	
348,48	-39,9	
348,736	-66,2	
348,992	-66,2	
349,248	-34,64	
349,504	-15,35	
349,761	17,98	
350,017	-41,65	
350,273	-153,89	
350,529	-187,21	
350,785	68,83	
351,041	-174,93	
351,297	33,76	
351,554	-53,93	
351,81	-329,26	
352,066	-57,43	
352,322	-120,57	
352,578	647,56	
352,834	-66,2	
353,09	153,01	
353,346	-39,9	
353,602	110,92	
353,858	-146,87	
354,114	-73,22	
354,369	-39,9	
354,625	-13,59	
354,881	-218,78	
355,137	103,91	
355,393	-248,59	
355,649	-171,43	
355,905	-222,28	
356,16	-152,14	
356,416	72,34	
356,672	-115,31	
356,928	-13,59	
357,183	56,56	
357,439	-192,47	
357,695	-73,22	
357,951	-125,83	
358,206	61,82	
358,462	89,88	
358,718	-150,38	
358,973	74,09	
359,229	5,7	
359,484	-81,99	
359,74	-208,26	
359,996	-20,61	
360,251	3,95	
360,507	-78,48	
360,762	42,53	
361,018	56,56	
361,273	-43,4	
361,529	-217,02	
361,784	409,06	
362,04	-173,18	
362,295	9,21	
362,55	-281,91	
362,806	75,85	
363,061	39,02	
363,316	-132,84	
363,572	200,36	
363,827	-120,57	
364,082	202,12	
364,338	-13,59	
364,593	-169,67	
364,848	207,38	
365,104	-180,2	
365,359	-67,96	
365,614	-152,14	
365,869	128,46	
366,124	-90,76	
366,38	60,07	
366,635	238,95	
366,89	165,29	
367,145	39,02	
367,4	82,86	
367,655	56,56	
367,91	-281,91	
368,165	-69,71	
368,42	-34,64	
368,675	30,25	
368,93	79,36	
369,185	251,22	
369,44	-8,33	
369,695	-25,87	
369,95	21,48	
370,205	-136,35	
370,46	19,73	
370,715	54,8	
370,97	-48,67	
371,225	205,62	
371,48	221,41	
371,734	-92,51	
371,989	86,37	
372,244	-324	
372,499	-34,64	
372,754	277,53	
373,008	-369,6	
373,263	-55,68	
373,518	195,1	
373,773	16,22	
374,027	-101,28	
374,282	21,48	
374,537	96,89	
374,791	219,65	
375,046	42,53	
375,301	165,29	
375,555	107,42	
375,81	-113,55	
376,064	14,47	
376,319	135,48	
376,573	-90,76	
376,828	-238,07	
377,082	-176,69	
377,337	296,82	
377,591	-143,37	
377,846	-169,67	
378,1	219,65	
378,355	-25,87	
378,609	259,99	
378,863	-171,43	
379,118	103,91	
379,372	-87,25	
379,627	112,68	
379,881	219,65	
380,135	140,74	
380,389	-131,09	
380,644	-80,23	
380,898	188,09	
381,152	-248,59	
381,407	-187,21	
381,661	105,66	
381,915	179,32	
382,169	79,36	
382,423	46,04	
382,677	-174,93	
382,932	258,24	
383,186	21,48	
383,44	-115,31	
383,694	-269,64	
383,948	-60,94	
384,202	23,24	
384,456	107,42	
384,71	-111,8	
384,964	-125,83	
385,218	175,81	
385,472	126,71	
385,726	70,59	
385,98	181,07	
386,234	-18,85	
386,488	-138,11	
386,742	72,34	
386,996	191,59	
387,249	58,31	
387,503	319,62	
387,757	-24,11	
388,011	-27,62	
388,265	238,95	
388,518	0,44	
388,772	77,6	
389,026	77,6	
389,28	-50,42	
389,533	-99,52	
389,787	121,45	
390,041	-46,91	
390,295	-380,12	
390,548	5,7	
390,802	-120,57	
391,055	102,15	
391,309	109,17	
391,563	-250,34	
391,816	138,98	
392,07	181,07	
392,323	140,74	
392,577	186,33	
392,83	123,2	
393,084	-152,14	
393,337	51,3	
393,591	328,39	
393,844	-132,84	
394,098	-76,73	
394,351	-66,2	
394,604	354,69	
394,858	37,27	
395,111	-32,88	
395,364	26,74	
395,618	0,44	
395,871	-66,2	
396,124	316,11	
396,378	98,65	
396,631	237,19	
396,884	679,13	
397,137	344,17	
397,391	160,03	
397,644	188,09	
397,897	510,77	
398,15	258,24	
398,403	244,21	
398,657	188,09	
398,91	156,52	
399,163	-197,73	
399,416	131,97	
399,669	-197,73	
399,922	-1,32	
400,175	21,48	
400,428	174,06	
400,681	-201,24	
400,934	-99,52	
401,187	195,1	
401,44	-81,99	
401,693	30,25	
401,946	88,12	
402,199	209,13	
402,452	191,59	
402,704	-10,08	
402,957	81,11	
403,21	60,07	
403,463	-25,87	
403,716	-94,26	
403,969	67,08	
404,221	60,07	
404,474	267	
404,727	130,21	
404,98	235,44	
405,232	98,65	
405,485	130,21	
405,738	100,4	
405,99	-241,58	
406,243	77,6	
406,496	-159,15	
406,748	137,23	
407,001	186,33	
407,253	28,5	
407,506	96,89	
407,759	288,05	
408,011	151,26	
408,264	424,84	
408,516	321,37	
408,769	381	
409,021	261,74	
409,274	368,72	
409,526	361,71	
409,778	261,74	
410,031	463,42	
410,283	551,11	
410,536	130,21	
410,788	151,26	
411,04	382,75	
411,293	191,59	
411,545	288,05	
411,797	-20,61	
412,049	361,71	
412,302	480,96	
412,554	238,95	
412,806	594,95	
413,058	454,65	
413,311	617,75	
413,563	295,06	
413,815	503,76	
414,067	430,1	
414,319	808,91	
414,571	275,77	
414,823	363,46	
415,075	654,58	
415,328	586,18	
415,58	561,63	
415,832	445,88	
416,084	998,31	
416,336	722,97	
416,588	551,11	
416,84	591,44	
417,091	715,96	
417,343	568,65	
417,595	661,59	
417,847	659,84	
418,099	957,97	
418,351	735,25	
418,603	489,73	
418,855	754,54	
419,106	759,8	
419,358	1133,35	
419,61	749,28	
419,862	973,76	
420,114	779,09	
420,365	1150,88	
420,617	1021,11	
420,869	1292,93	
421,12	773,83	
421,372	1131,59	
421,624	1271,89	
421,875	1182,45	
422,127	1266,63	
422,379	1217,52	
422,63	1252,6	
422,882	1340,29	
423,133	1168,42	
423,385	1266,63	
423,636	1312,23	
423,888	1333,27	
424,139	1566,52	
424,391	1484,09	
424,642	1080,73	
424,894	1219,28	
425,145	1591,07	
425,396	1396,4	
425,648	1466,55	
425,899	1412,19	
426,151	1717,34	
426,402	1710,32	
426,653	1380,62	
426,905	1713,83	
427,156	2024,24	
427,407	1755,92	
427,658	2183,83	
427,91	2127,71	
428,161	1890,96	
428,412	2020,73	
428,663	2073,34	
428,914	1876,93	
429,166	1996,18	
429,417	2420,58	
429,668	2099,65	
429,919	2462,67	
430,17	2346,92	
430,421	2434,61	
430,672	2425,84	
430,923	2206,63	
431,174	2534,57	
431,425	2617	
431,676	2485,47	
431,927	2716,96	
432,178	2925,65	
432,429	2624,01	
432,68	3106,29	
432,931	3101,03	
433,182	3202,74	
433,433	2857,26	
433,683	2709,95	
433,934	3127,33	
434,185	3186,96	
434,436	3504,38	
434,687	3360,58	
434,937	3381,62	
435,188	3621,88	
435,439	3823,56	
435,69	3599,08	
435,94	3905,99	
436,191	3972,63	
436,442	3960,35	
436,692	4242,7	
436,943	4379,49	
437,194	4211,14	
437,444	4360,2	
437,695	4465,43	
437,945	4305,84	
438,196	4370,72	
438,447	4682,89	
438,697	4637,29	
438,948	4595,2	
439,198	4782,85	
439,449	5119,57	
439,699	5244,08	
439,949	5438,74	
440,2	5256,36	
440,45	5449,27	
440,701	5586,06	
440,951	5370,35	
441,201	5938,56	
441,452	5928,03	
441,702	6326,13	
441,952	5822,81	
442,203	6303,33	
442,453	6443,63	
442,703	6680,38	
442,953	6445,38	
443,204	6554,11	
443,454	7085,49	
443,704	7022,36	
443,954	7004,82	
444,204	7669,48	
444,455	7727,36	
444,705	7630,9	
444,955	7851,87	
445,205	7815,04	
445,455	8221,91	
445,705	8425,34	
445,955	8451,65	
446,205	8358,7	
446,455	9072,46	
446,705	9068,96	
446,955	9272,39	
447,205	9167,17	
447,455	9225,04	
447,705	9498,62	
447,955	9931,79	
448,205	10205,37	
448,454	10605,22	
448,704	10187,83	
448,954	10296,57	
449,204	10517,54	
449,454	11001,56	
449,704	10626,27	
449,953	11105,03	
450,203	11383,88	
450,453	11501,38	
450,703	11161,15	
450,952	11457,53	
451,202	11945,07	
451,452	11183,95	
451,701	11764,43	
451,951	12064,32	
452,201	12329,13	
452,45	12492,23	
452,7	12066,08	
452,949	12159,02	
453,199	12390,52	
453,448	12048,54	
453,698	12467,68	
453,947	12558,87	
454,197	12472,94	
454,446	12588,69	
454,696	12171,3	
454,945	12216,9	
455,195	12258,99	
455,444	12176,56	
455,693	12620,25	
455,943	12513,28	
456,192	12392,27	
456,442	11820,55	
456,691	12050,29	
456,94	12043,28	
457,189	12057,31	
457,439	11929,29	
457,688	11632,91	
457,937	11162,91	
458,186	11373,35	
458,436	11534,7	
458,685	11245,33	
458,934	11083,99	
459,183	11136,6	
459,432	11171,68	
459,681	10340,41	
459,93	10706,94	
460,179	10563,13	
460,429	10677,12	
460,678	10091,38	
460,927	9879,18	
461,176	10354,44	
461,425	10191,34	
461,674	9882,69	
461,923	9537,2	
462,172	9424,96	
462,42	9560	
462,669	9009,33	
462,918	8984,78	
463,167	9547,72	
463,416	9154,89	
463,665	8658,59	
463,914	8983,02	
464,162	8479,71	
464,411	9195,23	
464,66	8840,97	
464,909	8418,32	
465,158	8225,42	
465,406	8791,87	
465,655	8374,48	
465,904	8162,28	
466,152	7943,07	
466,401	8158,77	
466,65	7846,61	
466,898	7785,23	
467,147	7681,76	
467,395	8046,53	
467,644	7813,29	
467,893	7762,43	
468,141	7543,22	
468,39	7539,71	
468,638	7094,26	
468,887	7581,8	
469,135	7162,66	
469,384	7632,66	
469,632	7529,19	
469,88	7113,55	
470,129	7150,38	
470,377	7087,25	
470,626	6669,86	
470,874	6752,28	
471,122	6841,72	
471,371	6752,28	
471,619	6506,76	
471,867	6519,04	
472,115	6576,91	
472,364	6348,93	
472,612	6303,33	
472,86	6320,87	
473,108	6541,84	
473,356	6187,58	
473,605	6319,11	
473,853	6415,57	
474,101	5817,55	
474,349	6454,15	
474,597	6224,41	
474,845	6045,53	
475,093	5871,91	
475,341	6057,81	
475,589	6298,07	
475,837	5945,57	
476,085	5894,71	
476,333	6098,14	
476,581	5749,15	
476,829	5771,95	
477,077	6029,75	
477,325	5707,06	
477,573	5615,87	
477,821	5570,27	
478,069	5579,04	
478,317	5878,93	
478,564	5486,09	
478,812	5422,96	
479,06	5558	
479,308	5573,78	
479,555	5442,25	
479,803	5761,43	
480,051	5284,42	
480,299	5612,36	
480,546	5335,27	
480,794	5747,4	
481,042	5629,9	
481,289	5584,3	
481,537	5452,77	
481,784	5528,18	
482,032	5910,5	
482,28	5935,05	
482,527	5354,56	
482,775	5454,53	
483,022	5365,09	
483,27	5717,59	
483,517	5389,64	
483,765	5598,33	
484,012	5489,6	
484,259	5442,25	
484,507	5330,01	
484,754	5689,53	
485,002	5389,64	
485,249	5580,8	
485,496	5487,85	
485,744	5810,53	
485,991	5431,73	
486,238	5335,27	
486,486	5752,66	
486,733	5850,87	
486,98	5735,12	
487,227	5949,08	
487,474	5857,88	
487,722	5351,06	
487,969	5582,55	
488,216	5784,23	
488,463	6077,1	
488,71	5645,68	
488,957	5698,3	
489,204	6098,14	
489,451	5801,77	
489,699	6138,48	
489,946	5852,62	
490,193	6040,27	
490,44	5892,96	
490,687	6073,59	
490,934	5989,41	
491,18	5861,39	
491,427	6203,37	
491,674	5754,41	
491,921	5764,94	
492,168	5645,68	
492,415	5749,15	
492,662	5917,51	
492,909	6001,69	
493,155	5842,1	
493,402	6168,29	
493,649	5661,47	
493,896	5633,41	
494,142	6029,75	
494,389	6035,01	
494,636	5987,66	
494,883	5838,59	
495,129	6052,55	
495,376	6338,41	
495,623	6085,87	
495,869	6247,21	
496,116	6236,69	
496,362	6168,29	
496,609	6278,78	
496,855	6229,67	
497,102	5998,18	
497,348	6031,5	
497,595	6376,99	
497,841	6056,06	
498,088	6270,01	
498,334	6312,1	
498,581	6115,68	
498,827	6308,59	
499,074	6433,11	
499,32	6497,99	
499,566	6610,23	
499,813	6480,46	
500,059	6692,66	
500,305	6624,26	
500,552	7022,36	
500,798	6401,54	
501,044	6490,98	
501,29	6417,32	
501,537	6573,4	
501,783	6413,82	
502,029	6524,3	
502,275	6134,97	
502,521	6459,41	
502,767	6624,26	
503,013	6857,51	
503,26	6901,35	
503,506	6562,88	
503,752	6476,95	
503,998	6545,35	
504,244	6531,32	
504,49	6687,4	
504,736	6769,82	
504,982	6422,58	
505,228	6645,31	
505,474	6803,14	
505,72	6927,66	
505,966	6329,64	
506,211	6447,14	
506,457	6696,17	
506,703	7115,31	
506,949	6454,15	
507,195	6555,87	
507,441	6869,78	
507,686	6615,49	
507,932	6839,97	
508,178	6592,7	
508,424	6864,52	
508,669	6590,94	
508,915	6939,93	
509,161	6771,58	
509,406	6617,25	
509,652	6741,76	
509,898	6717,21	
510,143	6513,78	
510,389	6496,24	
510,634	6703,18	
510,88	6855,75	
511,125	6303,33	
511,371	7053,93	
511,616	6603,22	
511,862	6878,55	
512,107	6387,51	
512,353	6429,6	
512,598	6457,66	
512,844	6668,11	
513,089	6752,28	
513,335	6657,58	
513,58	6832,96	
513,825	6355,94	
514,071	6496,24	
514,316	6503,26	
514,561	6813,67	
514,806	6547,1	
515,052	6725,98	
515,297	6469,93	
515,542	6182,32	
515,787	6401,54	
516,033	6492,73	
516,278	6252,47	
516,523	6215,64	
516,768	6261,24	
517,013	6492,73	
517,258	6261,24	
517,503	6422,58	
517,748	6056,06	
517,993	6141,99	
518,238	6415,57	
518,483	6296,32	
518,728	5977,14	
518,973	6299,82	
519,218	6222,66	
519,463	6296,32	
519,708	6170,05	
519,953	5800,01	
520,198	5835,09	
520,443	5922,77	
520,688	5763,18	
520,933	6113,93	
521,177	6066,58	
521,422	5873,67	
521,667	5608,86	
521,912	5752,66	
522,157	5693,03	
522,401	5733,37	
522,646	5668,48	
522,891	5763,18	
523,135	5614,12	
523,38	5461,54	
523,625	5763,18	
523,869	5712,33	
524,114	5689,53	
524,358	5942,06	
524,603	5591,32	
524,848	5415,95	
525,092	5408,93	
525,337	5600,09	
525,581	5372,1	
525,826	5151,13	
526,07	5814,04	
526,315	5491,36	
526,559	5415,95	
526,803	5536,95	
527,048	5601,84	
527,292	5144,12	
527,537	5614,12	
527,781	5375,61	
528,025	5159,9	
528,269	5138,86	
528,514	4977,51	
528,758	5121,32	
529,002	5300,2	
529,247	5454,53	
529,491	5394,9	
529,735	5233,56	
529,979	5112,55	
530,223	5012,59	
530,467	4837,22	
530,712	5344,04	
530,956	5045,91	
531,2	5084,49	
531,444	5023,11	
531,688	4942,44	
531,932	5428,22	
532,176	5086,24	
532,42	4754,79	
532,664	4874,04	
532,908	5468,56	
533,152	4793,37	
533,396	5263,37	
533,64	5270,39	
533,884	4940,69	
534,128	4644,31	
534,371	5061,69	
534,615	5117,81	
534,859	4949,45	
535,103	4861,77	
535,347	5021,36	
535,59	4917,89	
535,834	4882,81	
536,078	4851,25	
536,322	4905,61	
536,565	4923,15	
536,809	4835,46	
537,053	5158,15	
537,296	4788,11	
537,54	4760,05	
537,784	4782,85	
538,027	5012,59	
538,271	5563,26	
538,514	4763,56	
538,758	4924,9	
539,001	4996,8	
539,245	5054,68	
539,488	4782,85	
539,732	5123,07	
539,975	5031,88	
540,219	5135,35	
540,462	5065,2	
540,706	5070,46	
540,949	5058,19	
541,192	5194,98	
541,436	4874,04	
541,679	5035,39	
541,922	4975,76	
542,166	5031,88	
542,409	5145,87	
542,652	4796,88	
542,895	5123,07	
543,139	5093,26	
543,382	5272,14	
543,625	5128,33	
543,868	5382,62	
544,111	5065,2	
544,354	5308,97	
544,598	5233,56	
544,841	5158,15	
545,084	5636,91	
545,327	5789,49	
545,57	5193,22	
545,813	4993,3	
546,056	5016,1	
546,299	5307,21	
546,542	5465,05	
546,785	5244,08	
547,028	5691,28	
547,271	5480,83	
547,514	5170,42	
547,756	5428,22	
547,999	5380,87	
548,242	5328,26	
548,485	5408,93	
548,728	5477,33	
548,971	5337,03	
549,213	5603,59	
549,456	5429,98	
549,699	5424,71	
549,942	5484,34	
550,184	5477,33	
550,427	5659,71	
550,67	5456,28	
550,912	5524,68	
551,155	5617,62	
551,398	5407,18	
551,64	5572,03	
551,883	5733,37	
552,125	5387,89	
552,368	5565,01	
552,61	5526,43	
552,853	6075,35	
553,095	5542,21	
553,338	5498,37	
553,58	5394,9	
553,823	5572,03	
554,065	5480,83	
554,308	5680,76	
554,55	5480,83	
554,792	5845,61	
555,035	5444,01	
555,277	5601,84	
555,519	5593,07	
555,762	5394,9	
556,004	5580,8	
556,246	5344,04	
556,488	5742,14	
556,731	5475,57	
556,973	5621,13	
557,215	5458,03	
557,457	5403,67	
557,699	5777,21	
557,941	5338,78	
558,183	5356,32	
558,426	5414,19	
558,668	5363,33	
558,91	5187,96	
559,152	5554,49	
559,394	5465,05	
559,636	5389,64	
559,878	5209,01	
560,12	5643,93	
560,362	5473,82	
560,604	5684,27	
560,845	5426,47	
561,087	5503,63	
561,329	5819,3	
561,571	5282,66	
561,813	5408,93	
562,055	5805,27	
562,297	5310,72	
562,538	5605,35	
562,78	5621,13	
563,022	5635,16	
563,264	5686,02	
563,505	5768,44	
563,747	5470,31	
563,989	5935,05	
564,23	5643,93	
564,472	5643,93	
564,714	5654,45	
564,955	5698,3	
565,197	5652,7	
565,438	5843,85	
565,68	5447,51	
565,921	5719,34	
566,163	5868,41	
566,404	5992,92	
566,646	5782,47	
566,887	5949,08	
567,129	5991,17	
567,37	5791,24	
567,612	5798,26	
567,853	5917,51	
568,094	5817,55	
568,336	6185,83	
568,577	6257,73	
568,818	5917,51	
569,06	6145,5	
569,301	6713,7	
569,542	6161,28	
569,783	6277,03	
570,025	6177,06	
570,266	6736,5	
570,507	6725,98	
570,748	6492,73	
570,989	6617,25	
571,23	6355,94	
571,472	6412,06	
571,713	6673,37	
571,954	6604,97	
572,195	6839,97	
572,436	6775,08	
572,677	6701,43	
572,918	6405,05	
573,159	6657,58	
573,4	6982,02	
573,641	6740,01	
573,882	7134,6	
574,123	7010,08	
574,364	6918,89	
574,604	7285,42	
574,845	6996,05	
575,086	6918,89	
575,327	6966,24	
575,568	7278,4	
575,809	7131,09	
576,049	7664,22	
576,29	7362,58	
576,531	7697,54	
576,771	7499,37	
577,012	7222,28	
577,253	7562,51	
577,494	7587,06	
577,734	7744,89	
577,975	7304,71	
578,215	8134,22	
578,456	7550,23	
578,697	7874,67	
578,937	7929,04	
579,178	8064,07	
579,418	8092,13	
579,659	7997,43	
579,899	8102,65	
580,14	8807,65	
580,38	8400,79	
580,62	8558,62	
580,861	8609,48	
581,101	8490,23	
581,342	9098,77	
581,582	8877,8	
581,822	8862,02	
582,063	8930,41	
582,303	8884,82	
582,543	9286,42	
582,783	9147,88	
583,024	9414,44	
583,264	9314,48	
583,504	9375,86	
583,744	9468,81	
583,984	9900,22	
584,224	9858,13	
584,465	10194,85	
584,705	9880,93	
584,945	10156,27	
585,185	9863,4	
585,425	10435,11	
585,665	10613,99	
585,905	10813,92	
586,145	10770,07	
586,385	11085,74	
586,625	11354,06	
586,865	11106,79	
587,105	11024,36	
587,345	11508,39	
587,585	11445,26	
587,824	11701,3	
588,064	11985,4	
588,304	12066,08	
588,544	11999,43	
588,784	12213,39	
589,024	12439,62	
589,263	12465,93	
589,503	12306,34	
589,743	13083,24	
589,982	12790,36	
590,222	13202,49	
590,462	13088,5	
590,701	13227,04	
590,941	13260,36	
591,181	13700,55	
591,42	13856,63	
591,66	13986,41	
591,899	13991,67	
592,139	14286,29	
592,378	14165,29	
592,618	14454,65	
592,857	14831,7	
593,097	14752,78	
593,336	15352,56	
593,576	15082,49	
593,815	15615,62	
594,055	15615,62	
594,294	15761,18	
594,533	16078,6	
594,773	16111,92	
595,012	16455,65	
595,251	16967,74	
595,491	16862,52	
595,73	17034,38	
595,969	17300,95	
596,208	17339,53	
596,447	17806,02	
596,687	17791,99	
596,926	17825,31	
597,165	18169,04	
597,404	18409,3	
597,643	18933,67	
597,882	18860,01	
598,121	18893,33	
598,36	19500,12	
598,599	19905,23	
598,838	20075,34	
599,077	20291,05	
599,316	20561,13	
599,555	20590,94	
599,794	20508,51	
600,033	21397,65	
600,272	20957,47	
600,511	21089	
600,75	20908,36	
600,989	21718,59	
601,228	21704,56	
601,466	21806,27	
601,705	22290,3	
601,944	22128,96	
602,183	22611,23	
602,422	22348,17	
602,66	22662,09	
602,899	23040,9	
603,138	23163,66	
603,376	23174,18	
603,615	23565,26	
603,854	23454,77	
604,092	23079,48	
604,331	23702,05	
604,569	23773,95	
604,808	23584,55	
605,047	23875,67	
605,285	23702,05	
605,524	23887,95	
605,762	23944,06	
606	24308,84	
606,239	24117,68	
606,477	24326,38	
606,716	24373,73	
606,954	24363,2	
607,193	24489,47	
607,431	24449,14	
607,669	24571,9	
607,908	24808,65	
608,146	24259,74	
608,384	24364,96	
608,622	24885,82	
608,861	24393,02	
609,099	24756,04	
609,337	24342,16	
609,575	24966,49	
609,813	24657,83	
610,052	24948,95	
610,29	24606,97	
610,528	24533,32	
610,766	24410,56	
611,004	24554,36	
611,242	24573,65	
611,48	24564,88	
611,718	25226,04	
611,956	24877,05	
612,194	25152,38	
612,432	24905,11	
612,67	25024,36	
612,908	24827,94	
613,146	24994,55	
613,384	25271,64	
613,621	24847,23	
613,859	24696,41	
614,097	25054,17	
614,335	25027,87	
614,573	24692,91	
614,811	24964,73	
615,048	24857,76	
615,286	25001,56	
615,524	24905,11	
615,761	24964,73	
615,999	24901,6	
616,237	24671,86	
616,474	25175,18	
616,712	24815,67	
616,95	25083,99	
617,187	24761,3	
617,425	25105,03	
617,662	24557,87	
617,9	25033,13	
618,137	25052,42	
618,375	24943,69	
618,612	24757,79	
618,85	24501,75	
619,087	24791,11	
619,325	24570,14	
619,562	24561,38	
619,799	24657,83	
620,037	24733,24	
620,274	24852,49	
620,511	24408,8	
620,749	24896,34	
620,986	24642,05	
621,223	24638,54	
621,461	24642,05	
621,698	24324,62	
621,935	24347,42	
622,172	24456,15	
622,409	24626,26	
622,647	24733,24	
622,884	24121,19	
623,121	24347,42	
623,358	24545,59	
623,595	24296,56	
623,832	24224,66	
624,069	24286,04	
624,306	24210,63	
624,543	24042,27	
624,78	23675,74	
625,017	23952,83	
625,254	24319,36	
625,491	23956,34	
625,728	23717,83	
625,965	23852,87	
626,202	23616,12	
626,438	23838,84	
626,675	23649,44	
626,912	23673,99	
627,149	23296,94	
627,386	23942,31	
627,622	23637,16	
627,859	23728,36	
628,096	23628,39	
628,333	23512,65	
628,569	23130,34	
628,806	23328,51	
629,043	23058,43	
629,279	23181,19	
629,516	23053,17	
629,752	22900,6	
629,989	22711,19	
630,225	22463,92	
630,462	22939,18	
630,699	22367,46	
630,935	22532,31	
631,171	22356,94	
631,408	22307,84	
631,644	22544,59	
631,881	21953,58	
632,117	22151,76	
632,354	21969,37	
632,59	22193,85	
632,826	22221,91	
633,063	22062,32	
633,299	21667,73	
633,535	21892,2	
633,771	21355,56	
634,008	21825,56	
634,244	21355,56	
634,48	21762,43	
634,716	21362,58	
634,953	21290,68	
635,189	20901,35	
635,425	21217,02	
635,661	21101,27	
635,897	21076,72	
636,133	21106,54	
636,369	21252,09	
636,605	21129,33	
636,841	20801,39	
637,077	20638,29	
637,313	20682,13	
637,549	20648,81	
637,785	20615,49	
638,021	20354,19	
638,257	20226,16	
638,493	20129,71	
638,729	20157,77	
638,965	20587,43	
639,2	20084,11	
639,436	19754,41	
639,672	20129,71	
639,908	19870,16	
640,144	19163,41	
640,379	19714,08	
640,615	19770,2	
640,851	19386,13	
641,086	19252,85	
641,322	19184,45	
641,558	18947,7	
641,793	18870,53	
642,029	19312,47	
642,264	18772,33	
642,5	19233,56	
642,736	18956,47	
642,971	18605,72	
643,207	18739	
643,442	18507,51	
643,678	18938,93	
643,913	18817,92	
644,148	18190,09	
644,384	18365,46	
644,619	18211,13	
644,855	18111,17	
645,09	18028,75	
645,325	17890,2	
645,561	17728,86	
645,796	17546,47	
646,031	17592,07	
646,266	17034,38	
646,502	17755,16	
646,737	16857,26	
646,972	17200,99	
647,207	17090,5	
647,442	17022,11	
647,678	17062,44	
647,913	17416,69	
648,148	16778,34	
648,383	16941,43	
648,618	16720,47	
648,853	16653,82	
649,088	16606,47	
649,323	16315,35	
649,558	16641,55	
649,793	16366,21	
650,028	16452,15	
650,263	16222,41	
650,498	16132,97	
650,733	15819,05	
650,968	15754,16	
651,202	15840,09	
651,437	16011,96	
651,672	15859,39	
651,907	15498,12	
652,142	15571,77	
652,376	15171,93	
652,611	15882,18	
652,846	15452,52	
653,081	15391,14	
653,315	14842,22	
653,55	14961,48	
653,785	14505,51	
654,019	14754,54	
654,254	14491,48	
654,488	14673,87	
654,723	14835,21	
654,958	14498,49	
655,192	14282,79	
655,427	14340,66	
655,661	14207,38	
655,896	14259,99	
656,13	14295,06	
656,364	13954,84	
656,599	13840,85	
656,833	13795,25	
657,068	13797	
657,302	13488,35	
657,536	14082,86	
657,771	13214,77	
658,005	13381,37	
658,239	13176,18	
658,474	13000,81	
658,708	12981,52	
658,942	13042,9	
659,176	13244,58	
659,41	13416,45	
659,645	13191,97	
659,879	12564,13	
660,113	12546,6	
660,347	12993,8	
660,581	13013,09	
660,815	12297,57	
661,049	12060,81	
661,283	12564,13	
661,517	12195,85	
661,751	12285,29	
661,985	11909,99	
662,219	11869,66	
662,453	12046,78	
662,687	11641,67	
662,921	11410,18	
663,155	11587,31	
663,389	11815,29	
663,622	11357,57	
663,856	11241,82	
664,09	11276,9	
664,324	11320,74	
664,558	11108,54	
664,791	11141,86	
665,025	10736,75	
665,259	11087,5	
665,492	10770,07	
665,726	10617,5	
665,96	10740,26	
666,193	10764,81	
666,427	10393,02	
666,661	10754,29	
666,894	10140,48	
667,128	10236,94	
667,361	10410,56	
667,595	10386,01	
667,828	10282,54	
668,062	10270,26	
668,295	9554,74	
668,529	10033,51	
668,762	9779,22	
668,995	9966,87	
669,229	9970,37	
669,462	9865,15	
669,695	9509,14	
669,929	9507,39	
670,162	9328,51	
670,395	9235,56	
670,629	9270,64	
670,862	9488,1	
671,095	9239,07	
671,328	9114,55	
671,561	9018,1	
671,795	9039,14	
672,028	9046,16	
672,261	8553,36	
672,494	8828,7	
672,727	8968,99	
672,96	8677,88	
673,193	8534,07	
673,426	8481,46	
673,659	8565,64	
673,892	8463,92	
674,125	8188,59	
674,358	8302,58	
674,591	7904,48	
674,824	8213,14	
675,057	7909,74	
675,29	8151,76	
675,523	7846,61	
675,755	8139,48	
675,988	8086,87	
676,221	7555,49	
676,454	8006,2	
676,687	7481,84	
676,919	7941,31	
677,152	7423,96	
677,385	7494,11	
677,617	7341,54	
677,85	7215,27	
678,083	7055,68	
678,315	7138,1	
678,548	7106,54	
678,78	6997,81	
679,013	7411,69	
679,246	6908,37	
679,478	6966,24	
679,711	7224,04	
679,943	6966,24	
680,175	6983,78	
680,408	6624,26	
680,64	6740,01	
680,873	6659,34	
681,105	6785,61	
681,338	6797,88	
681,57	6492,73	
681,802	6620,76	
682,034	6282,29	
682,267	6247,21	
682,499	6399,79	
682,731	6166,54	
682,964	6434,86	
683,196	6145,5	
683,428	6233,18	
683,66	6180,57	
683,892	6445,38	
684,124	5756,17	
684,356	6063,07	
684,589	5794,75	
684,821	6157,77	
685,053	5614,12	
685,285	5871,91	
685,517	5577,29	
685,749	5894,71	
685,981	5607,1	
686,213	5279,15	
686,445	5550,98	
686,676	5235,31	
686,908	5436,99	
687,14	5289,68	
687,372	5889,45	
687,604	5479,08	
687,836	5752,66	
688,068	5235,31	
688,299	5280,91	
688,531	5149,38	
688,763	5112,55	
688,995	5235,31	
689,226	4963,48	
689,458	5119,57	
689,69	5137,1	
689,921	4972,25	
690,153	4781,1	
690,384	4837,22	
690,616	4807,4	
690,848	4914,38	
691,079	4712,7	
691,311	4588,19	
691,542	4703,93	
691,774	4514,53	
692,005	4518,04	
692,237	4838,97	
692,468	4372,48	
692,699	4858,26	
692,931	4142,74	
693,162	4365,46	
693,393	4155,02	
693,625	4219,9	
693,856	4195,35	
694,087	4188,34	
694,319	4111,17	
694,55	4240,95	
694,781	3981,4	
695,012	3941,06	
695,243	3765,69	
695,475	4316,36	
695,706	4370,72	
695,937	3686,77	
696,168	4074,34	
696,399	3898,97	
696,63	3644,68	
696,861	3849,87	
697,092	3707,82	
697,323	3856,88	
697,554	3846,36	
697,785	3837,59	
698,016	3765,69	
698,247	3595,58	
698,478	3649,94	
698,709	3378,12	
698,94	3506,14	
699,171	3492,11	
699,401	3627,14	
699,632	3227,29	
699,863	3479,83	
700,094	3327,26	
700,325	3358,82	
700,555	3713,08	
700,786	3600,84	
701,017	3225,54	
701,247	3157,15	
701,478	3313,23	
701,709	3202,74	
701,939	3216,77	
702,17	3246,59	
702,401	3260,62	
702,631	3346,55	
702,862	2939,68	
703,092	3048,41	
703,323	2836,21	
703,553	2951,96	
703,784	3148,38	
704,014	3225,54	
704,244	2960,73	
704,475	2974,76	
704,705	2836,21	
704,936	2920,39	
705,166	2909,87	
705,396	2604,72	
705,627	3134,35	
705,857	2873,04	
706,087	2725,73	
706,317	2594,2	
706,548	2606,48	
706,778	2685,39	
707,008	2869,53	
707,238	2336,4	
707,468	2580,17	
707,698	2266,25	
707,928	2766,06	
708,158	2503,01	
708,389	2404,8	
708,619	2506,51	
708,849	2503,01	
709,079	2560,88	
709,309	2576,66	
709,539	2583,68	
709,768	2238,19	
709,998	2208,38	
710,228	2310,1	
710,458	2108,42	
710,688	2378,49	
710,918	2236,44	
711,148	2141,74	
711,378	2262,75	
711,607	2248,72	
711,837	2138,23	
712,067	2085,62	
712,297	1964,61	
712,526	1968,12	
712,756	2052,3	
712,986	1864,65	
713,215	2010,21	
713,445	2260,99	
713,674	2059,31	
713,904	1975,13	
714,134	1819,05	
714,363	1820,81	
714,593	1915,51	
714,822	1806,78	
715,052	1971,63	
715,281	2031,25	
715,511	1964,61	
715,74	1966,37	
715,969	1908,49	
716,199	1945,32	
716,428	1662,97	
716,657	1577,04	
716,887	1971,63	
717,116	1748,9	
717,345	1726,11	
717,575	1983,9	
717,804	1678,75	
718,033	1524,43	
718,262	1624,39	
718,492	1699,8	
718,721	1780,47	
718,95	1554,24	
719,179	1554,24	
719,408	1533,2	
719,637	1571,78	
719,866	1601,59	
720,095	1494,61	
720,324	1866,4	
720,553	1438,49	
720,782	1612,11	
721,011	1536,7	
721,24	1478,83	
721,469	1345,55	
721,698	1391,14	
721,927	1506,89	
722,156	1499,87	
722,385	1524,43	
722,613	1236,82	
722,842	1645,43	
723,071	1184,2	
723,3	1380,62	
723,529	1470,06	
723,757	1207	
723,986	1042,15	
724,215	1229,8	
724,443	1338,53	
724,672	1270,14	
724,901	1180,7	
725,129	1185,96	
725,358	1196,48	
725,586	1212,26	
725,815	1278,9	
726,043	1533,2	
726,272	1313,98	
726,5	1399,91	
726,729	1198,23	
726,957	1175,44	
727,186	1189,46	
727,414	979,02	
727,642	1059,69	
727,871	1415,7	
728,099	1487,6	
728,327	1242,08	
728,556	1266,63	
728,784	1377,11	
729,012	812,41	
729,241	1103,53	
729,469	1187,71	
729,697	814,17	
729,925	1161,41	
730,153	1026,37	
730,381	652,82	
730,61	849,24	
730,838	1163,16	
731,066	957,97	
731,294	1052,67	
731,522	984,28	
731,75	924,65	
731,978	1208,76	
732,206	1035,14	
732,434	875,55	
732,662	1129,84	
732,89	924,65	
733,118	758,05	
733,346	1112,3	
733,573	1008,83	
733,801	1050,92	
734,029	879,06	
734,257	528,31	
734,485	1000,06	
734,712	808,91	
734,94	780,85	
735,168	733,5	
735,396	761,56	
735,623	744,02	
735,851	856,26	
736,078	807,15	
736,306	593,2	
736,534	638,79	
736,761	630,03	
736,989	959,73	
737,216	808,91	
737,444	1287,67	
737,671	791,37	
737,899	1177,19	
738,126	963,23	
738,354	582,68	
738,581	1042,15	
738,809	843,98	
739,036	731,74	
739,263	898,35	
739,491	714,21	
739,718	922,9	
739,945	719,47	
740,173	747,53	
740,4	605,47	
740,627	679,13	
740,854	512,53	
741,081	779,09	
741,309	1038,64	
741,536	537,08	
741,763	535,32	
741,99	798,38	
742,217	623,01	
742,444	363,46	
742,671	572,15	
742,898	428,35	
743,125	528,31	
743,352	1110,55	
743,579	728,23	
743,806	452,9	
744,033	489,73	
744,26	603,72	
744,487	652,82	
744,714	416,07	
744,941	463,42	
745,167	545,85	
745,394	507,27	
745,621	798,38	
745,848	491,48	
746,075	735,25	
746,301	626,52	
746,528	330,14	
746,755	405,55	
746,981	465,18	
747,208	454,65	
747,435	772,08	
747,661	531,82	
747,888	352,94	
748,114	694,91	
748,341	717,71	
748,567	794,88	
748,794	395,03	
749,02	512,53	
749,247	521,3	
749,473	568,65	
749,7	898,35	
749,926	838,72	
750,152	219,65	
750,379	761,56	
750,605	738,76	
750,831	528,31	
751,058	435,36	
751,284	554,62	
751,51	249,47	
751,737	621,26	
751,963	733,5	
752,189	261,74	
752,415	352,94	
752,641	372,23	
752,867	302,08	
753,094	431,86	
753,32	442,38	
753,546	586,18	
753,772	356,44	
753,998	398,53	
754,224	305,59	
754,45	412,56	
754,676	291,56	
754,902	612,49	
755,128	644,06	
755,354	379,24	
755,579	542,34	
755,805	81,11	
756,031	316,11	
756,257	216,15	
756,483	233,68	
756,709	533,57	
756,934	582,68	
757,16	430,1	
757,386	458,16	
757,612	505,51	
757,837	356,44	
758,063	282,79	
758,289	340,66	
758,514	309,09	
758,74	370,47	
758,965	521,3	
759,191	445,88	
759,416	60,07	
759,642	293,31	
759,868	191,59	
760,093	242,45	
760,318	288,05	
760,544	340,66	
760,769	153,01	
760,995	53,05	
761,22	98,65	
761,445	696,67	
761,671	586,18	
761,896	212,64	
762,121	144,24	
762,347	40,77	
762,572	516,03	
762,797	274,02	
763,022	354,69	
763,248	267	
763,473	338,91	
763,698	217,9	
763,923	324,88	
764,148	203,87	
764,373	468,68	
764,598	414,32	
764,823	493,24	
765,048	551,11	
765,273	458,16	
765,498	184,58	
765,723	293,31	
765,948	154,77	
766,173	238,95	
766,398	119,69	
766,623	572,15	
766,848	153,01	
767,073	37,27	
767,298	279,28	
767,522	100,4	
767,747	84,62	
767,972	216,15	
768,197	196,86	
768,421	103,91	
768,646	91,63	
768,871	89,88	
769,095	153,01	
769,32	121,45	
769,545	349,43	
769,769	167,04	
769,994	-29,37	
770,218	174,06	
770,443	123,2	
770,667	195,1	
770,892	293,31	
771,116	195,1	
771,341	289,8	
771,565	428,35	
771,79	198,61	
772,014	33,76	
772,238	117,94	
772,463	49,54	
772,687	377,49	
772,911	60,07	
773,136	293,31	
773,36	177,56	
773,584	198,61	
773,808	149,51	
774,033	186,33	
774,257	174,06	
774,481	-24,11	
774,705	214,39	
774,929	196,86	
775,153	165,29	
775,377	75,85	
775,602	-157,4	
775,826	242,45	
776,05	138,98	
776,274	49,54	
776,498	30,25	
776,722	238,95	
776,945	112,68	
777,169	-138,11	
777,393	5,7	
777,617	116,18	
777,841	5,7	
778,065	79,36	
778,289	274,02	
778,512	261,74	
778,736	259,99	
778,96	44,28	
779,184	105,66	
779,407	331,89	
779,631	158,27	
779,855	93,39	
780,078	158,27	
780,302	75,85	
780,526	126,71	
780,749	3,95	
780,973	-73,22	
781,196	323,12	
781,42	142,49	
781,643	23,24	
781,867	-52,17	
782,09	193,35	
782,314	-117,06	
782,537	238,95	
782,76	35,51	
782,984	147,75	
783,207	-202,99	
783,431	196,86	
783,654	-1,32	
783,877	-176,69	
784,1	-113,55	
784,324	300,33	
784,547	86,37	
784,77	-134,6	
784,993	58,31	
785,216	265,25	
785,44	-92,51	
785,663	165,29	
785,886	-43,4	
786,109	-45,16	
786,332	331,89	
786,555	30,25	
786,778	-20,61	
787,001	37,27	
787,224	-129,34	
787,447	-41,65	
787,67	-83,74	
787,893	-50,42	
788,116	-192,47	
788,339	-38,14	
788,561	-81,99	
788,784	30,25	
789,007	-110,05	
789,23	200,36	
789,453	7,45	
789,675	102,15	
789,898	140,74	
790,121	154,77	
790,344	130,21	
790,566	205,62	
790,789	-3,07	
791,012	5,7	
791,234	128,46	
791,457	175,81	
791,679	-34,64	
791,902	-94,26	
792,124	-124,08	
792,347	-213,52	
792,569	-78,48	
792,792	-78,48	
793,014	-266,13	
793,237	28,5	
793,459	-153,89	
793,681	-32,88	
793,904	128,46	
794,126	-60,94	
794,348	-43,4	
794,571	345,92	
794,793	281,03	
795,015	17,98	
795,237	-3,07	
795,46	12,71	
795,682	-174,93	
795,904	-92,51	
796,126	-122,32	
796,348	288,05	
796,57	254,73	
796,792	205,62	
797,014	33,76	
797,237	-62,7	
797,459	-64,45	
797,681	-76,73	
797,903	105,66	
798,124	9,21	
798,346	170,55	
798,568	-99,52	
798,79	5,7	
799,012	-64,45	
799,234	224,92	
799,456	-143,37	
799,678	-148,63	
799,899	272,27	
800,121	93,39	
800,343	254,73	
800,565	161,78	
800,786	216,15	
801,008	-1,32	
801,23	-59,19	
801,451	267	
801,673	1482,34	
801,895	72,34	
802,116	398,53	
802,338	56,56	
802,559	-39,9	
802,781	116,18	
803,002	112,68	
803,224	82,86	
803,445	-152,14	
803,667	63,57	
803,888	49,54	
804,109	135,48	
804,331	61,82	
804,552	-87,25	
804,773	233,68	
804,995	-285,42	
805,216	56,56	
805,437	121,45	
805,658	77,6	
805,88	-118,81	
806,101	-118,81	
806,322	86,37	
806,543	140,74	
806,764	-60,94	
806,985	261,74	
807,207	89,88	
807,428	95,14	
807,649	138,98	
807,87	67,08	
808,091	91,63	
808,312	-96,02	
808,533	-31,13	
808,754	-166,17	
808,975	3,95	
809,195	-117,06	
809,416	84,62	
809,637	32,01	
809,858	-27,62	
810,079	-252,1	
810,3	46,04	
810,52	146	
810,741	-17,1	
810,962	-239,82	
811,183	-204,75	
811,403	-17,1	
811,624	138,98	
811,845	459,91	
812,065	191,59	
812,286	-110,05	
812,506	372,23	
812,727	-15,35	
812,948	-181,95	
813,168	-146,87	
813,389	-122,32	
813,609	202,12	
813,83	142,49	
814,05	-243,33	
814,27	-141,61	
814,491	95,14	
814,711	26,74	
814,931	67,08	
815,152	53,05	
815,372	72,34	
815,592	-125,83	
815,813	5,7	
816,033	-178,44	
816,253	144,24	
816,473	242,45	
816,694	-127,58	
816,914	-53,93	
817,134	-62,7	
817,354	-20,61	
817,574	-20,61	
817,794	223,16	
818,014	-185,46	
818,234	-464,3	
818,454	114,43	
818,674	117,94	
818,894	58,31	
819,114	-255,61	
819,334	79,36	
819,554	182,83	
819,774	-253,85	
819,994	-66,2	
820,214	21,48	
820,433	140,74	
820,653	-8,33	
820,873	-96,02	
821,093	7,45	
821,312	-120,57	
821,532	-99,52	
821,752	-159,15	
821,972	-195,98	
822,191	-201,24	
822,411	335,4	
822,63	37,27	
822,85	168,8	
823,07	359,95	
823,289	-69,71	
823,509	-197,73	
823,728	0,44	
823,948	-67,96	
824,167	252,98	
824,387	19,73	
824,606	-99,52	
824,825	58,31	
825,045	3,95	
825,264	-46,91	
825,483	258,24	
825,703	-22,36	
825,922	-150,38	
826,141	144,24	
826,361	-139,86	
826,58	-183,7	
826,799	-201,24	
827,018	302,08	
827,237	-97,77	
827,456	-162,66	
827,676	-148,63	
827,895	28,5	
828,114	-190,72	
828,333	-32,88	
828,552	-183,7	
828,771	-50,42	
828,99	58,31	
829,209	-201,24	
829,428	-217,02	
829,647	12,71	
829,866	-134,6	
830,084	-252,1	
830,303	-27,62	
830,522	54,8	
830,741	142,49	
830,96	251,22	
831,179	37,27	
831,397	12,71	
831,616	-32,88	
831,835	-10,08	
832,053	72,34	
832,272	-76,73	
832,491	-4,82	
832,709	130,21	
832,928	144,24	
833,147	7,45	
833,365	-145,12	
833,584	-241,58	
833,802	60,07	
834,021	-76,73	
834,239	-39,9	
834,458	-62,7	
834,676	-13,59	
834,894	-192,47	
835,113	-131,09	
835,331	-150,38	
835,55	26,74	
835,768	114,43	
835,986	-160,9	
836,204	-55,68	
836,423	63,57	
836,641	23,24	
836,859	112,68	
837,077	237,19	
837,296	30,25	
837,514	-4,82	
837,732	-6,58	
837,95	-274,9	
838,168	-18,85	
838,386	-129,34	
838,604	-125,83	
838,822	-113,55	
839,04	65,33	
839,258	119,69	
839,476	-101,28	
839,694	163,53	
839,912	-162,66	
840,13	-371,35	
840,348	-64,45	
840,566	39,02	
840,783	-125,83	
841,001	-152,14	
841,219	-211,76	
841,437	244,21	
841,655	-241,58	
841,872	135,48	
842,09	17,98	
842,308	-141,61	
842,525	128,46	
842,743	126,71	
842,961	10,96	
843,178	-181,95	
843,396	-53,93	
843,613	337,15	
843,831	-187,21	
844,048	172,3	
844,266	12,71	
844,483	284,54	
844,701	-166,17	
844,918	21,48	
845,136	-69,71	
845,353	-141,61	
845,57	144,24	
845,788	21,48	
846,005	174,06	
846,222	-159,15	
846,439	-131,09	
846,657	295,06	
846,874	-85,49	
847,091	-8,33	
847,308	-17,1	
847,526	-83,74	
847,743	-127,58	
847,96	-324	
848,177	223,16	
848,394	-280,16	
848,611	-92,51	
848,828	58,31	
849,045	359,95	
849,262	-81,99	
849,479	-131,09	
849,696	121,45	
849,913	-90,76	
850,13	21,48	
850,347	42,53	
850,564	88,12	
850,78	53,05	
850,997	-46,91	
851,214	-71,46	
851,431	-159,15	
851,647	-125,83	
851,864	-167,92	
852,081	-153,89	
852,298	-32,88	
852,514	32,01	
852,731	131,97	
852,948	-446,76	
853,164	-334,52	
853,381	-206,5	
853,597	259,99	
853,814	-57,43	
854,03	-245,08	
854,247	-367,84	
854,463	-122,32	
854,68	-92,51	
854,896	-190,72	
855,113	-141,61	
855,329	77,6	
855,545	-350,31	
855,762	-43,4	
855,978	89,88	
856,194	86,37	
856,411	110,92	
856,627	-67,96	
856,843	-22,36	
857,059	-176,69	
857,275	-322,25	
857,492	142,49	
857,708	-101,28	
857,924	-53,93	
858,14	26,74	
858,356	-29,37	
858,572	-55,68	
858,788	84,62	
859,004	-104,79	
859,22	-225,79	
859,436	16,22	
859,652	188,09	
859,868	-22,36	
860,084	-180,2	
860,3	381	
860,516	-150,38	
860,731	-96,02	
860,947	174,06	
861,163	10,96	
861,379	77,6	
861,595	-125,83	
861,81	-87,25	
862,026	-99,52	
862,242	-188,96	
862,457	-211,76	
862,673	-1,32	
862,889	-76,73	
863,104	-50,42	
863,32	-106,54	
863,535	-145,12	
863,751	-145,12	
863,966	-201,24	
864,182	-169,67	
864,397	100,4	
864,613	53,05	
864,828	53,05	
865,044	119,69	
865,259	-50,42	
865,474	32,01	
865,69	-139,86	
865,905	-52,17	
866,12	-71,46	
866,336	86,37	
866,551	17,98	
866,766	23,24	
866,981	-185,46	
867,196	153,01	
867,412	116,18	
867,627	-45,16	
867,842	-171,43	
868,057	-115,31	
868,272	-22,36	
868,487	84,62	
868,702	-48,67	
868,917	56,56	
869,132	-66,2	
869,347	-215,27	
869,562	-113,55	
869,777	117,94	
869,992	-204,75	
870,207	-108,29	
870,422	-73,22	
870,636	-134,6	
870,851	-50,42	
871,066	-36,39	
871,281	-73,22	
871,495	0,44	
871,71	-53,93	
871,925	-288,93	
872,14	-96,02	
872,354	123,2	
872,569	-36,39	
872,783	-157,4	
872,998	-29,37	
873,213	-90,76	
873,427	-125,83	
873,642	-236,31	
873,856	-104,79	
874,071	-36,39	
874,285	-222,28	
874,5	-141,61	
874,714	-202,99	
874,928	286,3	
875,143	-274,9	
875,357	-206,5	
875,571	-246,84	
875,786	-106,54	
876	96,89	
876,214	-39,9	
876,429	-34,64	
876,643	89,88	
876,857	-71,46	
877,071	-39,9	
877,285	-227,55	
877,499	-138,11	
877,714	-148,63	
877,928	-138,11	
878,142	-174,93	
878,356	-55,68	
878,57	-234,56	
878,784	-187,21	
878,998	137,23	
879,212	359,95	
879,426	23,24	
879,639	-238,07	
879,853	10,96	
880,067	98,65	
880,281	-31,13	
880,495	-220,53	
880,709	-352,06	
880,922	126,71	
881,136	107,42	
881,35	-360,83	
881,564	-83,74	
881,777	-57,43	
881,991	-50,42	
882,205	-266,13	
882,418	77,6	
882,632	-117,06	
882,845	117,94	
883,059	-138,11	
883,273	72,34	
883,486	-134,6	
883,7	91,63	
883,913	149,51	
884,126	3,95	
884,34	91,63	
884,553	93,39	
884,767	-113,55	
884,98	-315,23	
885,193	-101,28	
885,407	135,48	
885,62	168,8	
885,833	-4,82	
886,046	-113,55	
886,26	-192,47	
886,473	-48,67	
886,686	-176,69	
886,899	214,39	
887,112	-229,3	
887,326	-104,79	
887,539	-278,4	
887,752	-183,7	
887,965	102,15	
888,178	-87,25	
888,391	-197,73	
888,604	-73,22	
888,817	-29,37	
889,03	88,12	
889,243	39,02	
889,455	-85,49	
889,668	-227,55	
889,881	-25,87	
890,094	77,6	
890,307	-80,23	
890,52	-194,23	
890,732	14,47	
890,945	140,74	
891,158	-113,55	
891,37	10,96	
891,583	-185,46	
891,796	-148,63	
892,008	-124,08	
892,221	135,48	
892,434	-224,04	
892,646	-259,11	
892,859	-46,91	
893,071	214,39	
893,284	-178,44	
893,496	-169,67	
893,709	-50,42	
893,921	10,96	
894,133	-332,77	
894,346	-129,34	
894,558	-187,21	
894,771	-4,82	
894,983	-31,13	
895,195	-318,74	
895,407	-80,23	
895,62	-371,35	
895,832	-62,7	
896,044	-181,95	
896,256	70,59	
896,468	130,21	
896,681	-194,23	
896,893	-81,99	
897,105	-81,99	
897,317	-8,33	
897,529	-10,08	
897,741	-174,93	
897,953	-27,62	
898,165	77,6	
898,377	-50,42	
898,589	-10,08	
898,801	-120,57	
899,013	-43,4	
899,224	142,49	
899,436	-145,12	
899,648	32,01	
899,86	-25,87	
900,072	23,24	
900,283	-76,73	
900,495	-118,81	
900,707	-76,73	
900,919	-66,2	
901,13	91,63	
901,342	-120,57	
901,554	-253,85	
901,765	-53,93	
901,977	-238,07	
902,188	-11,84	
902,4	195,1	
902,611	163,53	
902,823	-139,86	
903,034	-89	
903,246	217,9	
903,457	44,28	
903,669	137,23	
903,88	79,36	
904,091	-245,08	
904,303	26,74	
904,514	-269,64	
904,725	-87,25	
904,936	70,59	
905,148	-281,91	
905,359	-183,7	
905,57	-188,96	
905,781	-73,22	
905,992	-348,55	
906,204	-260,87	
906,415	-232,81	
906,626	-145,12	
906,837	-153,89	
907,048	-90,76	
907,259	-148,63	
907,47	61,82	
907,681	-76,73	
907,892	33,76	
908,103	-120,57	
908,314	-145,12	
908,525	26,74	
908,735	-113,55	
908,946	-22,36	
909,157	-67,96	
909,368	7,45	
909,579	-103,03	
909,789	-120,57	
910	391,52	
910,211	-24,11	
910,421	-85,49	
910,632	-308,22	
910,843	-201,24	
911,053	153,01	
911,264	-101,28	
911,475	-271,39	
911,685	-25,87	
911,896	-76,73	
912,106	-194,23	
912,317	-227,55	
912,527	32,01	
912,737	-31,13	
912,948	-316,99	
913,158	-248,59	
913,369	-3,07	
913,579	-160,9	
913,789	-20,61	
914	-306,46	
914,21	323,12	
914,42	274,02	
914,63	-313,48	
914,841	-166,17	
915,051	-66,2	
915,261	-4,82	
915,471	-292,43	
915,681	158,27	
915,891	14,47	
916,101	-3,07	
916,311	21,48	
916,521	-41,65	
916,731	144,24	
916,941	-4,82	
917,151	77,6	
917,361	-89	
917,571	33,76	
917,781	-241,58	
917,991	-94,26	
918,201	170,55	
918,411	7,45	
918,621	72,34	
918,83	-150,38	
919,04	-52,17	
919,25	-178,44	
919,46	-359,08	
919,669	-118,81	
919,879	109,17	
920,089	109,17	
920,298	-157,4	
920,508	75,85	
920,717	-208,26	
920,927	133,72	
921,136	-501,13	
921,346	-73,22	
921,555	-373,11	
921,765	-122,32	
921,974	2,19	
922,184	-55,68	
922,393	196,86	
922,603	212,64	
922,812	-188,96	
923,021	-118,81	
923,23	30,25	
923,44	-166,17	
923,649	161,78	
923,858	44,28	
924,067	-99,52	
924,277	-48,67	
924,486	-234,56	
924,695	-204,75	
924,904	28,5	
925,113	-162,66	
925,322	-432,73	
925,531	-167,92	
925,74	-204,75	
925,949	58,31	
926,158	-222,28	
926,367	-87,25	
926,576	-292,43	
926,785	-117,06	
926,994	-97,77	
927,203	-227,55	
927,412	-171,43	
927,621	-115,31	
927,83	-101,28	
928,038	-22,36	
928,247	-108,29	
928,456	-31,13	
928,665	7,45	
928,873	-94,26	
929,082	65,33	
929,291	17,98	
929,499	-10,08	
929,708	103,91	
929,916	-174,93	
930,125	-73,22	
930,333	137,23	
930,542	-213,52	
930,75	-148,63	
930,959	-50,42	
931,167	-178,44	
931,376	-45,16	
931,584	-125,83	
931,793	-201,24	
932,001	86,37	
932,209	-48,67	
932,418	74,09	
932,626	-36,39	
932,834	-213,52	
933,042	-192,47	
933,251	-222,28	
933,459	-136,35	
933,667	184,58	
933,875	196,86	
934,083	-59,19	
934,291	-202,99	
934,499	-104,79	
934,707	3,95	
934,915	47,79	
935,123	-132,84	
935,331	-309,97	
935,539	-260,87	
935,747	-213,52	
935,955	-316,99	
936,163	-264,37	
936,371	-187,21	
936,579	-32,88	
936,787	-45,16	
936,995	-89	
937,202	-13,59	
937,41	77,6	
937,618	-66,2	
937,826	-132,84	
938,033	-220,53	
938,241	-4,82	
938,449	-22,36	
938,656	-318,74	
938,864	-162,66	
939,071	-52,17	
939,279	-248,59	
939,486	-32,88	
939,694	-38,14	
939,901	-120,57	
940,109	-185,46	
940,316	-62,7	
940,524	-178,44	
940,731	-146,87	
940,939	2,19	
941,146	-420,46	
941,353	-96,02	
941,561	270,51	
941,768	68,83	
941,975	-160,9	
942,182	-159,15	
942,39	137,23	
942,597	63,57	
942,804	-152,14	
943,011	-285,42	
943,218	24,99	
943,425	-132,84	
943,632	-141,61	
943,839	-206,5	
944,046	98,65	
944,253	-150,38	
944,46	-218,78	
944,667	9,21	
944,874	-210,01	
945,081	-57,43	
945,288	-238,07	
945,495	-190,72	
945,702	196,86	
945,909	-134,6	
946,115	-159,15	
946,322	-60,94	
946,529	-50,42	
946,736	72,34	
946,942	-260,87	
947,149	-262,62	
947,356	-24,11	
947,562	-299,45	
947,769	288,05	
947,976	110,92	
948,182	189,84	
948,389	3,95	
948,595	67,08	
948,802	117,94	
949,008	-183,7	
949,215	26,74	
949,421	-301,2	
949,628	-136,35	
949,834	-64,45	
950,04	51,3	
950,247	-236,31	
950,453	-96,02	
950,659	-266,13	
950,865	-211,76	
951,072	-164,41	
951,278	17,98	
951,484	-181,95	
951,69	-29,37	
951,896	2,19	
952,103	-13,59	
952,309	77,6	
952,515	-176,69	
952,721	-176,69	
952,927	-90,76	
953,133	-1,32	
953,339	226,67	
953,545	-120,57	
953,751	-204,75	
953,957	-39,9	
954,163	-302,96	
954,369	340,66	
954,574	-120,57	
954,78	-446,76	
954,986	-153,89	
955,192	-8,33	
955,398	21,48	
955,603	-110,05	
955,809	-55,68	
956,015	2,19	
956,22	-211,76	
956,426	2,19	
956,632	-220,53	
956,837	-18,85	
957,043	7,45	
957,248	-334,52	
957,454	-115,31	
957,66	-206,5	
957,865	-132,84	
958,07	-60,94	
958,276	130,21	
958,481	-171,43	
958,687	-269,64	
958,892	47,79	
959,097	-90,76	
959,303	-6,58	
959,508	49,54	
959,713	-115,31	
959,919	-197,73	
960,124	-190,72	
960,329	37,27	
960,534	-120,57	
960,739	-27,62	
960,945	-15,35	
961,15	-222,28	
961,355	-167,92	
961,56	-162,66	
961,765	-243,33	
961,97	23,24	
962,175	-48,67	
962,38	61,82	
962,585	-278,4	
962,79	-94,26	
962,995	-280,16	
963,2	-131,09	
963,404	82,86	
963,609	77,6	
963,814	56,56	
964,019	37,27	
964,224	-111,8	
964,428	-187,21	
964,633	-397,66	
964,838	-243,33	
965,042	-157,4	
965,247	198,61	
965,452	-455,53	
965,656	-13,59	
965,861	-101,28	
966,066	-220,53	
966,27	-304,71	
966,475	-204,75	
966,679	-348,55	
966,884	-245,08	
967,088	-206,5	
967,292	-301,2	
967,497	72,34	
967,701	-80,23	
967,906	-8,33	
968,11	-220,53	
968,314	-218,78	
968,518	-111,8	
968,723	172,3	
968,927	-92,51	
969,131	-304,71	
969,335	-22,36	
969,539	359,95	
969,744	-388,89	
969,948	131,97	
970,152	-202,99	
970,356	16,22	
970,56	-6,58	
970,764	-160,9	
970,968	-71,46	
971,172	114,43	
971,376	231,93	
971,58	40,77	
971,784	-71,46	
971,988	209,13	
972,192	-38,14	
972,395	65,33	
972,599	-208,26	
972,803	54,8	
973,007	72,34	
973,21	74,09	
973,414	-17,1	
973,618	-202,99	
973,822	-162,66	
974,025	323,12	
974,229	67,08	
974,432	-101,28	
974,636	-15,35	
974,84	9,21	
975,043	-4,82	
975,247	242,45	
975,45	-238,07	
975,654	-218,78	
975,857	67,08	
976,06	-108,29	
976,264	112,68	
976,467	-215,27	
976,671	-162,66	
976,874	-188,96	
977,077	-217,02	
977,28	-99,52	
977,484	-353,81	
977,687	-96,02	
977,89	110,92	
978,093	-176,69	
978,297	-78,48	
978,5	-104,79	
978,703	112,68	
978,906	5,7	
979,109	-215,27	
979,312	-180,2	
979,515	9,21	
979,718	-78,48	
979,921	-64,45	
980,124	-238,07	
980,327	53,05	
980,53	-245,08	
980,733	-187,21	
980,936	142,49	
981,138	-106,54	
981,341	130,21	
981,544	-162,66	
981,747	-129,34	
981,949	-118,81	
982,152	110,92	
982,355	10,96	
982,558	-64,45	
982,76	-245,08	
982,963	-124,08	
983,165	-250,34	
983,368	-199,49	
983,571	-99,52	
983,773	-29,37	
983,976	182,83	
984,178	-55,68	
984,381	-69,71	
984,583	-43,4	
984,785	-106,54	
984,988	-74,97	
985,19	89,88	
985,392	-173,18	
985,595	170,55	
985,797	-257,36	
985,999	-97,77	
986,202	-29,37	
986,404	-132,84	
986,606	17,98	
986,808	137,23	
987,01	-53,93	
987,212	100,4	
987,415	-32,88	
987,617	-280,16	
987,819	-118,81	
988,021	147,75	
988,223	-13,59	
988,425	-139,86	
988,627	-292,43	
988,829	-32,88	
989,031	114,43	
989,232	121,45	
989,434	-253,85	
989,636	228,42	
989,838	-259,11	
990,04	88,12	
990,242	28,5	
990,443	-281,91	
990,645	-27,62	
990,847	-99,52	
991,048	-55,68	
991,25	-253,85	
991,452	-120,57	
991,653	-173,18	
991,855	-376,61	
992,057	-1,32	
992,258	-134,6	
992,46	96,89	
992,661	-143,37	
992,863	-136,35	
993,064	307,34	
993,265	-288,93	
993,467	-113,55	
993,668	130,21	
993,87	133,72	
994,071	-103,03	
994,272	-85,49	
994,473	-71,46	
994,675	-202,99	
994,876	-243,33	
995,077	-34,64	
995,278	156,52	
995,48	-4,82	
995,681	-152,14	
995,882	-59,19	
996,083	-127,58	
996,284	-62,7	
996,485	-115,31	
996,686	112,68	
996,887	-104,79	
997,088	-141,61	
997,289	-29,37	
997,49	-87,25	
997,691	-43,4	
997,892	-50,42	
998,092	-239,82	
998,293	79,36	
998,494	-125,83	
998,695	-106,54	
998,896	16,22	
999,096	-22,36	
999,297	-266,13	
999,498	-46,91	
999,698	-218,78	
999,899	-45,16	
1000,1	-253,85	
1000,3	-243,33	
1000,501	-104,79	
1000,701	-148,63	
1000,902	-283,67	
1001,102	233,68	
1001,303	-136,35	
1001,503	-57,43	
1001,704	-53,93	
1001,904	-20,61	
1002,105	-122,32	
1002,305	-94,26	
1002,505	-169,67	
1002,706	-308,22	
1002,906	-299,45	
1003,106	-283,67	
1003,306	-31,13	
1003,507	-60,94	
1003,707	-96,02	
1003,907	-38,14	
1004,107	-129,34	
1004,307	0,44	
1004,507	-181,95	
1004,707	-111,8	
1004,907	-146,87	
1005,107	-10,08	
1005,308	2,19	
1005,507	-281,91	
1005,707	-218,78	
1005,907	-162,66	
1006,107	-101,28	
1006,307	-83,74	
1006,507	-141,61	
1006,707	-96,02	
1006,907	184,58	
1007,106	-76,73	
1007,306	-53,93	
1007,506	103,91	
1007,706	-27,62	
1007,905	-206,5	
1008,105	-25,87	
1008,305	32,01	
1008,504	-285,42	
1008,704	47,79	
1008,903	-350,31	
1009,103	154,77	
1009,303	-59,19	
1009,502	-153,89	
1009,702	33,76	
1009,901	-32,88	
1010,1	-113,55	
1010,3	-139,86	
1010,499	33,76	
1010,699	-152,14	
1010,898	-234,56	
1011,097	-166,17	
1011,296	-127,58	
1011,496	93,39	
1011,695	270,51	
1011,894	-160,9	
1012,093	-38,14	
1012,293	-229,3	
1012,492	-55,68	
1012,691	-174,93	
1012,89	-96,02	
1013,089	-266,13	
1013,288	112,68	
1013,487	-141,61	
1013,686	-148,63	
1013,885	-220,53	
1014,084	-138,11	
1014,283	-25,87	
1014,482	-180,2	
1014,681	-194,23	
1014,88	-195,98	
1015,078	112,68	
1015,277	84,62	
1015,476	-41,65	
1015,675	-174,93	
1015,873	-32,88	
1016,072	-334,52	
1016,271	2,19	
1016,47	-25,87	
1016,668	-96,02	
1016,867	-318,74	
1017,065	-139,86	
1017,264	-206,5	
1017,463	-136,35	
1017,661	24,99	
1017,86	-210,01	
1018,058	-4,82	
1018,256	-294,19	
1018,455	-357,32	
1018,653	-13,59	
1018,852	-138,11	
1019,05	-255,61	
1019,248	223,16	
1019,447	-239,82	
1019,645	33,76	
1019,843	-248,59	
1020,041	-360,83	
1020,24	-218,78	
1020,438	-85,49	
1020,636	-253,85	
1020,834	-213,52	
1021,032	-52,17	
1021,23	-145,12	
1021,428	-197,73	
1021,626	-11,84	
1021,824	24,99	
1022,022	-294,19	
1022,22	-413,44	
1022,418	-173,18	
1022,616	-111,8	
1022,814	-248,59	
1023,012	-127,58	
1023,21	-169,67	
1023,408	365,21	
1023,606	-159,15	
1023,803	-217,02	
1024,001	103,91	
1024,199	-176,69	
1024,397	-29,37	
1024,594	109,17	
1024,792	-15,35	
1024,99	-176,69	
1025,187	61,82	
1025,385	153,01	
1025,582	-315,23	
1025,78	-78,48	
1025,977	-201,24	
1026,175	-39,9	
1026,372	-264,37	
1026,57	-204,75	
1026,767	416,07	
1026,965	-129,34	
1027,162	-371,35	
1027,359	-83,74	
1027,557	-96,02	
1027,754	-238,07	
1027,951	35,51	
1028,148	-117,06	
1028,346	86,37	
1028,543	-76,73	
1028,74	-201,24	
1028,937	-43,4	
1029,134	3,95	
1029,331	-129,34	
1029,528	-64,45	
1029,725	39,02	
1029,923	-152,14	
1030,12	95,14	
1030,317	-188,96	
1030,513	75,85	
1030,71	-287,17	
1030,907	-97,77	
1031,104	-17,1	
1031,301	-222,28	
1031,498	-117,06	
1031,695	-281,91	
1031,892	-334,52	
1032,088	-220,53	
1032,285	-185,46	
1032,482	-129,34	
1032,678	-225,79	
1032,875	-3,07	
1033,072	228,42	
1033,268	-210,01	
1033,465	105,66	
1033,662	107,42	
1033,858	46,04	
1034,055	-108,29	
1034,251	-278,4	
1034,448	47,79	
1034,644	-160,9	
1034,84	-160,9	
1035,037	-118,81	
1035,233	-311,72	
1035,43	-190,72	
1035,626	-324	
1035,822	-183,7	
1036,019	47,79	
1036,215	53,05	
1036,411	-145,12	
1036,607	-267,88	
1036,803	-180,2	
1037	-120,57	
1037,196	284,54	
1037,392	-241,58	
1037,588	9,21	
1037,784	42,53	
1037,98	9,21	
1038,176	-217,02	
1038,372	-13,59	
1038,568	-234,56	
1038,764	-106,54	
1038,96	-90,76	
1039,156	-239,82	
1039,352	-187,21	
1039,547	-174,93	
1039,743	-278,4	
1039,939	51,3	
1040,135	-204,75	
1040,331	-332,77	
1040,526	-169,67	
1040,722	-34,64	
1040,918	-304,71	
1041,113	-145,12	
1041,309	-322,25	
1041,505	-71,46	
1041,7	-81,99	
1041,896	147,75	
1042,091	-308,22	
1042,287	-74,97	
1042,482	33,76	
1042,678	-38,14	
1042,873	65,33	
1043,069	-180,2	
1043,264	10,96	
1043,459	-22,36	
1043,655	-202,99	
1043,85	-136,35	
1044,045	-413,44	
1044,24	-220,53	
1044,436	-376,61	
1044,631	-159,15	
1044,826	-160,9	
1045,021	-160,9	
1045,216	-160,9	
