couleur : bleu marine
angle source :0
angle capteur :30
source : 4000K
FLMT02171_1:101		
194,658	-1031,92	
194,923	-1031,92	
195,188	-1031,92	
195,453	-974,05	
195,717	1,02	
195,982	346,51	
196,247	118,52	
196,512	-123,49	
196,777	-30,54	
197,042	-128,75	
197,307	18,56	
197,572	72,93	
197,837	-51,59	
198,101	-183,12	
198,366	6,28	
198,631	48,37	
198,896	-93,68	
199,161	300,91	
199,425	-183,12	
199,69	290,39	
199,955	-35,81	
200,22	-11,25	
200,484	-428,64	
200,749	-53,34	
201,014	-5,99	
201,278	-179,61	
201,543	351,77	
201,807	-158,57	
202,072	183,41	
202,337	60,65	
202,601	120,28	
202,866	-304,13	
203,13	-223,45	
203,395	-90,17	
203,659	258,82	
203,924	-184,87	
204,189	-25,28	
204,453	4,53	
204,717	-163,83	
204,982	34,34	
205,246	-7,75	
205,511	120,28	
205,775	-0,73	
206,04	93,97	
206,304	-186,63	
206,568	-116,48	
206,833	-205,92	
207,097	-4,24	
207,361	-51,59	
207,626	-156,81	
207,89	-16,51	
208,154	2,78	
208,419	95,72	
208,683	-88,42	
208,947	122,03	
209,211	55,39	
209,476	109,75	
209,74	136,06	
210,004	509,6	
210,268	158,86	
210,532	434,19	
210,796	-4,24	
211,061	-107,71	
211,325	30,84	
211,589	279,87	
211,853	220,24	
212,117	-2,48	
212,381	227,25	
212,645	57,14	
212,909	20,31	
213,173	85,2	
213,437	-49,84	
213,701	211,47	
213,965	-55,1	
214,229	174,64	
214,493	141,32	
214,757	-21,78	
215,021	-156,81	
215,285	43,11	
215,549	-204,16	
215,813	-51,59	
216,077	-14,76	
216,34	30,84	
216,604	64,16	
216,868	-98,94	
217,132	-172,6	
217,396	255,31	
217,659	134,31	
217,923	302,66	
218,187	-186,63	
218,451	88,71	
218,714	186,92	
218,978	-9,5	
219,242	225,5	
219,505	246,54	
219,769	-49,84	
220,033	209,72	
220,296	209,72	
220,56	141,32	
220,824	11,55	
221,087	188,67	
221,351	-98,94	
221,614	-7,75	
221,878	-167,33	
222,142	37,85	
222,405	171,13	
222,669	-232,22	
222,932	69,42	
223,196	186,92	
223,459	92,22	
223,722	-16,51	
223,986	-77,89	
224,249	171,13	
224,513	115,02	
224,776	-139,28	
225,04	-88,42	
225,303	-123,49	
225,566	123,78	
225,83	211,47	
226,093	-13,01	
226,356	-160,32	
226,62	411,39	
226,883	-246,25	
227,146	-104,2	
227,409	-226,96	
227,673	267,59	
227,936	-130,51	
228,199	44,87	
228,462	162,37	
228,725	93,97	
228,989	85,2	
229,252	29,08	
229,515	-37,56	
229,778	123,78	
230,041	200,95	
230,304	-188,38	
230,567	-146,29	
230,83	-0,73	
231,093	-35,81	
231,356	23,82	
231,619	-142,78	
231,882	-121,74	
232,145	9,79	
232,408	-102,45	
232,671	-69,13	
232,934	-148,04	
233,197	195,69	
233,46	421,92	
233,723	-121,74	
233,986	71,17	
234,249	-183,12	
234,512	-0,73	
234,775	60,65	
235,037	55,39	
235,3	-62,11	
235,563	606,06	
235,826	171,13	
236,089	72,93	
236,351	-116,48	
236,614	39,6	
236,877	15,05	
237,14	-198,9	
237,402	18,56	
237,665	144,83	
237,928	41,36	
238,19	-153,3	
238,453	72,93	
238,716	325,46	
238,978	-60,36	
239,241	-127	
239,503	116,77	
239,766	64,16	
240,029	141,32	
240,291	-135,77	
240,554	234,27	
240,816	62,4	
241,079	162,37	
241,341	-90,17	
241,604	-347,97	
241,866	-177,86	
242,129	-112,97	
242,391	120,28	
242,653	-79,65	
242,916	92,22	
243,178	-119,98	
243,441	100,99	
243,703	4,53	
243,965	-11,25	
244,228	400,87	
244,49	-46,33	
244,752	-23,53	
245,015	23,82	
245,277	-146,29	
245,539	-198,9	
245,801	-188,38	
246,064	139,57	
246,326	88,71	
246,588	-139,28	
246,85	304,42	
247,112	-86,66	
247,374	93,97	
247,637	-81,4	
247,899	-216,44	
248,161	74,68	
248,423	-70,88	
248,685	344,75	
248,947	218,49	
249,209	351,77	
249,471	-116,48	
249,733	-32,3	
249,995	-30,54	
250,257	-223,45	
250,519	176,4	
250,781	137,81	
251,043	102,74	
251,305	118,52	
251,567	411,39	
251,829	43,11	
252,091	34,34	
252,353	-211,18	
252,615	44,87	
252,876	-35,81	
253,138	53,63	
253,4	-63,86	
253,662	-81,4	
253,924	-440,92	
254,185	30,84	
254,447	-119,98	
254,709	213,22	
254,971	-34,05	
255,232	25,58	
255,494	334,23	
255,756	-60,36	
256,017	-240,99	
256,279	-332,18	
256,541	-77,89	
256,802	37,85	
257,064	-160,32	
257,326	-211,18	
257,587	16,81	
257,849	62,4	
258,11	25,58	
258,372	-121,74	
258,633	153,6	
258,895	257,07	
259,156	374,57	
259,418	-39,31	
259,679	164,12	
259,941	44,87	
260,202	136,06	
260,464	-135,77	
260,725	-30,54	
260,987	95,72	
261,248	8,04	
261,509	74,68	
261,771	27,33	
262,032	13,3	
262,293	129,05	
262,555	127,29	
262,816	143,07	
263,077	-162,07	
263,338	-0,73	
263,6	-279,57	
263,861	-226,96	
264,122	127,29	
264,383	62,4	
264,645	-267,3	
264,906	15,05	
265,167	-123,49	
265,428	8,04	
265,689	-84,91	
265,95	300,91	
266,211	22,07	
266,473	-97,19	
266,734	-97,19	
266,995	30,84	
267,256	34,34	
267,517	18,56	
267,778	29,08	
268,039	-83,16	
268,3	379,83	
268,561	93,97	
268,822	-130,51	
269,083	127,29	
269,344	-86,66	
269,604	207,96	
269,865	-223,45	
270,126	141,32	
270,387	81,69	
270,648	-316,4	
270,909	-193,64	
271,17	-5,99	
271,43	176,4	
271,691	136,06	
271,952	-49,84	
272,213	-48,08	
272,473	-223,45	
272,734	88,71	
272,995	-286,59	
273,256	-333,94	
273,516	-114,72	
273,777	-55,1	
274,038	-186,63	
274,298	116,77	
274,559	4,53	
274,82	-190,13	
275,08	-83,16	
275,341	-286,59	
275,601	-211,18	
275,862	-74,39	
276,122	251,81	
276,383	36,1	
276,643	214,98	
276,904	72,93	
277,164	288,63	
277,425	335,98	
277,685	-153,3	
277,946	76,43	
278,206	-219,95	
278,467	-37,56	
278,727	286,88	
278,987	-23,53	
279,248	223,75	
279,508	-42,82	
279,768	-77,89	
280,029	-56,85	
280,289	-53,34	
280,549	-18,27	
280,81	2,78	
281,07	143,07	
281,33	-218,19	
281,59	495,57	
281,851	8,04	
282,111	-13,01	
282,371	197,44	
282,631	2,78	
282,891	-225,21	
283,151	-205,92	
283,412	-93,68	
283,672	50,13	
283,932	116,77	
284,192	-179,61	
284,452	-134,01	
284,712	160,61	
284,972	-65,62	
285,232	364,04	
285,492	60,65	
285,752	293,9	
286,012	58,9	
286,272	-277,82	
286,532	93,97	
286,792	76,43	
287,052	-88,42	
287,312	-146,29	
287,571	-23,53	
287,831	-27,04	
288,091	93,97	
288,351	-262,04	
288,611	-258,53	
288,871	-123,49	
289,13	-167,33	
289,39	64,16	
289,65	-0,73	
289,91	807,74	
290,17	267,59	
290,429	-79,65	
290,689	15,05	
290,949	41,36	
291,208	-107,71	
291,468	-114,72	
291,728	-11,25	
291,987	-265,54	
292,247	-109,46	
292,506	360,54	
292,766	118,52	
293,026	-23,53	
293,285	-114,72	
293,545	264,08	
293,804	-86,66	
294,064	202,7	
294,323	90,46	
294,583	-105,95	
294,842	-256,77	
295,102	111,51	
295,361	381,58	
295,621	90,46	
295,88	202,7	
296,139	-149,8	
296,399	160,61	
296,658	92,22	
296,917	-148,04	
297,177	65,91	
297,436	395,61	
297,695	-4,24	
297,955	85,2	
298,214	-42,82	
298,473	141,32	
298,732	22,07	
298,992	134,31	
299,251	-93,68	
299,51	-134,01	
299,769	60,65	
300,028	-219,95	
300,287	-72,63	
300,547	-179,61	
300,806	69,42	
301,065	-256,77	
301,324	58,9	
301,583	-21,78	
301,842	120,28	
302,101	41,36	
302,36	239,53	
302,619	144,83	
302,878	93,97	
303,137	60,65	
303,396	-39,31	
303,655	158,86	
303,914	86,96	
304,173	-135,77	
304,432	-21,78	
304,691	-237,48	
304,95	185,16	
305,208	176,4	
305,467	-116,48	
305,726	-372,52	
305,985	-16,51	
306,244	-34,05	
306,503	-30,54	
306,761	113,26	
307,02	-134,01	
307,279	153,6	
307,537	130,8	
307,796	-193,64	
308,055	-188,38	
308,314	-60,36	
308,572	157,1	
308,831	-200,66	
309,09	239,53	
309,348	162,37	
309,607	-34,05	
309,865	204,46	
310,124	257,07	
310,382	81,69	
310,641	57,14	
310,9	-160,32	
311,158	95,72	
311,417	-32,3	
311,675	-123,49	
311,933	-149,8	
312,192	123,78	
312,45	-214,69	
312,709	29,08	
312,967	144,83	
313,226	283,37	
313,484	-172,6	
313,742	141,32	
314,001	-62,11	
314,259	181,66	
314,517	95,72	
314,776	-114,72	
315,034	-2,48	
315,292	11,55	
315,55	90,46	
315,809	-172,6	
316,067	30,84	
316,325	-91,92	
316,583	157,1	
316,841	-169,09	
317,1	172,89	
317,358	-44,57	
317,616	-77,89	
317,874	-20,02	
318,132	-14,76	
318,39	185,16	
318,648	153,6	
318,906	-56,85	
319,164	-177,86	
319,422	-207,67	
319,68	-219,95	
319,938	-81,4	
320,196	-67,37	
320,454	79,94	
320,712	-135,77	
320,97	-42,82	
321,228	-121,74	
321,486	-237,48	
321,744	-41,07	
322,002	-91,92	
322,26	69,42	
322,517	100,99	
322,775	-65,62	
323,033	-160,32	
323,291	-35,81	
323,549	-109,46	
323,806	-58,6	
324,064	65,91	
324,322	57,14	
324,58	62,4	
324,837	-174,35	
325,095	-116,48	
325,353	334,23	
325,61	-69,13	
325,868	223,75	
326,126	-216,44	
326,383	204,46	
326,641	-144,54	
326,898	-90,17	
327,156	2,78	
327,413	141,32	
327,671	-23,53	
327,928	-13,01	
328,186	81,69	
328,443	-135,77	
328,701	64,16	
328,958	-193,64	
329,216	50,13	
329,473	37,85	
329,731	-207,67	
329,988	158,86	
330,245	-44,57	
330,503	-149,8	
330,76	-16,51	
331,017	-100,69	
331,275	62,4	
331,532	164,12	
331,789	157,1	
332,047	55,39	
332,304	-81,4	
332,561	518,37	
332,818	-142,78	
333,076	-72,63	
333,333	-4,24	
333,59	39,6	
333,847	150,09	
334,104	209,72	
334,361	230,76	
334,618	-97,19	
334,876	213,22	
335,133	-142,78	
335,39	-70,88	
335,647	-228,72	
335,904	-83,16	
336,161	-300,62	
336,418	-28,79	
336,675	-141,03	
336,932	25,58	
337,189	288,63	
337,446	-20,02	
337,703	83,45	
337,96	41,36	
338,216	-130,51	
338,473	-233,98	
338,73	-153,3	
338,987	-123,49	
339,244	-105,95	
339,501	260,57	
339,757	-228,72	
340,014	-262,04	
340,271	11,55	
340,528	23,82	
340,785	123,78	
341,041	-69,13	
341,298	111,51	
341,555	-109,46	
341,811	-293,6	
342,068	115,02	
342,325	-146,29	
342,581	23,82	
342,838	169,38	
343,094	148,34	
343,351	-142,78	
343,608	-146,29	
343,864	109,75	
344,121	-156,81	
344,377	71,17	
344,634	350,01	
344,89	4,53	
345,147	-134,01	
345,403	62,4	
345,66	60,65	
345,916	-151,55	
346,172	-49,84	
346,429	174,64	
346,685	2,78	
346,942	-11,25	
347,198	-132,26	
347,454	-190,13	
347,711	58,9	
347,967	-58,6	
348,223	-72,63	
348,48	-23,53	
348,736	-35,81	
348,992	-111,22	
349,248	-56,85	
349,504	-74,39	
349,761	-105,95	
350,017	-112,97	
350,273	-163,83	
350,529	-218,19	
350,785	57,14	
351,041	-169,09	
351,297	13,3	
351,554	-130,51	
351,81	-421,63	
352,066	25,58	
352,322	-56,85	
352,578	697,25	
352,834	-20,02	
353,09	86,96	
353,346	-77,89	
353,602	129,05	
353,858	-184,87	
354,114	-20,02	
354,369	-79,65	
354,625	-18,27	
354,881	-191,89	
355,137	93,97	
355,393	-286,59	
355,649	-218,19	
355,905	-111,22	
356,16	-141,03	
356,416	99,23	
356,672	-58,6	
356,928	-56,85	
357,183	109,75	
357,439	-288,34	
357,695	-107,71	
357,951	-109,46	
358,206	44,87	
358,462	79,94	
358,718	-39,31	
358,973	58,9	
359,229	-9,5	
359,484	-5,99	
359,74	-216,44	
359,996	36,1	
360,251	99,23	
360,507	-88,42	
360,762	29,08	
361,018	-37,56	
361,273	53,63	
361,529	-212,93	
361,784	372,81	
362,04	-118,23	
362,295	16,81	
362,55	-267,3	
362,806	100,99	
363,061	151,84	
363,316	-212,93	
363,572	141,32	
363,827	-130,51	
364,082	232,51	
364,338	48,37	
364,593	-176,1	
364,848	190,43	
365,104	-240,99	
365,359	-2,48	
365,614	-172,6	
365,869	76,43	
366,124	-65,62	
366,38	125,54	
366,635	164,12	
366,89	169,38	
367,145	65,91	
367,4	-4,24	
367,655	-46,33	
367,91	-307,63	
368,165	-27,04	
368,42	25,58	
368,675	64,16	
368,93	-30,54	
369,185	271,1	
369,44	-27,04	
369,695	72,93	
369,95	-97,19	
370,205	-109,46	
370,46	13,3	
370,715	46,62	
370,97	74,68	
371,225	334,23	
371,48	144,83	
371,734	-49,84	
371,989	51,88	
372,244	-354,98	
372,499	-74,39	
372,754	206,21	
373,008	-421,63	
373,263	-23,53	
373,518	207,96	
373,773	-107,71	
374,027	-55,1	
374,282	-63,86	
374,537	108	
374,791	216,73	
375,046	48,37	
375,301	162,37	
375,555	108	
375,81	-128,75	
376,064	51,88	
376,319	65,91	
376,573	-125,25	
376,828	-276,07	
377,082	-155,06	
377,337	229,01	
377,591	-230,47	
377,846	-125,25	
378,1	129,05	
378,355	104,49	
378,609	255,31	
378,863	-139,28	
379,118	85,2	
379,372	-86,66	
379,627	143,07	
379,881	74,68	
380,135	141,32	
380,389	-69,13	
380,644	-225,21	
380,898	207,96	
381,152	-158,57	
381,407	-107,71	
381,661	25,58	
381,915	223,75	
382,169	30,84	
382,423	8,04	
382,677	-172,6	
382,932	171,13	
383,186	30,84	
383,44	-202,41	
383,694	-391,81	
383,948	-83,16	
384,202	4,53	
384,456	25,58	
384,71	-104,2	
384,964	-153,3	
385,218	186,92	
385,472	143,07	
385,726	9,79	
385,98	25,58	
386,234	-107,71	
386,488	-123,49	
386,742	81,69	
386,996	144,83	
387,249	13,3	
387,503	234,27	
387,757	-34,05	
388,011	-102,45	
388,265	108	
388,518	-70,88	
388,772	88,71	
389,026	39,6	
389,28	-30,54	
389,533	-30,54	
389,787	150,09	
390,041	-67,37	
390,295	-281,33	
390,548	-39,31	
390,802	-98,94	
391,055	4,53	
391,309	81,69	
391,563	-176,1	
391,816	106,25	
392,07	104,49	
392,323	167,63	
392,577	62,4	
392,83	150,09	
393,084	-83,16	
393,337	-46,33	
393,591	276,36	
393,844	-148,04	
394,098	-97,19	
394,351	-188,38	
394,604	253,56	
394,858	-9,5	
395,111	-14,76	
395,364	64,16	
395,618	8,04	
395,871	-100,69	
396,124	223,75	
396,378	262,33	
396,631	165,87	
396,884	695,5	
397,137	251,81	
397,391	129,05	
397,644	123,78	
397,897	490,31	
398,15	260,57	
398,403	199,19	
398,657	127,29	
398,91	150,09	
399,163	-218,19	
399,416	50,13	
399,669	-240,99	
399,922	-30,54	
400,175	36,1	
400,428	115,02	
400,681	-209,42	
400,934	-42,82	
401,187	44,87	
401,44	-37,56	
401,693	-41,07	
401,946	102,74	
402,199	265,84	
402,452	99,23	
402,704	-88,42	
402,957	141,32	
403,21	-4,24	
403,463	-105,95	
403,716	-248,01	
403,969	8,04	
404,221	1,02	
404,474	207,96	
404,727	100,99	
404,98	230,76	
405,232	183,41	
405,485	-16,51	
405,738	69,42	
405,99	-356,74	
406,243	108	
406,496	-279,57	
406,748	48,37	
407,001	79,94	
407,253	-41,07	
407,506	-104,2	
407,759	158,86	
408,011	-70,88	
408,264	337,74	
408,516	225,5	
408,769	250,05	
409,021	227,25	
409,274	129,05	
409,526	306,17	
409,778	64,16	
410,031	343	
410,283	446,47	
410,536	113,26	
410,788	51,88	
411,04	155,35	
411,293	55,39	
411,545	104,49	
411,797	-174,35	
412,049	281,62	
412,302	323,71	
412,554	-7,75	
412,806	539,42	
413,058	253,56	
413,311	428,93	
413,563	218,49	
413,815	265,84	
414,067	248,3	
414,319	607,81	
414,571	-9,5	
414,823	236,02	
415,075	371,06	
415,328	334,23	
415,58	276,36	
415,832	153,6	
416,084	595,54	
416,336	528,89	
416,588	290,39	
416,84	218,49	
417,091	535,91	
417,343	392,1	
417,595	442,96	
417,847	386,84	
418,099	660,42	
418,351	456,99	
418,603	174,64	
418,855	372,81	
419,106	555,2	
419,358	814,75	
419,61	474,53	
419,862	648,15	
420,114	474,53	
420,365	870,87	
420,617	663,93	
420,869	1030,46	
421,12	499,08	
421,372	848,07	
421,624	874,38	
421,875	805,98	
422,127	970,83	
422,379	919,98	
422,63	805,98	
422,882	900,68	
423,133	813	
423,385	832,29	
423,636	905,95	
423,888	967,33	
424,139	1088,33	
424,391	1002,4	
424,642	686,73	
424,894	1046,24	
425,145	1125,16	
425,396	902,44	
425,648	1188,3	
425,899	991,88	
426,151	1158,48	
426,402	1281,24	
426,653	1016,43	
426,905	1260,2	
427,156	1505,72	
427,407	1382,96	
427,658	1630,23	
427,91	1609,19	
428,161	1240,91	
428,412	1353,15	
428,663	1607,44	
428,914	1358,41	
429,166	1428,56	
429,417	2040,61	
429,668	1539,04	
429,919	1958,18	
430,17	1858,22	
430,421	1781,06	
430,672	1588,15	
430,923	1617,96	
431,174	1898,55	
431,425	1837,17	
431,676	1903,82	
431,927	2273,85	
432,178	2170,38	
432,429	1980,98	
432,68	2419,41	
432,931	2414,15	
433,182	2386,09	
433,433	2252,81	
433,683	2063,41	
433,934	2408,89	
434,185	2543,93	
434,436	2726,31	
434,687	2747,36	
434,937	2785,94	
435,188	2835,04	
435,439	3005,16	
435,69	2889,41	
435,94	3299,78	
436,191	3189,3	
436,442	3168,25	
436,692	3420,79	
436,943	3405,01	
437,194	3529,52	
437,444	3685,6	
437,695	3671,57	
437,945	3429,56	
438,196	3761,01	
438,447	3841,68	
438,697	3904,82	
438,948	3810,12	
439,198	3885,53	
439,449	4395,86	
439,699	4429,18	
439,949	4674,7	
440,2	4413,4	
440,45	4667,69	
440,701	4716,79	
440,951	4595,79	
441,201	5142,95	
441,452	5181,53	
441,702	5528,77	
441,952	5097,35	
442,203	5591,9	
442,453	5528,77	
442,703	5551,57	
442,953	5381,46	
443,204	5667,31	
443,454	6335,48	
443,704	6353,02	
443,954	6223,24	
444,204	6879,14	
444,455	6705,52	
444,705	7166,75	
444,955	7322,83	
445,205	6956,3	
445,455	7319,32	
445,705	7452,61	
445,955	7813,87	
446,205	7694,62	
446,455	8122,53	
446,705	8064,66	
446,955	8468,01	
447,205	8269,84	
447,455	8476,78	
447,705	8799,47	
447,955	8957,3	
448,205	9372,94	
448,454	9686,85	
448,704	9450,1	
448,954	9376,44	
449,204	9683,35	
449,454	10348,01	
449,704	9725,44	
449,953	10358,53	
450,203	10553,19	
450,453	10695,25	
450,703	10547,93	
450,952	10551,44	
451,202	11051,25	
451,452	10428,68	
451,701	11079,31	
451,951	11507,22	
452,201	11515,99	
452,45	11680,84	
452,7	11300,28	
452,949	11309,05	
453,199	11761,51	
453,448	11405,51	
453,698	11558,08	
453,947	11451,1	
454,197	11638,75	
454,446	11963,19	
454,696	11479,16	
454,945	11398,49	
455,195	11617,71	
455,444	11519,5	
455,693	11789,57	
455,943	11498,45	
456,192	11524,76	
456,442	11137,19	
456,691	11309,05	
456,94	10998,64	
457,189	11305,54	
457,439	11286,25	
457,688	10781,18	
457,937	10344,5	
458,186	10518,12	
458,436	10553,19	
458,685	10616,33	
458,934	10423,42	
459,183	10111,26	
459,432	10453,23	
459,681	9786,82	
459,93	10397,11	
460,179	9820,14	
460,429	9906,07	
460,678	9565,85	
460,927	9397,49	
461,176	9607,94	
461,425	9539,54	
461,674	9281,74	
461,923	8999,39	
462,172	8971,33	
462,42	9076,56	
462,669	8669,69	
462,918	8734,58	
463,167	9097,6	
463,416	8781,93	
463,665	8224,25	
463,914	8518,87	
464,162	8243,54	
464,411	8539,92	
464,66	8431,19	
464,909	8176,9	
465,158	7689,36	
465,406	8415,4	
465,655	8026,07	
465,904	7905,07	
466,152	7634,99	
466,401	7861,22	
466,65	7452,61	
466,898	7545,55	
467,147	7403,5	
467,395	7770,03	
467,644	7259,7	
467,893	7443,84	
468,141	7217,61	
468,39	7121,15	
468,638	6894,92	
468,887	7385,96	
469,135	6886,15	
469,384	7214,1	
469,632	6959,81	
469,88	6915,97	
470,129	6800,22	
470,377	6884,4	
470,626	6444,21	
470,874	6584,51	
471,122	6856,34	
471,371	6475,78	
471,619	6314,44	
471,867	6372,31	
472,115	6253,06	
472,364	6047,87	
472,612	6019,81	
472,86	5830,41	
473,108	6149,59	
473,356	5974,21	
473,605	5911,08	
473,853	6139,07	
474,101	5549,81	
474,349	5933,88	
474,597	5958,43	
474,845	5818,13	
475,093	5655,04	
475,341	5735,71	
475,589	6004,03	
475,837	5714,66	
476,085	5539,29	
476,333	5570,86	
476,581	5351,64	
476,829	5635,75	
477,077	5544,55	
477,325	5393,73	
477,573	5321,83	
477,821	5358,66	
478,069	5146,46	
478,317	5237,65	
478,564	5109,63	
478,812	5327,09	
479,06	5221,87	
479,308	5299,03	
479,555	5263,96	
479,803	5181,53	
480,051	5013,17	
480,299	5202,58	
480,546	4890,41	
480,794	5388,47	
481,042	4941,27	
481,289	5320,08	
481,537	5078,06	
481,784	5009,67	
482,032	5237,65	
482,28	5388,47	
482,527	4914,96	
482,775	4874,63	
483,022	4974,59	
483,27	5362,16	
483,517	5195,56	
483,765	5225,37	
484,012	5214,85	
484,259	5135,93	
484,507	4995,64	
484,754	5127,17	
485,002	5127,17	
485,249	5114,89	
485,496	4876,38	
485,744	5332,35	
485,991	5179,78	
486,238	4969,33	
486,486	5339,37	
486,733	5153,47	
486,98	5199,07	
487,227	5546,31	
487,474	5241,16	
487,722	5030,71	
487,969	5074,55	
488,216	5188,55	
488,463	5463,88	
488,71	5044,74	
488,957	4844,82	
489,204	5248,17	
489,451	5014,93	
489,699	5263,96	
489,946	5227,13	
490,193	5411,27	
490,44	5058,77	
490,687	5176,27	
490,934	4995,64	
491,18	5199,07	
491,427	5391,98	
491,674	4879,89	
491,921	4965,82	
492,168	4834,29	
492,415	4957,05	
492,662	4864,11	
492,909	5004,4	
493,155	4951,79	
493,402	5086,83	
493,649	4639,63	
493,896	4679,96	
494,142	5111,38	
494,389	5260,45	
494,636	4792,2	
494,883	4848,32	
495,129	5135,93	
495,376	5042,99	
495,623	4709,78	
495,869	4928,99	
496,116	4883,4	
496,362	4978,1	
496,609	5057,02	
496,855	5013,17	
497,102	4807,99	
497,348	4757,13	
497,595	5158,73	
497,841	4706,27	
498,088	4948,29	
498,334	4795,71	
498,581	4851,83	
498,827	4711,53	
499,074	5057,02	
499,32	4967,58	
499,566	5067,54	
499,813	4857,09	
500,059	4937,76	
500,305	4969,33	
500,552	5353,4	
500,798	4729,07	
501,044	4816,76	
501,29	4829,03	
501,537	5023,7	
501,783	4672,95	
502,029	4928,99	
502,275	4429,18	
502,521	4616,83	
502,767	4925,49	
503,013	4960,56	
503,26	5039,48	
503,506	4676,46	
503,752	4476,53	
503,998	4669,44	
504,244	4595,79	
504,49	4704,52	
504,736	4800,97	
504,982	4413,4	
505,228	4471,27	
505,474	4743,1	
505,72	4804,48	
505,966	4311,68	
506,211	4385,34	
506,457	4602,8	
506,703	5006,16	
506,949	4425,67	
507,195	4267,84	
507,441	4813,25	
507,686	4339,74	
507,932	4580	
508,178	4534,41	
508,424	4473,03	
508,669	4325,71	
508,915	4576,5	
509,161	4601,05	
509,406	4308,17	
509,652	4288,88	
509,898	4387,09	
510,143	4111,76	
510,389	4257,32	
510,634	4259,07	
510,88	4423,92	
511,125	3838,18	
511,371	4350,26	
511,616	4131,05	
511,862	4399,37	
512,107	4102,99	
512,353	4153,85	
512,598	4066,16	
512,844	4246,79	
513,089	4346,76	
513,335	4337,99	
513,58	4171,38	
513,825	3969,71	
514,071	3918,85	
514,316	3927,62	
514,561	4143,32	
514,806	4099,48	
515,052	4166,12	
515,297	3980,23	
515,542	3689,11	
515,787	3797,84	
516,033	4066,16	
516,278	3825,9	
516,523	3732,95	
516,768	3752,24	
517,013	3890,79	
517,258	3548,81	
517,503	3838,18	
517,748	3543,55	
517,993	3692,62	
518,238	3973,21	
518,483	3615,45	
518,728	3768,03	
518,973	3690,86	
519,218	3799,59	
519,463	3929,37	
519,708	3575,12	
519,953	3694,37	
520,198	3445,34	
520,443	3647,02	
520,688	3340,12	
520,933	3664,56	
521,177	3503,21	
521,422	3452,36	
521,667	3615,45	
521,912	3385,71	
522,157	3603,18	
522,401	3368,18	
522,646	3417,28	
522,891	3627,73	
523,135	3405,01	
523,38	3229,63	
523,625	3434,82	
523,869	3434,82	
524,114	3448,85	
524,358	3750,49	
524,603	3466,39	
524,848	3198,07	
525,092	3222,62	
525,337	3562,84	
525,581	3247,17	
525,826	2929,75	
526,07	3678,59	
526,315	3392,73	
526,559	3383,96	
526,803	3408,51	
527,048	3478,66	
527,292	3150,72	
527,537	3440,08	
527,781	3294,52	
528,025	2984,11	
528,269	3138,44	
528,514	3034,97	
528,758	3105,12	
529,002	3257,69	
529,247	3368,18	
529,491	3403,25	
529,735	3240,16	
529,979	3250,68	
530,223	3119,15	
530,467	2863,1	
530,712	3410,27	
530,956	3029,71	
531,2	3017,43	
531,444	2949,04	
531,688	2915,72	
531,932	3557,58	
532,176	3124,41	
532,42	2838,55	
532,664	2915,72	
532,908	3482,17	
533,152	2845,57	
533,396	3168,25	
533,64	3233,14	
533,884	3008,66	
534,128	2701,76	
534,371	2847,32	
534,615	2878,89	
534,859	3026,2	
535,103	2927,99	
535,347	3041,98	
535,59	2913,96	
535,834	2996,39	
536,078	2950,79	
536,322	3154,22	
536,565	2896,43	
536,809	2873,63	
537,053	3013,92	
537,296	2924,48	
537,54	2735,08	
537,784	2707,02	
538,027	2942,02	
538,271	3317,32	
538,514	2728,07	
538,758	2749,11	
539,001	2850,83	
539,245	2873,63	
539,488	2892,92	
539,732	3008,66	
539,975	2815,75	
540,219	3154,22	
540,462	2956,05	
540,706	2891,16	
540,949	2580,75	
541,192	2985,87	
541,436	2812,25	
541,679	2722,81	
541,922	2659,67	
542,166	2805,23	
542,409	2812,25	
542,652	2510,61	
542,895	2859,6	
543,139	2852,58	
543,382	2920,98	
543,625	2714,04	
543,868	3085,83	
544,111	2724,56	
544,354	2801,72	
544,598	2964,82	
544,841	2661,43	
545,084	3089,34	
545,327	3276,98	
545,57	2799,97	
545,813	2619,34	
546,056	2649,15	
546,299	2712,28	
546,542	2842,06	
546,785	2814	
547,028	3234,89	
547,271	2878,89	
547,514	2650,9	
547,756	2856,09	
547,999	2694,75	
548,242	2684,22	
548,485	2726,31	
548,728	2822,77	
548,971	2480,79	
549,213	2817,51	
549,456	2692,99	
549,699	2675,46	
549,942	2684,22	
550,184	2742,1	
550,427	2896,43	
550,67	2892,92	
550,912	2705,27	
551,155	2664,93	
551,398	2450,98	
551,64	2640,38	
551,883	2824,52	
552,125	2443,96	
552,368	2668,44	
552,61	2508,85	
552,853	3031,46	
553,095	2475,53	
553,338	2501,84	
553,58	2494,82	
553,823	2373,81	
554,065	2642,13	
554,308	2650,9	
554,55	2517,62	
554,792	2815,75	
555,035	2498,33	
555,277	2545,68	
555,519	2524,64	
555,762	2457,99	
556,004	2673,7	
556,246	2319,45	
556,488	2721,05	
556,731	2566,72	
556,973	2596,54	
557,215	2579	
557,457	2335,23	
557,699	2812,25	
557,941	2461,5	
558,183	2361,54	
558,426	2422,92	
558,668	2468,52	
558,91	2366,8	
559,152	2668,44	
559,394	2405,38	
559,636	2452,73	
559,878	2408,89	
560,12	2638,63	
560,362	2512,36	
560,604	2707,02	
560,845	2345,76	
561,087	2579	
561,329	2666,69	
561,571	2270,34	
561,813	2647,4	
562,055	2743,85	
562,297	2373,81	
562,538	2733,33	
562,78	2678,96	
563,022	2442,21	
563,264	2571,99	
563,505	2635,12	
563,747	2310,68	
563,989	2805,23	
564,23	2596,54	
564,472	2433,44	
564,714	2468,52	
564,955	2778,93	
565,197	2587,77	
565,438	2596,54	
565,68	2380,83	
565,921	2507,1	
566,163	2635,12	
566,404	2675,46	
566,646	2421,17	
566,887	2659,67	
567,129	2526,39	
567,37	2405,38	
567,612	2358,03	
567,853	2687,73	
568,094	2624,6	
568,336	2838,55	
568,577	2770,16	
568,818	2473,78	
569,06	2726,31	
569,301	2992,88	
569,542	2626,35	
569,783	2843,81	
570,025	2692,99	
570,266	2952,54	
570,507	2973,59	
570,748	2799,97	
570,989	2698,25	
571,23	2773,66	
571,472	2682,47	
571,713	2791,2	
571,954	2768,4	
572,195	2675,46	
572,436	2929,75	
572,677	2470,27	
572,918	2524,64	
573,159	2559,71	
573,4	2673,7	
573,641	2633,37	
573,882	2968,33	
574,123	2654,41	
574,364	2798,22	
574,604	2705,27	
574,845	2722,81	
575,086	2393,11	
575,327	2494,82	
575,568	2633,37	
575,809	2591,28	
576,049	2870,12	
576,29	2726,31	
576,531	2780,68	
576,771	2628,11	
577,012	2410,64	
577,253	2575,49	
577,494	2601,8	
577,734	2719,3	
577,975	2345,76	
578,215	2822,77	
578,456	2347,51	
578,697	2756,13	
578,937	2542,17	
579,178	2484,3	
579,418	2424,67	
579,659	2521,13	
579,899	2331,73	
580,14	3020,94	
580,38	2750,87	
580,62	2798,22	
580,861	2782,43	
581,101	2403,63	
581,342	2731,57	
581,582	2680,72	
581,822	2524,64	
582,063	2479,04	
582,303	2447,47	
582,543	2579	
582,783	2354,52	
583,024	2440,46	
583,264	2333,48	
583,504	2352,77	
583,744	2454,49	
583,984	2605,31	
584,224	2559,71	
584,465	2759,63	
584,705	2333,48	
584,945	2482,55	
585,185	2277,36	
585,425	2601,8	
585,665	2536,91	
585,905	2450,98	
586,145	2552,69	
586,385	2703,52	
586,625	2801,72	
586,865	2682,47	
587,105	2270,34	
587,345	2636,87	
587,585	2505,34	
587,824	2628,11	
588,064	2414,15	
588,304	2510,61	
588,544	2608,81	
588,784	2631,61	
589,024	2573,74	
589,263	2484,3	
589,503	2282,62	
589,743	2429,93	
589,982	2273,85	
590,222	2636,87	
590,462	2336,99	
590,701	2494,82	
590,941	2438,7	
591,181	2421,17	
591,42	2398,37	
591,66	2505,34	
591,899	2433,44	
592,139	2521,13	
592,378	2266,84	
592,618	2345,76	
592,857	2473,78	
593,097	2468,52	
593,336	2673,7	
593,576	2393,11	
593,815	2494,82	
594,055	2503,59	
594,294	2440,46	
594,533	2659,67	
594,773	2417,66	
595,012	2626,35	
595,251	2987,62	
595,491	2864,86	
595,73	2579	
595,969	2556,2	
596,208	2382,58	
596,447	2580,75	
596,687	2586,02	
596,926	2436,95	
597,165	2540,42	
597,404	2619,34	
597,643	2608,81	
597,882	2443,96	
598,121	2442,21	
598,36	2512,36	
598,599	2943,78	
598,838	2612,32	
599,077	2852,58	
599,316	2785,94	
599,555	2519,37	
599,794	2535,16	
600,033	3070,04	
600,272	2759,63	
600,511	2603,55	
600,75	2442,21	
600,989	2757,88	
601,228	2450,98	
601,466	2351,02	
601,705	2571,99	
601,944	2659,67	
602,183	2701,76	
602,422	2512,36	
602,66	2449,22	
602,899	2752,62	
603,138	2579	
603,376	2712,28	
603,615	2799,97	
603,854	2561,46	
604,092	2361,54	
604,331	2556,2	
604,569	2668,44	
604,808	2340,49	
605,047	2582,51	
605,285	2493,07	
605,524	2480,79	
605,762	2628,11	
606	2479,04	
606,239	2340,49	
606,477	2593,03	
606,716	2685,98	
606,954	2507,1	
607,193	2459,75	
607,431	2622,84	
607,669	2310,68	
607,908	2461,5	
608,146	2242,29	
608,384	2387,84	
608,622	2584,26	
608,861	2158,11	
609,099	2219,49	
609,337	2103,74	
609,575	2480,79	
609,813	2263,33	
610,052	2230,01	
610,29	2038,85	
610,528	2068,67	
610,766	2075,68	
611,004	2079,19	
611,242	2279,11	
611,48	1984,49	
611,718	2496,58	
611,956	2107,25	
612,194	2098,48	
612,432	2215,98	
612,67	2131,8	
612,908	2054,64	
613,146	2193,18	
613,384	2326,46	
613,621	1977,47	
613,859	1721,43	
614,097	2040,61	
614,335	2040,61	
614,573	1995,01	
614,811	2054,64	
615,048	1909,08	
615,286	1998,52	
615,524	2040,61	
615,761	1940,64	
615,999	2033,59	
616,237	1817,88	
616,474	2272,1	
616,712	1745,98	
616,95	2177,4	
617,187	1952,92	
617,425	2161,61	
617,662	1781,06	
617,9	1847,7	
618,137	1937,14	
618,375	2109	
618,612	1884,53	
618,85	1837,17	
619,087	1993,26	
619,325	1660,05	
619,562	1753	
619,799	1900,31	
620,037	2054,64	
620,274	1986,24	
620,511	1987,99	
620,749	1998,52	
620,986	1931,88	
621,223	1900,31	
621,461	1719,67	
621,698	1610,94	
621,935	1640,76	
622,172	1589,9	
622,409	2009,04	
622,647	1958,18	
622,884	1840,68	
623,121	1619,71	
623,358	1710,91	
623,595	1547,81	
623,832	1789,82	
624,069	1796,84	
624,306	1609,19	
624,543	1542,55	
624,78	1570,61	
625,017	1593,41	
625,254	1877,51	
625,491	1691,62	
625,728	1595,16	
625,965	1963,44	
626,202	1554,82	
626,438	1630,23	
626,675	1712,66	
626,912	1586,39	
627,149	1577,62	
627,386	1847,7	
627,622	1579,38	
627,859	1691,62	
628,096	1803,85	
628,333	1777,55	
628,569	1446,09	
628,806	1768,78	
629,043	1600,42	
629,279	1726,69	
629,516	1425,05	
629,752	1579,38	
629,989	1600,42	
630,225	1470,65	
630,462	1716,17	
630,699	1572,36	
630,935	1400,5	
631,171	1582,88	
631,408	1468,89	
631,644	1402,25	
631,881	1333,86	
632,117	1468,89	
632,354	1616,2	
632,59	1631,99	
632,826	1668,82	
633,063	1600,42	
633,299	1218,11	
633,535	1498,71	
633,771	1332,1	
634,008	1409,27	
634,244	1316,32	
634,48	1528,52	
634,716	1297,03	
634,953	1332,1	
635,189	1318,07	
635,425	1468,89	
635,661	1398,74	
635,897	1423,3	
636,133	1381,21	
636,369	1437,32	
636,605	1421,54	
636,841	1477,66	
637,077	1223,37	
637,313	1311,06	
637,549	1602,18	
637,785	1560,09	
638,021	1279,49	
638,257	1407,51	
638,493	1261,95	
638,729	1386,47	
638,965	1614,45	
639,2	1603,93	
639,436	1205,83	
639,672	1430,31	
639,908	1325,09	
640,144	1007,66	
640,379	1423,3	
640,615	1356,65	
640,851	1286,5	
641,086	1261,95	
641,322	1265,46	
641,558	1398,74	
641,793	1176,02	
642,029	1463,63	
642,264	977,85	
642,5	1477,66	
642,736	1396,99	
642,971	1009,42	
643,207	1244,41	
643,442	1095,35	
643,678	1791,58	
643,913	1642,51	
644,148	1146,21	
644,384	1323,33	
644,619	1358,41	
644,855	1263,71	
645,09	1400,5	
645,325	1316,32	
645,561	974,34	
645,796	1167,25	
646,031	1221,62	
646,266	1023,45	
646,502	1507,47	
646,737	932,25	
646,972	1007,66	
647,207	1340,87	
647,442	1030,46	
647,678	1170,76	
647,913	1384,71	
648,148	1146,21	
648,383	1074,3	
648,618	1142,7	
648,853	1090,09	
649,088	1084,83	
649,323	1028,71	
649,558	1340,87	
649,793	1139,19	
650,028	1056,77	
650,263	1297,03	
650,498	1135,68	
650,733	1004,15	
650,968	1235,65	
651,202	893,67	
651,437	1275,98	
651,672	1286,5	
651,907	1046,24	
652,142	1197,06	
652,376	1186,54	
652,611	1275,98	
652,846	1239,15	
653,081	1063,78	
653,315	1188,3	
653,55	941,02	
653,785	1033,97	
654,019	1058,52	
654,254	809,49	
654,488	944,53	
654,723	1042,74	
654,958	716,54	
655,192	862,1	
655,427	955,05	
655,661	1076,06	
655,896	1104,12	
656,13	1088,33	
656,364	1132,18	
656,599	976,09	
656,833	1007,66	
657,068	979,6	
657,302	860,35	
657,536	1337,36	
657,771	828,78	
658,005	1009,42	
658,239	676,21	
658,474	830,54	
658,708	879,64	
658,942	877,89	
659,176	1223,37	
659,41	1344,38	
659,645	1298,78	
659,879	860,35	
660,113	677,96	
660,347	1856,47	
660,581	1188,3	
660,815	853,33	
661,049	592,03	
661,283	1079,56	
661,517	862,1	
661,751	1126,92	
661,985	655,16	
662,219	849,83	
662,453	851,58	
662,687	742,85	
662,921	711,28	
663,155	1091,84	
663,389	941,02	
663,622	607,81	
663,856	809,49	
664,09	699,01	
664,324	813	
664,558	716,54	
664,791	784,94	
665,025	520,13	
665,259	855,09	
665,492	774,42	
665,726	807,74	
665,96	686,73	
666,193	905,95	
666,427	739,34	
666,661	958,56	
666,894	555,2	
667,128	606,06	
667,361	962,07	
667,595	870,87	
667,828	991,88	
668,062	832,29	
668,295	548,19	
668,529	821,77	
668,762	814,75	
668,995	821,77	
669,229	935,76	
669,462	783,18	
669,695	656,92	
669,929	691,99	
670,162	590,28	
670,395	611,32	
670,629	781,43	
670,862	798,97	
671,095	609,57	
671,328	544,68	
671,561	720,05	
671,795	684,98	
672,028	904,19	
672,261	665,69	
672,494	655,16	
672,727	1016,43	
672,96	798,97	
673,193	746,36	
673,426	651,66	
673,659	741,1	
673,892	620,09	
674,125	693,74	
674,358	818,26	
674,591	367,55	
674,824	816,51	
675,057	527,14	
675,29	823,52	
675,523	606,06	
675,755	941,02	
675,988	856,84	
676,221	583,26	
676,454	1053,26	
676,687	572,74	
676,919	1049,75	
677,152	762,14	
677,385	565,72	
677,617	527,14	
677,85	686,73	
678,083	602,55	
678,315	469,27	
678,548	490,31	
678,78	565,72	
679,013	827,03	
679,246	630,61	
679,478	686,73	
679,711	918,22	
679,943	606,06	
680,175	914,71	
680,408	532,4	
680,64	672,7	
680,873	672,7	
681,105	846,32	
681,338	755,13	
681,57	560,46	
681,802	739,34	
682,034	514,86	
682,267	570,98	
682,499	798,97	
682,731	676,21	
682,964	909,45	
683,196	621,84	
683,428	856,84	
683,66	742,85	
683,892	972,59	
684,124	476,28	
684,356	700,76	
684,589	649,9	
684,821	981,36	
685,053	556,95	
685,285	732,33	
685,517	511,36	
685,749	795,46	
685,981	690,24	
686,213	565,72	
686,445	565,72	
686,676	427,18	
686,908	688,48	
687,14	520,13	
687,372	1146,21	
687,604	795,46	
687,836	974,34	
688,068	674,45	
688,299	502,59	
688,531	649,9	
688,763	593,78	
688,995	918,22	
689,226	667,44	
689,458	616,58	
689,69	700,76	
689,921	637,63	
690,153	493,82	
690,384	541,17	
690,616	588,52	
690,848	679,72	
691,079	539,42	
691,311	663,93	
691,542	723,56	
691,774	542,92	
692,005	542,92	
692,237	1083,07	
692,468	458,75	
692,699	804,23	
692,931	513,11	
693,162	446,47	
693,393	372,81	
693,625	558,71	
693,856	486,81	
694,087	516,62	
694,319	641,13	
694,55	642,89	
694,781	413,15	
695,012	590,28	
695,243	346,51	
695,475	821,77	
695,706	981,36	
695,937	381,58	
696,168	688,48	
696,399	495,57	
696,63	449,98	
696,861	535,91	
697,092	428,93	
697,323	635,87	
697,554	623,6	
697,785	681,47	
698,016	523,63	
698,247	456,99	
698,478	514,86	
698,709	423,67	
698,94	492,07	
699,171	563,97	
699,401	772,66	
699,632	351,77	
699,863	572,74	
700,094	411,39	
700,325	506,1	
700,555	997,14	
700,786	863,86	
701,017	700,76	
701,247	497,33	
701,478	727,07	
701,709	488,56	
701,939	621,84	
702,17	697,25	
702,401	669,19	
702,631	753,37	
702,862	314,94	
703,092	686,73	
703,323	274,6	
703,553	593,78	
703,784	688,48	
704,014	707,77	
704,244	567,48	
704,475	642,89	
704,705	406,13	
704,936	604,3	
705,166	606,06	
705,396	321,95	
705,627	809,49	
705,857	718,3	
706,087	456,99	
706,317	393,86	
706,548	458,75	
706,778	748,11	
707,008	677,96	
707,238	365,8	
707,468	442,96	
707,698	267,59	
707,928	697,25	
708,158	556,95	
708,389	481,54	
708,619	516,62	
708,849	583,26	
709,079	492,07	
709,309	635,87	
709,539	585,01	
709,768	448,22	
709,998	274,6	
710,228	485,05	
710,458	399,12	
710,688	376,32	
710,918	321,95	
711,148	323,71	
711,378	460,5	
711,607	504,34	
711,837	381,58	
712,067	318,45	
712,297	453,48	
712,526	451,73	
712,756	395,61	
712,986	236,02	
713,215	495,57	
713,445	563,97	
713,674	393,86	
713,904	418,41	
714,134	227,25	
714,363	350,01	
714,593	390,35	
714,822	358,78	
715,052	409,64	
715,281	544,68	
715,511	518,37	
715,74	444,72	
715,969	520,13	
716,199	653,41	
716,428	335,98	
716,657	357,03	
716,887	425,42	
717,116	414,9	
717,345	418,41	
717,575	553,45	
717,804	307,93	
718,033	258,82	
718,262	267,59	
718,492	300,91	
718,721	556,95	
718,95	209,72	
719,179	413,15	
719,408	253,56	
719,637	181,66	
719,866	446,47	
720,095	262,33	
720,324	644,64	
720,553	239,53	
720,782	413,15	
721,011	353,52	
721,24	323,71	
721,469	185,16	
721,698	190,43	
721,927	374,57	
722,156	414,9	
722,385	383,34	
722,613	165,87	
722,842	456,99	
723,071	81,69	
723,3	274,6	
723,529	413,15	
723,757	150,09	
723,986	57,14	
724,215	83,45	
724,443	327,22	
724,672	265,84	
724,901	207,96	
725,129	165,87	
725,358	335,98	
725,586	37,85	
725,815	395,61	
726,043	556,95	
726,272	350,01	
726,5	479,79	
726,729	334,23	
726,957	179,9	
727,186	243,04	
727,414	143,07	
727,642	127,29	
727,871	511,36	
728,099	630,61	
728,327	290,39	
728,556	393,86	
728,784	618,33	
729,012	-56,85	
729,241	335,98	
729,469	183,41	
729,697	1,02	
729,925	278,11	
730,153	223,75	
730,381	-127	
730,61	99,23	
730,838	295,65	
731,066	129,05	
731,294	311,43	
731,522	153,6	
731,75	232,51	
731,978	460,5	
732,206	295,65	
732,434	-27,04	
732,662	269,34	
732,89	285,13	
733,118	72,93	
733,346	362,29	
733,573	260,57	
733,801	218,49	
734,029	150,09	
734,257	-181,36	
734,485	279,87	
734,712	64,16	
734,94	46,62	
735,168	-20,02	
735,396	253,56	
735,623	129,05	
735,851	141,32	
736,078	185,16	
736,306	81,69	
736,534	85,2	
736,761	4,53	
736,989	421,92	
737,216	92,22	
737,444	651,66	
737,671	176,4	
737,899	606,06	
738,126	292,14	
738,354	-76,14	
738,581	479,79	
738,809	130,8	
739,036	99,23	
739,263	307,93	
739,491	134,31	
739,718	376,32	
739,945	122,03	
740,173	260,57	
740,4	-7,75	
740,627	176,4	
740,854	76,43	
741,081	278,11	
741,309	400,87	
741,536	6,28	
741,763	120,28	
741,99	234,27	
742,217	139,57	
742,444	-93,68	
742,671	132,55	
742,898	-86,66	
743,125	81,69	
743,352	665,69	
743,579	307,93	
743,806	-77,89	
744,033	-7,75	
744,26	178,15	
744,487	206,21	
744,714	2,78	
744,941	30,84	
745,167	118,52	
745,394	144,83	
745,621	432,44	
745,848	113,26	
746,075	236,02	
746,301	160,61	
746,528	-7,75	
746,755	-158,57	
746,981	81,69	
747,208	111,51	
747,435	388,6	
747,661	213,22	
747,888	-100,69	
748,114	146,58	
748,341	385,09	
748,567	250,05	
748,794	-156,81	
749,02	118,52	
749,247	108	
749,473	143,07	
749,7	521,88	
749,926	335,98	
750,152	-193,64	
750,379	449,98	
750,605	400,87	
750,831	225,5	
751,058	167,63	
751,284	221,99	
751,51	-62,11	
751,737	239,53	
751,963	278,11	
752,189	-162,07	
752,415	-35,81	
752,641	57,14	
752,867	-51,59	
753,094	178,15	
753,32	100,99	
753,546	335,98	
753,772	-65,62	
753,998	104,49	
754,224	-76,14	
754,45	120,28	
754,676	-74,39	
754,902	206,21	
755,128	307,93	
755,354	81,69	
755,579	260,57	
755,805	-93,68	
756,031	85,2	
756,257	2,78	
756,483	-56,85	
756,709	204,46	
756,934	188,67	
757,16	50,13	
757,386	162,37	
757,612	108	
757,837	39,6	
758,063	30,84	
758,289	53,63	
758,514	32,59	
758,74	120,28	
758,965	304,42	
759,191	162,37	
759,416	-165,58	
759,642	-74,39	
759,868	-177,86	
760,093	-90,17	
760,318	92,22	
760,544	18,56	
760,769	-37,56	
760,995	-179,61	
761,22	-233,98	
761,445	425,42	
761,671	237,78	
761,896	37,85	
762,121	-76,14	
762,347	-211,18	
762,572	423,67	
762,797	9,79	
763,022	116,77	
763,248	50,13	
763,473	160,61	
763,698	-44,57	
763,923	85,2	
764,148	-74,39	
764,373	102,74	
764,598	153,6	
764,823	269,34	
765,048	327,22	
765,273	397,37	
765,498	34,34	
765,723	44,87	
765,948	-86,66	
766,173	-28,79	
766,398	-183,12	
766,623	458,75	
766,848	78,19	
767,073	-137,52	
767,298	146,58	
767,522	-141,03	
767,747	-100,69	
767,972	39,6	
768,197	102,74	
768,421	-116,48	
768,646	-84,91	
768,871	-183,12	
769,095	-11,25	
769,32	-98,94	
769,545	176,4	
769,769	-70,88	
769,994	-155,06	
770,218	-2,48	
770,443	-32,3	
770,667	36,1	
770,892	-7,75	
771,116	41,36	
771,341	44,87	
771,565	204,46	
771,79	-13,01	
772,014	-151,55	
772,238	-88,42	
772,463	-27,04	
772,687	169,38	
772,911	-100,69	
773,136	200,95	
773,36	-62,11	
773,584	46,62	
773,808	67,66	
774,033	-14,76	
774,257	132,55	
774,481	-139,28	
774,705	115,02	
774,929	13,3	
775,153	44,87	
775,377	-46,33	
775,602	-300,62	
775,826	4,53	
776,05	-18,27	
776,274	-121,74	
776,498	-160,32	
776,722	183,41	
776,945	-7,75	
777,169	-262,04	
777,393	-119,98	
777,617	-30,54	
777,841	-27,04	
778,065	16,81	
778,289	20,31	
778,512	125,54	
778,736	181,66	
778,96	-90,17	
779,184	151,84	
779,407	220,24	
779,631	44,87	
779,855	6,28	
780,078	46,62	
780,302	-0,73	
780,526	99,23	
780,749	-48,08	
780,973	-112,97	
781,196	199,19	
781,42	-39,31	
781,643	-79,65	
781,867	-128,75	
782,09	23,82	
782,314	-97,19	
782,537	88,71	
782,76	-53,34	
782,984	143,07	
783,207	-240,99	
783,431	22,07	
783,654	-88,42	
783,877	-300,62	
784,1	-177,86	
784,324	65,91	
784,547	46,62	
784,77	-360,24	
784,993	-41,07	
785,216	318,45	
785,44	-251,51	
785,663	23,82	
785,886	-183,12	
786,109	-79,65	
786,332	271,1	
786,555	-65,62	
786,778	-69,13	
787,001	-105,95	
787,224	-298,86	
787,447	-141,03	
787,67	-176,1	
787,893	-170,84	
788,116	-295,36	
788,339	-156,81	
788,561	-232,22	
788,784	-32,3	
789,007	-193,64	
789,23	104,49	
789,453	-81,4	
789,675	-21,78	
789,898	95,72	
790,121	-5,99	
790,344	58,9	
790,566	11,55	
790,789	-39,31	
791,012	44,87	
791,234	155,35	
791,457	53,63	
791,679	-102,45	
791,902	-135,77	
792,124	-216,44	
792,347	-314,65	
792,569	-112,97	
792,792	-118,23	
793,014	-267,3	
793,237	-2,48	
793,459	-198,9	
793,681	-81,4	
793,904	-34,05	
794,126	-232,22	
794,348	-42,82	
794,571	157,1	
794,793	179,9	
795,015	-191,89	
795,237	-109,46	
795,46	-155,06	
795,682	-276,07	
795,904	-98,94	
796,126	-228,72	
796,348	281,62	
796,57	90,46	
796,792	86,96	
797,014	-32,3	
797,237	-135,77	
797,459	-156,81	
797,681	-127	
797,903	78,19	
798,124	-30,54	
798,346	37,85	
798,568	-144,54	
798,79	-53,34	
799,012	-51,59	
799,234	-32,3	
799,456	-184,87	
799,678	-226,96	
799,899	229,01	
800,121	83,45	
800,343	278,11	
800,565	195,69	
800,786	171,13	
801,008	-39,31	
801,23	-186,63	
801,451	202,7	
801,673	1451,35	
801,895	-9,5	
802,116	348,26	
802,338	50,13	
802,559	9,79	
802,781	-74,39	
803,002	41,36	
803,224	30,84	
803,445	-156,81	
803,667	36,1	
803,888	-20,02	
804,109	69,42	
804,331	92,22	
804,552	-127	
804,773	141,32	
804,995	-269,05	
805,216	27,33	
805,437	60,65	
805,658	44,87	
805,88	-132,26	
806,101	-228,72	
806,322	-46,33	
806,543	65,91	
806,764	-118,23	
806,985	193,93	
807,207	29,08	
807,428	85,2	
807,649	43,11	
807,87	-69,13	
808,091	90,46	
808,312	-111,22	
808,533	-97,19	
808,754	-149,8	
808,975	-128,75	
809,195	-134,01	
809,416	-5,99	
809,637	-62,11	
809,858	-102,45	
810,079	-225,21	
810,3	-53,34	
810,52	120,28	
810,741	-20,02	
810,962	-363,75	
811,183	-211,18	
811,403	-16,51	
811,624	18,56	
811,845	323,71	
812,065	137,81	
812,286	-197,15	
812,506	297,4	
812,727	-21,78	
812,948	-174,35	
813,168	-218,19	
813,389	-260,28	
813,609	130,8	
813,83	58,9	
814,05	-118,23	
814,27	-193,64	
814,491	44,87	
814,711	-18,27	
814,931	-97,19	
815,152	18,56	
815,372	95,72	
815,592	-132,26	
815,813	-9,5	
816,033	-125,25	
816,253	30,84	
816,473	143,07	
816,694	-160,32	
816,914	-21,78	
817,134	-100,69	
817,354	-135,77	
817,574	-2,48	
817,794	246,54	
818,014	-214,69	
818,234	-421,63	
818,454	143,07	
818,674	65,91	
818,894	141,32	
819,114	-230,47	
819,334	-21,78	
819,554	67,66	
819,774	-339,2	
819,994	-41,07	
820,214	-20,02	
820,433	104,49	
820,653	-49,84	
820,873	-116,48	
821,093	-9,5	
821,312	-202,41	
821,532	-49,84	
821,752	-221,7	
821,972	-237,48	
822,191	-291,85	
822,411	200,95	
822,63	-60,36	
822,85	218,49	
823,07	313,19	
823,289	-93,68	
823,509	-190,13	
823,728	-62,11	
823,948	-100,69	
824,167	199,19	
824,387	86,96	
824,606	-109,46	
824,825	22,07	
825,045	37,85	
825,264	-86,66	
825,483	190,43	
825,703	-51,59	
825,922	-100,69	
826,141	78,19	
826,361	-207,67	
826,58	-181,36	
826,799	-260,28	
827,018	86,96	
827,237	-139,28	
827,456	-205,92	
827,676	-121,74	
827,895	146,58	
828,114	-244,5	
828,333	-153,3	
828,552	-207,67	
828,771	-63,86	
828,99	9,79	
829,209	-128,75	
829,428	-125,25	
829,647	18,56	
829,866	-162,07	
830,084	-321,66	
830,303	-141,03	
830,522	8,04	
830,741	55,39	
830,96	111,51	
831,179	36,1	
831,397	30,84	
831,616	-62,11	
831,835	-49,84	
832,053	69,42	
832,272	-100,69	
832,491	-13,01	
832,709	127,29	
832,928	51,88	
833,147	-60,36	
833,365	-102,45	
833,584	-209,42	
833,802	25,58	
834,021	-69,13	
834,239	-48,08	
834,458	-97,19	
834,676	-107,71	
834,894	-197,15	
835,113	-93,68	
835,331	43,11	
835,55	64,16	
835,768	125,54	
835,986	-176,1	
836,204	-144,54	
836,423	-20,02	
836,641	22,07	
836,859	93,97	
837,077	136,06	
837,296	-83,16	
837,514	134,31	
837,732	50,13	
837,95	-339,2	
838,168	11,55	
838,386	-233,98	
838,604	-195,39	
838,822	-30,54	
839,04	41,36	
839,258	108	
839,476	-137,52	
839,694	148,34	
839,912	-137,52	
840,13	-305,88	
840,348	-160,32	
840,566	53,63	
840,783	-230,47	
841,001	-191,89	
841,219	-216,44	
841,437	120,28	
841,655	-260,28	
841,872	109,75	
842,09	-21,78	
842,308	-149,8	
842,525	81,69	
842,743	-39,31	
842,961	-11,25	
843,178	-165,58	
843,396	-60,36	
843,613	413,15	
843,831	-198,9	
844,048	221,99	
844,266	-55,1	
844,483	92,22	
844,701	-77,89	
844,918	27,33	
845,136	-112,97	
845,353	-111,22	
845,57	193,93	
845,788	-18,27	
846,005	178,15	
846,222	-323,42	
846,439	-226,96	
846,657	234,27	
846,874	-83,16	
847,091	67,66	
847,308	-7,75	
847,526	-193,64	
847,743	-244,5	
847,96	-300,62	
848,177	111,51	
848,394	-221,7	
848,611	-111,22	
848,828	57,14	
849,045	274,6	
849,262	-172,6	
849,479	-156,81	
849,696	162,37	
849,913	-132,26	
850,13	29,08	
850,347	67,66	
850,564	16,81	
850,78	32,59	
850,997	-128,75	
851,214	-55,1	
851,431	-112,97	
851,647	36,1	
851,864	-239,24	
852,081	-130,51	
852,298	-44,57	
852,514	30,84	
852,731	120,28	
852,948	-326,92	
853,164	-290,1	
853,381	-281,33	
853,597	120,28	
853,814	32,59	
854,03	-276,07	
854,247	-390,06	
854,463	-105,95	
854,68	-142,78	
854,896	-221,7	
855,113	-165,58	
855,329	67,66	
855,545	-369,01	
855,762	-119,98	
855,978	-30,54	
856,194	18,56	
856,411	178,15	
856,627	-97,19	
856,843	-60,36	
857,059	-235,73	
857,275	-263,79	
857,492	67,66	
857,708	-41,07	
857,924	-97,19	
858,14	-27,04	
858,356	25,58	
858,572	-42,82	
858,788	-23,53	
859,004	-93,68	
859,22	-325,17	
859,436	-134,01	
859,652	153,6	
859,868	-109,46	
860,084	-246,25	
860,3	307,93	
860,516	-242,74	
860,731	-28,79	
860,947	211,47	
861,163	-46,33	
861,379	129,05	
861,595	-181,36	
861,81	-162,07	
862,026	-44,57	
862,242	-153,3	
862,457	-248,01	
862,673	32,59	
862,889	-32,3	
863,104	-95,43	
863,32	-118,23	
863,535	-109,46	
863,751	-84,91	
863,966	-269,05	
864,182	-51,59	
864,397	102,74	
864,613	36,1	
864,828	13,3	
865,044	132,55	
865,259	-91,92	
865,474	97,48	
865,69	-83,16	
865,905	-155,06	
866,12	-53,34	
866,336	97,48	
866,551	58,9	
866,766	50,13	
866,981	-77,89	
867,196	207,96	
867,412	125,54	
867,627	-9,5	
867,842	-139,28	
868,057	-116,48	
868,272	-14,76	
868,487	-11,25	
868,702	-172,6	
868,917	134,31	
869,132	-121,74	
869,347	-193,64	
869,562	-142,78	
869,777	144,83	
869,992	-258,53	
870,207	-169,09	
870,422	-83,16	
870,636	-127	
870,851	-39,31	
871,066	-62,11	
871,281	44,87	
871,495	-44,57	
871,71	-91,92	
871,925	-293,6	
872,14	-34,05	
872,354	130,8	
872,569	-32,3	
872,783	-137,52	
872,998	-86,66	
873,213	-79,65	
873,427	-155,06	
873,642	-230,47	
873,856	-139,28	
874,071	-63,86	
874,285	-291,85	
874,5	-127	
874,714	-248,01	
874,928	320,2	
875,143	-263,79	
875,357	-223,45	
875,571	-228,72	
875,786	-155,06	
876	178,15	
876,214	-83,16	
876,429	29,08	
876,643	200,95	
876,857	9,79	
877,071	-100,69	
877,285	-163,83	
877,499	11,55	
877,714	-141,03	
877,928	-146,29	
878,142	-81,4	
878,356	-32,3	
878,57	-214,69	
878,784	-246,25	
878,998	18,56	
879,212	267,59	
879,426	-16,51	
879,639	-230,47	
879,853	-53,34	
880,067	44,87	
880,281	-69,13	
880,495	-277,82	
880,709	-395,32	
880,922	102,74	
881,136	57,14	
881,35	-342,71	
881,564	-37,56	
881,777	-95,43	
881,991	-162,07	
882,205	-279,57	
882,418	123,78	
882,632	-172,6	
882,845	36,1	
883,059	-102,45	
883,273	60,65	
883,486	-165,58	
883,7	106,25	
883,913	95,72	
884,126	-51,59	
884,34	122,03	
884,553	74,68	
884,767	-272,56	
884,98	-302,37	
885,193	-49,84	
885,407	113,26	
885,62	58,9	
885,833	4,53	
886,046	-39,31	
886,26	-253,27	
886,473	-2,48	
886,686	-83,16	
886,899	213,22	
887,112	-251,51	
887,326	-144,54	
887,539	-309,39	
887,752	-181,36	
887,965	15,05	
888,178	-37,56	
888,391	-226,96	
888,604	-127	
888,817	-83,16	
889,03	137,81	
889,243	146,58	
889,455	-130,51	
889,668	-207,67	
889,881	-86,66	
890,094	69,42	
890,307	-144,54	
890,52	-311,14	
890,732	39,6	
890,945	65,91	
891,158	-169,09	
891,37	-23,53	
891,583	-242,74	
891,796	-179,61	
892,008	-86,66	
892,221	115,02	
892,434	-91,92	
892,646	-248,01	
892,859	-205,92	
893,071	269,34	
893,284	-195,39	
893,496	-123,49	
893,709	13,3	
893,921	-63,86	
894,133	-269,05	
894,346	-160,32	
894,558	-163,83	
894,771	9,79	
894,983	-84,91	
895,195	-337,45	
895,407	-184,87	
895,62	-309,39	
895,832	-107,71	
896,044	-260,28	
896,256	-49,84	
896,468	136,06	
896,681	-148,04	
896,893	-91,92	
897,105	2,78	
897,317	-77,89	
897,529	1,02	
897,741	-221,7	
897,953	-67,37	
898,165	15,05	
898,377	-25,28	
898,589	-48,08	
898,801	-153,3	
899,013	-97,19	
899,224	123,78	
899,436	-195,39	
899,648	-34,05	
899,86	-16,51	
900,072	1,02	
900,283	-7,75	
900,495	-149,8	
900,707	-65,62	
900,919	-42,82	
901,13	78,19	
901,342	-211,18	
901,554	-330,43	
901,765	-14,76	
901,977	-239,24	
902,188	1,02	
902,4	188,67	
902,611	192,18	
902,823	-77,89	
903,034	-190,13	
903,246	271,1	
903,457	27,33	
903,669	67,66	
903,88	16,81	
904,091	-246,25	
904,303	83,45	
904,514	-232,22	
904,725	-56,85	
904,936	78,19	
905,148	-183,12	
905,359	-228,72	
905,57	-162,07	
905,781	-46,33	
905,992	-297,11	
906,204	-316,4	
906,415	-160,32	
906,626	-127	
906,837	-202,41	
907,048	-148,04	
907,259	-88,42	
907,47	8,04	
907,681	-49,84	
907,892	8,04	
908,103	-105,95	
908,314	-107,71	
908,525	78,19	
908,735	-63,86	
908,946	-16,51	
909,157	-39,31	
909,368	48,37	
909,579	-55,1	
909,789	-63,86	
910	234,27	
910,211	-48,08	
910,421	-88,42	
910,632	-265,54	
910,843	-112,97	
911,053	109,75	
911,264	-163,83	
911,475	-230,47	
911,685	-34,05	
911,896	-39,31	
912,106	-246,25	
912,317	-183,12	
912,527	32,59	
912,737	-20,02	
912,948	-346,21	
913,158	-253,27	
913,369	-35,81	
913,579	-274,31	
913,789	4,53	
914	-239,24	
914,21	346,51	
914,42	290,39	
914,63	-193,64	
914,841	-98,94	
915,051	16,81	
915,261	88,71	
915,471	-328,68	
915,681	239,53	
915,891	-137,52	
916,101	57,14	
916,311	23,82	
916,521	-34,05	
916,731	127,29	
916,941	64,16	
917,151	134,31	
917,361	-132,26	
917,571	109,75	
917,781	-255,02	
917,991	-181,36	
918,201	165,87	
918,411	-37,56	
918,621	237,78	
918,83	-109,46	
919,04	-48,08	
919,25	-130,51	
919,46	-186,63	
919,669	-49,84	
919,879	99,23	
920,089	-27,04	
920,298	-240,99	
920,508	106,25	
920,717	-105,95	
920,927	-121,74	
921,136	-416,36	
921,346	-105,95	
921,555	-332,18	
921,765	-91,92	
921,974	-35,81	
922,184	-46,33	
922,393	276,36	
922,603	181,66	
922,812	-246,25	
923,021	-28,79	
923,23	-48,08	
923,44	-118,23	
923,649	86,96	
923,858	-39,31	
924,067	-155,06	
924,277	-20,02	
924,486	-248,01	
924,695	-198,9	
924,904	-30,54	
925,113	-218,19	
925,322	-307,63	
925,531	-134,01	
925,74	-305,88	
925,949	-21,78	
926,158	-267,3	
926,367	-170,84	
926,576	-302,37	
926,785	-27,04	
926,994	-25,28	
927,203	-176,1	
927,412	-172,6	
927,621	-116,48	
927,83	-118,23	
928,038	-153,3	
928,247	-18,27	
928,456	74,68	
928,665	-5,99	
928,873	-72,63	
929,082	-13,01	
929,291	-30,54	
929,499	-4,24	
929,708	-2,48	
929,916	-172,6	
930,125	-100,69	
930,333	37,85	
930,542	-55,1	
930,75	-183,12	
930,959	1,02	
931,167	-253,27	
931,376	-27,04	
931,584	-125,25	
931,793	-288,34	
932,001	67,66	
932,209	90,46	
932,418	50,13	
932,626	18,56	
932,834	-190,13	
933,042	-186,63	
933,251	-169,09	
933,459	-188,38	
933,667	129,05	
933,875	164,12	
934,083	-90,17	
934,291	-95,43	
934,499	-251,51	
934,707	71,17	
934,915	78,19	
935,123	-93,68	
935,331	-332,18	
935,539	-262,04	
935,747	-188,38	
935,955	-265,54	
936,163	-365,51	
936,371	-169,09	
936,579	-4,24	
936,787	-13,01	
936,995	-153,3	
937,202	13,3	
937,41	-0,73	
937,618	-58,6	
937,826	-23,53	
938,033	-174,35	
938,241	-98,94	
938,449	37,85	
938,656	-232,22	
938,864	-148,04	
939,071	-9,5	
939,279	-295,36	
939,486	4,53	
939,694	16,81	
939,901	-165,58	
940,109	-200,66	
940,316	-81,4	
940,524	-116,48	
940,731	-128,75	
940,939	-153,3	
941,146	-374,27	
941,353	-111,22	
941,561	337,74	
941,768	129,05	
941,975	-244,5	
942,182	-88,42	
942,39	109,75	
942,597	64,16	
942,804	-107,71	
943,011	-237,48	
943,218	57,14	
943,425	-162,07	
943,632	-48,08	
943,839	-134,01	
944,046	116,77	
944,253	-90,17	
944,46	-228,72	
944,667	8,04	
944,874	-155,06	
945,081	-77,89	
945,288	-181,36	
945,495	-37,56	
945,702	134,31	
945,909	-144,54	
946,115	-35,81	
946,322	-118,23	
946,529	-28,79	
946,736	74,68	
946,942	-139,28	
947,149	-267,3	
947,356	-20,02	
947,562	-284,83	
947,769	307,93	
947,976	81,69	
948,182	132,55	
948,389	-41,07	
948,595	151,84	
948,802	48,37	
949,008	-221,7	
949,215	51,88	
949,421	-300,62	
949,628	-60,36	
949,834	-162,07	
950,04	46,62	
950,247	-223,45	
950,453	-191,89	
950,659	-283,08	
950,865	-309,39	
951,072	-46,33	
951,278	32,59	
951,484	-211,18	
951,69	-98,94	
951,896	-39,31	
952,103	-30,54	
952,309	41,36	
952,515	-186,63	
952,721	-123,49	
952,927	-13,01	
953,133	41,36	
953,339	223,75	
953,545	-16,51	
953,751	-272,56	
953,957	-69,13	
954,163	-239,24	
954,369	220,24	
954,574	-81,4	
954,78	-381,29	
954,986	-72,63	
955,192	-42,82	
955,398	15,05	
955,603	-5,99	
955,809	-77,89	
956,015	55,39	
956,22	-221,7	
956,426	-146,29	
956,632	-191,89	
956,837	-28,79	
957,043	48,37	
957,248	-293,6	
957,454	-62,11	
957,66	-200,66	
957,865	-151,55	
958,07	-46,33	
958,276	127,29	
958,481	-195,39	
958,687	-304,13	
958,892	81,69	
959,097	-86,66	
959,303	60,65	
959,508	15,05	
959,713	-179,61	
959,919	-95,43	
960,124	-172,6	
960,329	-14,76	
960,534	-244,5	
960,739	-9,5	
960,945	-48,08	
961,15	-233,98	
961,355	-221,7	
961,56	-202,41	
961,765	-158,57	
961,97	-48,08	
962,175	2,78	
962,38	81,69	
962,585	-219,95	
962,79	-16,51	
962,995	-226,96	
963,2	-174,35	
963,404	136,06	
963,609	37,85	
963,814	41,36	
964,019	-11,25	
964,224	-160,32	
964,428	-188,38	
964,633	-304,13	
964,838	-312,89	
965,042	-240,99	
965,247	295,65	
965,452	-475,99	
965,656	58,9	
965,861	-41,07	
966,066	-246,25	
966,27	-188,38	
966,475	-135,77	
966,679	-339,2	
966,884	-272,56	
967,088	-214,69	
967,292	-342,71	
967,497	-28,79	
967,701	9,79	
967,906	-27,04	
968,11	-104,2	
968,314	-237,48	
968,518	-70,88	
968,723	243,04	
968,927	-209,42	
969,131	-258,53	
969,335	186,92	
969,539	353,52	
969,744	-354,98	
969,948	102,74	
970,152	-293,6	
970,356	-70,88	
970,56	-153,3	
970,764	-255,02	
970,968	-88,42	
971,172	25,58	
971,376	139,57	
971,58	29,08	
971,784	-53,34	
971,988	225,5	
972,192	69,42	
972,395	69,42	
972,599	-230,47	
972,803	32,59	
973,007	-20,02	
973,21	-74,39	
973,414	-127	
973,618	-167,33	
973,822	-119,98	
974,025	221,99	
974,229	88,71	
974,432	13,3	
974,636	-86,66	
974,84	-25,28	
975,043	16,81	
975,247	136,06	
975,45	-270,8	
975,654	-263,79	
975,857	67,66	
976,06	-93,68	
976,264	85,2	
976,467	-202,41	
976,671	-139,28	
976,874	-95,43	
977,077	-141,03	
977,28	-51,59	
977,484	-405,84	
977,687	-128,75	
977,89	74,68	
978,093	-127	
978,297	-123,49	
978,5	-58,6	
978,703	136,06	
978,906	-7,75	
979,109	-98,94	
979,312	-230,47	
979,515	58,9	
979,718	-111,22	
979,921	-70,88	
980,124	-176,1	
980,327	22,07	
980,53	-237,48	
980,733	-128,75	
980,936	122,03	
981,138	-67,37	
981,341	123,78	
981,544	-97,19	
981,747	-4,24	
981,949	-219,95	
982,152	-30,54	
982,355	-49,84	
982,558	8,04	
982,76	-230,47	
982,963	-70,88	
983,165	-312,89	
983,368	-165,58	
983,571	-128,75	
983,773	-65,62	
983,976	164,12	
984,178	-118,23	
984,381	-48,08	
984,583	-74,39	
984,785	-246,25	
984,988	43,11	
985,19	53,63	
985,392	-219,95	
985,595	200,95	
985,797	-204,16	
985,999	-135,77	
986,202	27,33	
986,404	-134,01	
986,606	-88,42	
986,808	136,06	
987,01	-81,4	
987,212	150,09	
987,415	-56,85	
987,617	-262,04	
987,819	-16,51	
988,021	179,9	
988,223	64,16	
988,425	-134,01	
988,627	-284,83	
988,829	-109,46	
989,031	174,64	
989,232	99,23	
989,434	-260,28	
989,636	148,34	
989,838	-184,87	
990,04	16,81	
990,242	88,71	
990,443	-197,15	
990,645	4,53	
990,847	-119,98	
991,048	29,08	
991,25	-270,8	
991,452	-165,58	
991,653	-246,25	
991,855	-263,79	
992,057	22,07	
992,258	-230,47	
992,46	95,72	
992,661	-165,58	
992,863	-44,57	
993,064	239,53	
993,265	-163,83	
993,467	-98,94	
993,668	158,86	
993,87	206,21	
994,071	-153,3	
994,272	-53,34	
994,473	-81,4	
994,675	-235,73	
994,876	-255,02	
995,077	43,11	
995,278	39,6	
995,48	-13,01	
995,681	-167,33	
995,882	-67,37	
996,083	-97,19	
996,284	-70,88	
996,485	-240,99	
996,686	50,13	
996,887	-27,04	
997,088	-128,75	
997,289	-88,42	
997,49	-32,3	
997,691	-90,17	
997,892	-72,63	
998,092	-228,72	
998,293	50,13	
998,494	-90,17	
998,695	-111,22	
998,896	27,33	
999,096	-86,66	
999,297	-265,54	
999,498	-79,65	
999,698	-160,32	
999,899	-4,24	
1000,1	-260,28	
1000,3	-251,51	
1000,501	-119,98	
1000,701	-118,23	
1000,902	-139,28	
1001,102	343	
1001,303	-174,35	
1001,503	-70,88	
1001,704	-100,69	
1001,904	4,53	
1002,105	-102,45	
1002,305	-90,17	
1002,505	-281,33	
1002,706	-393,57	
1002,906	-383,04	
1003,106	-226,96	
1003,306	-118,23	
1003,507	-25,28	
1003,707	-21,78	
1003,907	-65,62	
1004,107	-123,49	
1004,307	46,62	
1004,507	-156,81	
1004,707	27,33	
1004,907	-207,67	
1005,107	-5,99	
1005,308	27,33	
1005,507	-316,4	
1005,707	-246,25	
1005,907	-139,28	
1006,107	-30,54	
1006,307	-137,52	
1006,507	-18,27	
1006,707	-130,51	
1006,907	109,75	
1007,106	23,82	
1007,306	-16,51	
1007,506	130,8	
1007,706	-48,08	
1007,905	-112,97	
1008,105	-44,57	
1008,305	44,87	
1008,504	-274,31	
1008,704	32,59	
1008,903	-302,37	
1009,103	171,13	
1009,303	-146,29	
1009,502	-151,55	
1009,702	27,33	
1009,901	-53,34	
1010,1	-202,41	
1010,3	-146,29	
1010,499	11,55	
1010,699	-102,45	
1010,898	-290,1	
1011,097	-195,39	
1011,296	-153,3	
1011,496	41,36	
1011,695	330,72	
1011,894	-105,95	
1012,093	25,58	
1012,293	-353,23	
1012,492	-14,76	
1012,691	-100,69	
1012,89	-98,94	
1013,089	-267,3	
1013,288	157,1	
1013,487	-67,37	
1013,686	-186,63	
1013,885	-186,63	
1014,084	-186,63	
1014,283	-44,57	
1014,482	-219,95	
1014,681	-230,47	
1014,88	-83,16	
1015,078	-9,5	
1015,277	58,9	
1015,476	-88,42	
1015,675	-100,69	
1015,873	-23,53	
1016,072	-323,42	
1016,271	50,13	
1016,47	-44,57	
1016,668	-32,3	
1016,867	-372,52	
1017,065	-77,89	
1017,264	-121,74	
1017,463	-260,28	
1017,661	15,05	
1017,86	-130,51	
1018,058	-60,36	
1018,256	-281,33	
1018,455	-351,48	
1018,653	-90,17	
1018,852	64,16	
1019,05	-262,04	
1019,248	150,09	
1019,447	-218,19	
1019,645	4,53	
1019,843	-198,9	
1020,041	-358,49	
1020,24	-181,36	
1020,438	-67,37	
1020,636	-158,57	
1020,834	-211,18	
1021,032	2,78	
1021,23	-202,41	
1021,428	-163,83	
1021,626	22,07	
1021,824	-28,79	
1022,022	-286,59	
1022,22	-363,75	
1022,418	-235,73	
1022,616	-160,32	
1022,814	-200,66	
1023,012	-93,68	
1023,21	-216,44	
1023,408	292,14	
1023,606	-226,96	
1023,803	-223,45	
1024,001	132,55	
1024,199	-55,1	
1024,397	-119,98	
1024,594	136,06	
1024,792	-62,11	
1024,99	-102,45	
1025,187	-69,13	
1025,385	160,61	
1025,582	-318,16	
1025,78	4,53	
1025,977	-191,89	
1026,175	-118,23	
1026,372	-221,7	
1026,57	-127	
1026,767	430,69	
1026,965	-134,01	
1027,162	-423,38	
1027,359	-62,11	
1027,557	-91,92	
1027,754	-237,48	
1027,951	-35,81	
1028,148	-141,03	
1028,346	46,62	
1028,543	-109,46	
1028,74	-258,53	
1028,937	-88,42	
1029,134	-42,82	
1029,331	-228,72	
1029,528	4,53	
1029,725	106,25	
1029,923	-160,32	
1030,12	65,91	
1030,317	-311,14	
1030,513	37,85	
1030,71	-279,57	
1030,907	-58,6	
1031,104	102,74	
1031,301	-235,73	
1031,498	-86,66	
1031,695	-240,99	
1031,892	-344,46	
1032,088	-165,58	
1032,285	-223,45	
1032,482	-91,92	
1032,678	-235,73	
1032,875	2,78	
1033,072	155,35	
1033,268	-195,39	
1033,465	65,91	
1033,662	53,63	
1033,858	22,07	
1034,055	-69,13	
1034,251	-233,98	
1034,448	22,07	
1034,644	-60,36	
1034,84	-114,72	
1035,037	-93,68	
1035,233	-330,43	
1035,43	-202,41	
1035,626	-332,18	
1035,822	-197,15	
1036,019	-49,84	
1036,215	51,88	
1036,411	-139,28	
1036,607	-291,85	
1036,803	-190,13	
1037	-119,98	
1037,196	369,31	
1037,392	-244,5	
1037,588	-51,59	
1037,784	41,36	
1037,98	-130,51	
1038,176	-190,13	
1038,372	67,66	
1038,568	-204,16	
1038,764	-155,06	
1038,96	-93,68	
1039,156	-204,16	
1039,352	-242,74	
1039,547	-116,48	
1039,743	-319,91	
1039,939	-91,92	
1040,135	-281,33	
1040,331	-307,63	
1040,526	-244,5	
1040,722	-20,02	
1040,918	-284,83	
1041,113	-151,55	
1041,309	-293,6	
1041,505	-27,04	
1041,7	-48,08	
1041,896	46,62	
1042,091	-262,04	
1042,287	4,53	
1042,482	39,6	
1042,678	-121,74	
1042,873	157,1	
1043,069	-211,18	
1043,264	-14,76	
1043,459	-56,85	
1043,655	-214,69	
1043,85	-118,23	
1044,045	-383,04	
1044,24	-242,74	
1044,436	-312,89	
1044,631	-58,6	
1044,826	-118,23	
1045,021	-118,23	
1045,216	-118,23	
