couleur : cyan
angle source :0
angle capteur :30
source : 4000K
FLMT02171_1:101		
194,658	-998,45	
194,923	-998,45	
195,188	-998,45	
195,453	-894,99	
195,717	-105,81	
195,982	362,44	
196,247	36,24	
196,512	-121,59	
196,777	-19,88	
197,042	-60,21	
197,307	22,21	
197,572	23,97	
197,837	-16,37	
198,101	-147,9	
198,366	-68,98	
198,631	38	
198,896	-47,94	
199,161	197,59	
199,425	-168,94	
199,69	220,38	
199,955	1,17	
200,22	-46,18	
200,484	-312,75	
200,749	-21,63	
201,014	-5,85	
201,278	-137,38	
201,543	323,85	
201,807	-177,71	
202,072	146,73	
202,337	251,95	
202,601	8,18	
202,866	-232,08	
203,13	-160,17	
203,395	-105,81	
203,659	346,65	
203,924	-109,32	
204,189	20,46	
204,453	-60,21	
204,717	-186,48	
204,982	166,02	
205,246	-83,01	
205,511	153,74	
205,775	-30,4	
206,04	183,56	
206,304	-100,55	
206,568	-95,29	
206,833	-189,99	
207,097	137,96	
207,361	-4,09	
207,626	-160,17	
207,89	15,2	
208,154	-39,17	
208,419	85,35	
208,683	-86,52	
208,947	80,09	
209,211	30,98	
209,476	99,38	
209,74	202,85	
210,004	481,69	
210,268	215,12	
210,532	383,48	
210,796	41,5	
211,061	-175,96	
211,325	22,21	
211,589	341,39	
211,853	327,36	
212,117	-77,75	
212,381	220,38	
212,645	108,15	
212,909	102,89	
213,173	4,68	
213,437	-130,36	
213,701	260,72	
213,965	32,74	
214,229	243,18	
214,493	225,65	
214,757	67,81	
215,021	-56,7	
215,285	204,6	
215,549	-188,23	
215,813	-11,11	
216,077	43,26	
216,34	83,59	
216,604	209,86	
216,868	-154,91	
217,132	-146,14	
217,396	132,7	
217,659	132,7	
217,923	262,47	
218,187	-123,35	
218,451	171,28	
218,714	111,65	
218,978	115,16	
219,242	355,42	
219,505	274,75	
219,769	-79,5	
220,033	269,49	
220,296	166,02	
220,56	25,72	
220,824	62,55	
221,087	173,03	
221,351	22,21	
221,614	-19,88	
221,878	-296,96	
222,142	66,06	
222,405	106,39	
222,669	-165,43	
222,932	66,06	
223,196	194,08	
223,459	222,14	
223,722	83,59	
223,986	-104,05	
224,249	169,53	
224,513	99,38	
224,776	-93,53	
225,04	-32,15	
225,303	-186,48	
225,566	87,1	
225,83	325,61	
226,093	29,23	
226,356	32,74	
226,62	492,21	
226,883	-212,79	
227,146	-195,25	
227,409	-74,24	
227,673	432,59	
227,936	-140,88	
228,199	74,83	
228,462	276,5	
228,725	81,84	
228,989	113,41	
229,252	38	
229,515	43,26	
229,778	127,44	
230,041	246,69	
230,304	-95,29	
230,567	-125,1	
230,83	-14,61	
231,093	-42,67	
231,356	87,1	
231,619	-30,4	
231,882	-119,84	
232,145	52,03	
232,408	-63,72	
232,671	1,17	
232,934	-181,22	
233,197	104,64	
233,46	516,76	
233,723	-39,17	
233,986	129,19	
234,249	-144,39	
234,512	27,48	
234,775	148,48	
235,037	88,86	
235,3	-68,98	
235,563	607,96	
235,826	132,7	
236,089	167,77	
236,351	-58,46	
236,614	45,01	
236,877	85,35	
237,14	-126,85	
237,402	41,5	
237,665	144,97	
237,928	-37,41	
238,19	-98,79	
238,453	59,04	
238,716	399,27	
238,978	-79,5	
239,241	64,3	
239,503	83,59	
239,766	43,26	
240,029	185,31	
240,291	-104,05	
240,554	223,89	
240,816	115,16	
241,079	122,18	
241,341	36,24	
241,604	-246,11	
241,866	-123,35	
242,129	-37,41	
242,391	176,54	
242,653	23,97	
242,916	111,65	
243,178	-33,91	
243,441	148,48	
243,703	69,56	
243,965	-30,4	
244,228	402,77	
244,49	34,49	
244,752	76,58	
245,015	139,71	
245,277	-135,62	
245,539	-160,17	
245,801	-189,99	
246,064	199,34	
246,326	164,27	
246,588	-93,53	
246,85	329,12	
247,112	-11,11	
247,374	85,35	
247,637	-2,34	
247,899	-195,25	
248,161	150,24	
248,423	-93,53	
248,685	413,29	
248,947	229,15	
249,209	357,18	
249,471	18,71	
249,733	-68,98	
249,995	-63,72	
250,257	-240,85	
250,519	223,89	
250,781	267,74	
251,043	167,77	
251,305	171,28	
251,567	376,47	
251,829	-53,2	
252,091	-7,6	
252,353	-91,78	
252,615	106,39	
252,876	-2,34	
253,138	134,45	
253,4	20,46	
253,662	-14,61	
253,924	-379,39	
254,185	-37,41	
254,447	-4,09	
254,709	409,79	
254,971	6,43	
255,232	167,77	
255,494	330,87	
255,756	18,71	
256,017	-149,65	
256,279	-242,6	
256,541	30,98	
256,802	90,61	
257,064	-54,95	
257,326	-19,88	
257,587	85,35	
257,849	204,6	
258,11	69,56	
258,372	-63,72	
258,633	139,71	
258,895	227,4	
259,156	339,64	
259,418	62,55	
259,679	45,01	
259,941	118,67	
260,202	22,21	
260,464	-47,94	
260,725	20,46	
260,987	120,42	
261,248	-56,7	
261,509	160,76	
261,771	104,64	
262,032	48,52	
262,293	150,24	
262,555	97,62	
262,816	160,76	
263,077	-35,66	
263,338	-95,29	
263,6	-360,1	
263,861	-270,66	
264,122	87,1	
264,383	-25,14	
264,645	-75,99	
264,906	-26,89	
265,167	-100,55	
265,428	-2,34	
265,689	-40,92	
265,95	318,59	
266,211	48,52	
266,473	-156,67	
266,734	4,68	
266,995	2,92	
267,256	18,71	
267,517	45,01	
267,778	39,75	
268,039	-54,95	
268,3	327,36	
268,561	74,83	
268,822	-68,98	
269,083	127,44	
269,344	-63,72	
269,604	155,5	
269,865	-177,71	
270,126	115,16	
270,387	146,73	
270,648	-267,15	
270,909	-249,61	
271,17	36,24	
271,43	222,14	
271,691	234,41	
271,952	-0,58	
272,213	-83,01	
272,473	-207,52	
272,734	316,84	
272,995	-226,82	
273,256	-270,66	
273,516	-109,32	
273,777	-90,02	
274,038	-179,46	
274,298	130,94	
274,559	32,74	
274,82	-174,2	
275,08	-147,9	
275,341	-261,89	
275,601	-202,26	
275,862	-111,07	
276,122	255,46	
276,383	83,59	
276,643	264,23	
276,904	59,04	
277,164	209,86	
277,425	250,2	
277,685	-116,33	
277,946	57,29	
278,206	-156,67	
278,467	52,03	
278,727	309,82	
278,987	116,92	
279,248	336,13	
279,508	64,3	
279,768	32,74	
280,029	-11,11	
280,289	-33,91	
280,549	-21,63	
280,81	48,52	
281,07	173,03	
281,33	-142,64	
281,59	360,68	
281,851	2,92	
282,111	-25,14	
282,371	288,78	
282,631	53,78	
282,891	-156,67	
283,151	-107,56	
283,412	74,83	
283,672	66,06	
283,932	67,81	
284,192	-198,76	
284,452	-100,55	
284,712	81,84	
284,972	29,23	
285,232	292,29	
285,492	39,75	
285,752	218,63	
286,012	-23,38	
286,272	-267,15	
286,532	281,77	
286,792	78,33	
287,052	-42,67	
287,312	-12,86	
287,571	9,94	
287,831	-67,23	
288,091	41,5	
288,351	-130,36	
288,611	-228,57	
288,871	-132,11	
289,13	11,69	
289,39	164,27	
289,65	53,78	
289,91	755,27	
290,17	234,41	
290,429	-9,35	
290,689	113,41	
290,949	95,87	
291,208	4,68	
291,468	-142,64	
291,728	39,75	
291,987	-175,96	
292,247	-149,65	
292,506	309,82	
292,766	116,92	
293,026	32,74	
293,285	-70,73	
293,545	197,59	
293,804	-32,15	
294,064	285,27	
294,323	116,92	
294,583	-116,33	
294,842	-214,54	
295,102	236,17	
295,361	422,06	
295,621	137,96	
295,88	194,08	
296,139	46,77	
296,399	120,42	
296,658	38	
296,917	-198,76	
297,177	57,29	
297,436	334,38	
297,695	48,52	
297,955	173,03	
298,214	-97,04	
298,473	125,68	
298,732	53,78	
298,992	150,24	
299,251	78,33	
299,51	-60,21	
299,769	111,65	
300,028	-188,23	
300,287	46,77	
300,547	-284,69	
300,806	102,89	
301,065	-316,26	
301,324	80,09	
301,583	-37,41	
301,842	141,47	
302,101	155,5	
302,36	241,43	
302,619	201,09	
302,878	215,12	
303,137	136,21	
303,396	-147,9	
303,655	197,59	
303,914	190,57	
304,173	39,75	
304,432	102,89	
304,691	-211,03	
304,95	199,34	
305,208	297,55	
305,467	-132,11	
305,726	-282,93	
305,985	16,95	
306,244	-5,85	
306,503	43,26	
306,761	97,62	
307,02	-184,73	
307,279	130,94	
307,537	171,28	
307,796	-182,97	
308,055	-60,21	
308,314	-54,95	
308,572	106,39	
308,831	-142,64	
309,09	258,97	
309,348	204,6	
309,607	-28,64	
309,865	251,95	
310,124	211,62	
310,382	87,1	
310,641	-18,12	
310,9	-193,49	
311,158	143,22	
311,417	30,98	
311,675	-79,5	
311,933	-93,53	
312,192	169,53	
312,45	-111,07	
312,709	-54,95	
312,967	197,59	
313,226	246,69	
313,484	-140,88	
313,742	220,38	
314,001	13,45	
314,259	199,34	
314,517	108,15	
314,776	-46,18	
315,034	53,78	
315,292	153,74	
315,55	151,99	
315,809	-100,55	
316,067	-75,99	
316,325	-26,89	
316,583	167,77	
316,841	-205,77	
317,1	236,17	
317,358	94,12	
317,616	-207,52	
317,874	-14,61	
318,132	43,26	
318,39	323,85	
318,648	130,94	
318,906	116,92	
319,164	-116,33	
319,422	-175,96	
319,68	-193,49	
319,938	-40,92	
320,196	-37,41	
320,454	99,38	
320,712	-151,41	
320,97	-61,96	
321,228	-88,27	
321,486	-177,71	
321,744	38	
322,002	-90,02	
322,26	153,74	
322,517	43,26	
322,775	-75,99	
323,033	-75,99	
323,291	-53,2	
323,549	-63,72	
323,806	6,43	
324,064	62,55	
324,322	83,59	
324,58	134,45	
324,837	-140,88	
325,095	-84,76	
325,353	367,7	
325,61	27,48	
325,868	294,04	
326,126	-154,91	
326,383	265,98	
326,641	-139,13	
326,898	-77,75	
327,156	73,07	
327,413	41,5	
327,671	13,45	
327,928	27,48	
328,186	69,56	
328,443	-163,68	
328,701	101,13	
328,958	-182,97	
329,216	16,95	
329,473	143,22	
329,731	-111,07	
329,988	250,2	
330,245	-32,15	
330,503	-58,46	
330,76	25,72	
331,017	34,49	
331,275	81,84	
331,532	88,86	
331,789	148,48	
332,047	39,75	
332,304	16,95	
332,561	537,81	
332,818	15,2	
333,076	30,98	
333,333	32,74	
333,59	120,42	
333,847	236,17	
334,104	230,91	
334,361	288,78	
334,618	-16,37	
334,876	234,41	
335,133	-121,59	
335,39	115,16	
335,647	-214,54	
335,904	-72,49	
336,161	-202,26	
336,418	-114,58	
336,675	-90,02	
336,932	109,9	
337,189	278,26	
337,446	-4,09	
337,703	159	
337,96	87,1	
338,216	-118,08	
338,473	-181,22	
338,73	-72,49	
338,987	4,68	
339,244	-142,64	
339,501	241,43	
339,757	-218,05	
340,014	-226,82	
340,271	-30,4	
340,528	15,2	
340,785	99,38	
341,041	-74,24	
341,298	229,15	
341,555	-65,47	
341,811	-218,05	
342,068	129,19	
342,325	-33,91	
342,581	29,23	
342,838	159	
343,094	308,07	
343,351	-219,8	
343,608	-95,29	
343,864	90,61	
344,121	-90,02	
344,377	66,06	
344,634	422,06	
344,89	50,27	
345,147	-130,36	
345,403	-0,58	
345,66	74,83	
345,916	-228,57	
346,172	9,94	
346,429	183,56	
346,685	66,06	
346,942	-54,95	
347,198	-118,08	
347,454	-75,99	
347,711	136,21	
347,967	-40,92	
348,223	-144,39	
348,48	9,94	
348,736	2,92	
348,992	-90,02	
349,248	2,92	
349,504	-9,35	
349,761	57,29	
350,017	-100,55	
350,273	-53,2	
350,529	-205,77	
350,785	67,81	
351,041	-144,39	
351,297	29,23	
351,554	-30,4	
351,81	-202,26	
352,066	-19,88	
352,322	-65,47	
352,578	714,94	
352,834	11,69	
353,09	118,67	
353,346	69,56	
353,602	60,8	
353,858	-126,85	
354,114	32,74	
354,369	62,55	
354,625	76,58	
354,881	-135,62	
355,137	115,16	
355,393	-254,87	
355,649	-95,29	
355,905	-200,51	
356,16	-61,96	
356,416	102,89	
356,672	-93,53	
356,928	-5,85	
357,183	32,74	
357,439	-175,96	
357,695	-100,55	
357,951	-107,56	
358,206	66,06	
358,462	183,56	
358,718	-63,72	
358,973	102,89	
359,229	-37,41	
359,484	53,78	
359,74	-91,78	
359,996	41,5	
360,251	53,78	
360,507	-100,55	
360,762	8,18	
361,018	160,76	
361,273	73,07	
361,529	-72,49	
361,784	401,02	
362,04	-46,18	
362,295	-25,14	
362,55	-177,71	
362,806	25,72	
363,061	118,67	
363,316	-47,94	
363,572	109,9	
363,827	-97,04	
364,082	288,78	
364,338	55,53	
364,593	-130,36	
364,848	239,68	
365,104	-182,97	
365,359	-56,7	
365,614	-189,99	
365,869	109,9	
366,124	-42,67	
366,38	150,24	
366,635	329,12	
366,89	220,38	
367,145	-19,88	
367,4	108,15	
367,655	88,86	
367,91	-256,63	
368,165	57,29	
368,42	9,94	
368,675	176,54	
368,93	15,2	
369,185	264,23	
369,44	23,97	
369,695	95,87	
369,95	13,45	
370,205	-175,96	
370,46	109,9	
370,715	102,89	
370,97	71,32	
371,225	339,64	
371,48	160,76	
371,734	25,72	
371,989	78,33	
372,244	-288,2	
372,499	64,3	
372,754	251,95	
373,008	-307,49	
373,263	-88,27	
373,518	209,86	
373,773	-42,67	
374,027	-109,32	
374,282	20,46	
374,537	151,99	
374,791	199,34	
375,046	97,62	
375,301	232,66	
375,555	160,76	
375,81	-160,17	
376,064	-16,37	
376,319	251,95	
376,573	-39,17	
376,828	-228,57	
377,082	-211,03	
377,337	239,68	
377,591	-126,85	
377,846	-163,68	
378,1	127,44	
378,355	108,15	
378,609	304,56	
378,863	-91,78	
379,118	88,86	
379,372	-88,27	
379,627	74,83	
379,881	180,05	
380,135	167,77	
380,389	-86,52	
380,644	-219,8	
380,898	225,65	
381,152	-167,19	
381,407	-123,35	
381,661	134,45	
381,915	137,96	
382,169	76,58	
382,423	-4,09	
382,677	-23,38	
382,932	167,77	
383,186	-26,89	
383,44	-133,87	
383,694	-163,68	
383,948	29,23	
384,202	136,21	
384,456	9,94	
384,71	-53,2	
384,964	46,77	
385,218	132,7	
385,472	151,99	
385,726	71,32	
385,98	137,96	
386,234	-65,47	
386,488	-46,18	
386,742	120,42	
386,996	255,46	
387,249	95,87	
387,503	309,82	
387,757	-97,04	
388,011	20,46	
388,265	201,09	
388,518	-23,38	
388,772	-0,58	
389,026	-14,61	
389,28	-14,61	
389,533	4,68	
389,787	134,45	
390,041	38	
390,295	-288,2	
390,548	73,07	
390,802	-104,05	
391,055	66,06	
391,309	148,48	
391,563	-197	
391,816	102,89	
392,07	167,77	
392,323	120,42	
392,577	157,25	
392,83	143,22	
393,084	-121,59	
393,337	69,56	
393,591	280,01	
393,844	-132,11	
394,098	-104,05	
394,351	-128,61	
394,604	413,29	
394,858	41,5	
395,111	-35,66	
395,364	185,31	
395,618	78,33	
395,871	-119,84	
396,124	336,13	
396,378	146,73	
396,631	204,6	
396,884	721,95	
397,137	311,58	
397,391	164,27	
397,644	115,16	
397,897	472,92	
398,15	367,7	
398,403	246,69	
398,657	190,57	
398,91	162,51	
399,163	-83,01	
399,416	113,41	
399,669	-95,29	
399,922	27,48	
400,175	122,18	
400,428	23,97	
400,681	-204,02	
400,934	-97,04	
401,187	94,12	
401,44	-100,55	
401,693	64,3	
401,946	157,25	
402,199	206,36	
402,452	208,11	
402,704	-12,86	
402,957	90,61	
403,21	78,33	
403,463	-51,44	
403,716	-163,68	
403,969	34,49	
404,221	41,5	
404,474	230,91	
404,727	271,24	
404,98	243,18	
405,232	69,56	
405,485	59,04	
405,738	111,65	
405,99	-170,7	
406,243	250,2	
406,496	-161,93	
406,748	102,89	
407,001	167,77	
407,253	123,93	
407,506	109,9	
407,759	360,68	
408,011	29,23	
408,264	329,12	
408,516	379,97	
408,769	288,78	
409,021	288,78	
409,274	209,86	
409,526	423,82	
409,778	209,86	
410,031	511,5	
410,283	532,55	
410,536	153,74	
410,788	81,84	
411,04	255,46	
411,293	181,8	
411,545	237,92	
411,797	-4,09	
412,049	362,44	
412,302	404,53	
412,554	209,86	
412,806	546,58	
413,058	376,47	
413,311	450,12	
413,563	239,68	
413,815	511,5	
414,067	427,32	
414,319	621,99	
414,571	164,27	
414,823	311,58	
415,075	588,67	
415,328	402,77	
415,58	453,63	
415,832	239,68	
416,084	818,41	
416,336	728,97	
416,588	386,99	
416,84	306,32	
417,091	644,79	
417,343	502,73	
417,595	693,89	
417,847	497,47	
418,099	744,75	
418,351	672,85	
418,603	313,33	
418,855	536,06	
419,106	641,28	
419,358	869,26	
419,61	606,2	
419,862	800,87	
420,114	681,61	
420,365	941,17	
420,617	743	
420,869	1127,06	
421,12	543,07	
421,372	1013,07	
421,624	914,86	
421,875	932,4	
422,127	1183,18	
422,379	1120,05	
422,63	979,75	
422,882	1039,38	
423,133	981,5	
423,385	1141,09	
423,636	1151,61	
423,888	1049,9	
424,139	1198,96	
424,391	1212,99	
424,642	885,05	
424,894	1037,62	
425,145	1407,66	
425,396	1107,77	
425,648	1377,84	
425,899	1142,85	
426,151	1370,83	
426,402	1362,06	
426,653	1135,83	
426,905	1326,99	
427,156	1798,74	
427,407	1509,37	
427,658	1854,86	
427,91	1728,59	
428,161	1612,84	
428,412	1439,22	
428,663	1851,35	
428,914	1590,05	
429,166	1688,25	
429,417	2096,87	
429,668	1767,17	
429,919	2128,44	
430,17	2070,57	
430,421	2165,27	
430,672	2019,71	
430,923	1819,78	
431,174	2266,98	
431,425	2195,08	
431,676	2014,45	
431,927	2475,68	
432,178	2537,06	
432,429	2279,26	
432,68	2594,93	
432,931	2633,51	
433,182	2735,23	
433,433	2586,16	
433,683	2338,89	
433,934	2728,21	
434,185	2835,19	
434,436	3184,18	
434,687	3129,82	
434,937	3189,44	
435,188	3247,32	
435,439	3391,12	
435,69	3285,9	
435,94	3598,06	
436,191	3508,62	
436,442	3668,21	
436,692	3901,46	
436,943	4073,32	
437,194	3913,73	
437,444	4113,66	
437,695	4278,51	
437,945	3966,34	
438,196	4143,47	
438,447	4387,24	
438,697	4388,99	
438,948	4453,88	
439,198	4592,42	
439,449	4851,98	
439,699	4918,62	
439,949	5402,65	
440,2	5102,76	
440,45	5423,69	
440,701	5483,32	
440,951	5450	
441,201	5888,43	
441,452	5953,32	
441,702	6242,68	
441,952	5963,84	
442,203	6526,78	
442,453	6518,02	
442,703	6795,11	
442,953	6747,75	
443,204	6761,78	
443,454	7191,45	
443,704	7333,5	
443,954	7303,69	
444,204	7852,6	
444,455	7835,06	
444,705	8196,33	
444,955	8520,77	
445,205	8469,91	
445,455	8755,77	
445,705	8841,7	
445,955	9138,08	
446,205	9071,44	
446,455	9955,32	
446,705	9792,22	
446,955	10127,19	
447,205	10057,04	
447,455	10213,12	
447,705	10511,25	
447,955	10911,1	
448,205	11253,08	
448,454	11526,66	
448,704	11346,02	
448,954	11533,67	
449,204	12031,73	
449,454	12741,99	
449,704	12429,83	
449,953	12789,34	
450,203	13040,12	
450,453	13618,85	
450,703	13098	
450,952	13517,14	
451,202	13892,44	
451,452	13169,9	
451,701	14265,98	
451,951	14506,24	
452,201	14723,7	
452,45	14788,59	
452,7	14683,37	
452,949	14364,19	
453,199	15113,03	
453,448	15127,06	
453,698	15099	
453,947	15397,13	
454,197	15381,35	
454,446	15935,53	
454,696	15170,9	
454,945	15619,86	
455,195	15618,1	
455,444	15521,65	
455,693	15925	
455,943	16002,17	
456,192	16033,74	
456,442	15479,56	
456,691	15949,56	
456,94	15789,97	
457,189	15804	
457,439	15805,75	
457,688	15146,35	
457,937	14942,92	
458,186	15169,15	
458,436	15355,04	
458,685	14962,21	
458,934	14962,21	
459,183	14818,4	
459,432	15370,83	
459,681	14215,12	
459,93	14930,64	
460,179	14534,3	
460,429	14651,8	
460,678	14173,03	
460,927	13810,01	
461,176	14409,78	
461,425	14295,79	
461,674	13950,31	
461,923	13659,19	
462,172	13750,38	
462,42	13573,26	
462,669	13320,72	
462,918	13364,56	
463,167	13731,09	
463,416	13443,48	
463,665	12955,95	
463,914	13471,54	
464,162	13120,8	
464,411	13504,86	
464,66	13252,33	
464,909	13029,6	
465,158	12747,25	
465,406	13136,58	
465,655	12994,53	
465,904	12727,96	
466,152	12498,22	
466,401	12464,9	
466,65	12165,02	
466,898	12473,67	
467,147	12252,7	
467,395	12961,21	
467,644	12433,34	
467,893	12464,9	
468,141	12138,71	
468,39	12126,43	
468,638	11898,45	
468,887	12094,87	
469,135	11886,17	
469,384	12322,85	
469,632	11901,96	
469,88	11837,07	
470,129	11805,5	
470,377	11516,14	
470,626	11326,73	
470,874	11351,29	
471,122	11761,66	
471,371	11588,04	
471,619	11263,6	
471,867	11435,46	
472,115	11216,25	
472,364	11182,93	
472,612	11167,14	
472,86	11070,69	
473,108	11433,71	
473,356	11209,23	
473,605	11072,44	
473,853	11640,65	
474,101	10932,15	
474,349	11202,22	
474,597	11079,46	
474,845	10951,44	
475,093	10551,59	
475,341	10940,91	
475,589	11377,59	
475,837	10730,47	
476,085	11107,52	
476,333	10686,62	
476,581	10737,48	
476,829	10984,76	
477,077	11000,54	
477,325	10825,17	
477,573	10709,42	
477,821	10733,97	
478,069	10602,44	
478,317	10862	
478,564	10749,76	
478,812	10898,82	
479,06	10563,86	
479,308	10748	
479,555	10958,45	
479,803	11168,9	
480,051	10667,33	
480,299	10970,73	
480,546	10812,89	
480,794	11303,94	
481,042	11107,52	
481,289	11288,15	
481,537	10862	
481,784	10958,45	
482,032	11509,12	
482,28	11407,41	
482,527	10984,76	
482,775	10986,51	
483,022	11328,49	
483,27	11460,02	
483,517	11335,5	
483,765	11858,11	
484,012	11581,02	
484,259	11507,37	
484,507	11428,45	
484,754	11784,46	
485,002	11751,14	
485,249	11773,93	
485,496	11716,06	
485,744	12271,99	
485,991	12093,11	
486,238	11865,13	
486,486	12221,13	
486,733	12289,53	
486,98	12596,43	
487,227	12598,19	
487,474	12705,16	
487,722	12184,31	
487,969	12482,44	
488,216	12768,3	
488,463	13162,89	
488,71	12815,65	
488,957	12475,42	
489,204	12866,51	
489,451	12822,66	
489,699	13140,09	
489,946	13131,32	
490,193	12996,28	
490,44	13243,56	
490,687	13475,05	
490,934	13359,3	
491,18	13369,83	
491,427	13736,35	
491,674	13348,78	
491,921	13776,69	
492,168	13347,03	
492,415	13485,57	
492,662	13590,79	
492,909	13646,91	
493,155	13713,56	
493,402	13848,59	
493,649	13683,74	
493,896	13722,32	
494,142	14164,26	
494,389	14274,75	
494,636	13987,14	
494,883	14055,53	
495,129	14225,64	
495,376	14685,12	
495,623	14379,97	
495,869	14586,91	
496,116	14469,41	
496,362	14853,48	
496,609	14862,25	
496,855	14769,3	
497,102	14465,9	
497,348	14616,72	
497,595	15034,11	
497,841	15027,1	
498,088	15097,25	
498,334	15099	
498,581	15097,25	
498,827	15312,95	
499,074	15274,37	
499,32	15414,67	
499,566	15514,63	
499,813	15362,06	
500,059	15765,42	
500,305	15616,35	
500,552	16117,91	
500,798	15419,93	
501,044	15656,68	
501,29	15679,48	
501,537	15737,36	
501,783	15735,6	
502,029	15863,62	
502,275	15547,95	
502,521	15839,07	
502,767	16265,23	
503,013	16147,73	
503,26	16468,66	
503,506	16409,03	
503,752	15663,7	
503,998	16068,81	
504,244	16186,31	
504,49	16167,02	
504,736	16484,44	
504,982	15860,12	
505,228	16044,26	
505,474	16559,85	
505,72	16514,26	
505,966	15916,24	
506,211	16175,79	
506,457	16165,26	
506,703	16626,49	
506,949	15909,22	
507,195	16046,01	
507,441	16519,52	
507,686	16447,61	
507,932	16705,41	
508,178	16530,04	
508,424	16570,38	
508,669	16084,59	
508,915	16738,73	
509,161	16601,94	
509,406	16672,09	
509,652	16554,59	
509,898	16758,02	
510,143	16547,58	
510,389	16324,85	
510,634	16423,06	
510,88	16610,71	
511,125	16123,18	
511,371	16810,64	
511,616	16351,16	
511,862	16701,91	
512,107	15933,77	
512,353	16391,5	
512,598	16202,09	
512,844	16277,5	
513,089	16631,76	
513,335	16475,67	
513,58	16556,35	
513,825	16212,62	
514,071	16380,97	
514,316	16498,47	
514,561	16493,21	
514,806	16252,95	
515,052	16649,29	
515,297	16365,19	
515,542	16084,59	
515,787	16039	
516,033	16193,32	
516,278	16167,02	
516,523	16203,85	
516,768	16077,58	
517,013	16131,94	
517,258	15847,84	
517,503	16307,32	
517,748	15663,7	
517,993	15965,34	
518,238	16384,48	
518,483	15796,98	
518,728	15984,63	
518,973	16056,53	
519,218	15926,76	
519,463	16254,7	
519,708	16298,55	
519,953	15704,03	
520,198	15590,04	
520,443	15763,66	
520,688	15681,24	
520,933	16019,71	
521,177	15802,24	
521,422	15946,05	
521,667	15558,48	
521,912	15539,18	
522,157	15651,42	
522,401	15528,66	
522,646	15260,34	
522,891	15537,43	
523,135	15355,04	
523,38	15070,94	
523,625	15444,48	
523,869	15163,89	
524,114	15565,49	
524,358	15446,24	
524,603	15111,28	
524,848	15090,23	
525,092	14956,95	
525,337	15337,51	
525,581	14695,64	
525,826	14786,84	
526,07	15274,37	
526,315	14579,9	
526,559	14858,74	
526,803	14962,21	
527,048	15179,67	
527,292	14690,38	
527,537	14728,96	
527,781	14548,33	
528,025	14464,15	
528,269	14173,03	
528,514	14365,94	
528,758	14406,28	
529,002	14422,06	
529,247	14499,22	
529,491	14339,64	
529,735	14281,76	
529,979	14416,8	
530,223	13864,38	
530,467	13983,63	
530,712	14534,3	
530,956	13801,24	
531,2	14130,94	
531,444	13915,23	
531,688	13659,19	
531,932	14137,96	
532,176	13687,25	
532,42	13364,56	
532,664	13627,62	
532,908	14050,27	
533,152	13304,94	
533,396	14046,76	
533,64	13738,11	
533,884	13487,32	
534,128	13194,45	
534,371	13308,44	
534,615	13220,76	
534,859	13098	
535,103	13073,45	
535,347	13211,99	
535,59	12850,72	
535,834	13119,04	
536,078	12777,07	
536,322	12954,19	
536,565	12757,77	
536,809	12647,29	
537,053	12913,86	
537,296	12498,22	
537,54	12410,54	
537,784	12421,06	
538,027	12559,6	
538,271	12910,35	
538,514	12150,99	
538,758	12152,74	
539,001	12473,67	
539,245	12364,94	
539,488	12087,85	
539,732	12457,89	
539,975	12112,4	
540,219	12384,23	
540,462	12277,25	
540,706	12040,5	
540,949	11935,28	
541,192	12024,72	
541,436	11901,96	
541,679	11735,35	
541,922	11337,26	
542,166	11610,84	
542,409	11735,35	
542,652	11207,48	
542,895	11570,5	
543,139	11433,71	
543,382	11521,4	
543,625	11461,77	
543,868	11610,84	
544,111	11137,33	
544,354	11279,38	
544,598	11168,9	
544,841	10858,49	
545,084	11493,34	
545,327	11467,03	
545,57	10872,52	
545,813	10742,74	
546,056	10798,86	
546,299	10786,59	
546,542	10779,57	
546,785	10630,5	
547,028	11112,78	
547,271	10709,42	
547,514	10411,29	
547,756	10569,12	
547,999	10313,08	
548,242	10486,7	
548,485	10379,72	
548,728	10384,98	
548,971	9913,23	
549,213	10356,92	
549,456	10258,71	
549,699	9937,78	
549,942	10014,95	
550,184	9974,61	
550,427	10130,69	
550,67	10144,72	
550,912	9895,69	
551,155	9965,84	
551,398	9690,51	
551,64	9609,84	
551,883	9914,98	
552,125	9460,77	
552,368	9653,68	
552,61	9530,92	
552,853	9869,39	
553,095	9267,86	
553,338	9239,8	
553,58	9101,26	
553,823	9074,95	
554,065	9399,39	
554,308	9150,36	
554,55	8806,63	
554,792	9250,32	
555,035	8903,08	
555,277	8827,67	
555,519	9050,4	
555,762	8776,82	
556,004	8797,86	
556,246	8515,51	
556,488	8839,95	
556,731	8641,78	
556,973	8873,27	
557,215	8631,26	
557,457	8504,99	
557,699	8813,64	
557,941	8427,82	
558,183	8255,96	
558,426	8113,91	
558,668	8264,73	
558,91	8054,28	
559,152	8376,97	
559,394	7929,77	
559,636	8134,95	
559,878	7796,48	
560,12	8213,87	
560,362	8108,65	
560,604	8212,12	
560,845	7836,82	
561,087	7966,59	
561,329	8101,63	
561,571	7515,89	
561,813	7763,16	
562,055	8042	
562,297	7531,67	
562,538	7743,87	
562,78	7759,65	
563,022	7766,67	
563,264	7650,92	
563,505	7836,82	
563,747	7242,31	
563,989	7863,12	
564,23	7677,23	
564,472	7542,19	
564,714	7358,05	
564,955	7794,73	
565,197	7358,05	
565,438	7443,98	
565,68	7217,75	
565,921	7361,56	
566,163	7557,98	
566,404	7512,38	
566,646	7224,77	
566,887	7400,14	
567,129	7482,57	
567,37	7128,31	
567,612	7186,19	
567,853	7400,14	
568,094	7154,62	
568,336	7703,54	
568,577	7680,74	
568,818	7166,9	
569,06	7379,1	
569,301	7715,81	
569,542	7252,83	
569,783	7337,01	
570,025	7138,84	
570,266	7421,19	
570,507	7431,71	
570,748	7368,57	
570,989	7193,2	
571,23	7177,42	
571,472	6993,28	
571,713	7349,28	
571,954	7065,18	
572,195	7093,24	
572,436	7147,6	
572,677	6807,38	
572,918	6763,54	
573,159	6691,64	
573,4	6856,49	
573,641	6789,84	
573,882	7033,61	
574,123	6810,89	
574,364	6856,49	
574,604	6696,9	
574,845	6719,69	
575,086	6598,69	
575,327	6572,38	
575,568	6640,78	
575,809	6377,72	
576,049	6926,63	
576,29	6651,3	
576,531	6635,52	
576,771	6468,91	
577,012	6204,1	
577,253	6191,82	
577,494	6344,4	
577,734	6235,67	
577,975	5856,86	
578,215	6570,63	
578,456	5791,97	
578,697	6240,93	
578,937	6133,95	
579,178	6109,4	
579,418	5886,67	
579,659	6041	
579,899	5981,38	
580,14	6430,33	
580,38	6028,73	
580,62	6032,23	
580,861	6081,34	
581,101	5886,67	
581,342	5998,91	
581,582	5844,59	
581,822	5993,65	
582,063	5674,47	
582,303	5842,83	
582,543	5962,09	
582,783	5562,24	
583,024	5781,45	
583,264	5835,82	
583,504	5881,41	
583,744	5779,7	
583,984	5779,7	
584,224	5867,38	
584,465	5941,04	
584,705	5556,97	
584,945	5618,35	
585,185	5162,39	
585,425	5669,21	
585,665	5702,53	
585,905	5513,13	
586,145	5478,06	
586,385	5653,43	
586,625	5706,04	
586,865	5853,35	
587,105	5050,15	
587,345	5607,83	
587,585	5362,31	
587,824	5521,9	
588,064	5483,32	
588,304	5383,36	
588,544	5441,23	
588,784	5486,83	
589,024	5621,86	
589,263	5392,12	
589,503	4950,18	
589,743	5307,95	
589,982	5257,09	
590,222	5571	
590,462	5174,66	
590,701	5181,68	
590,941	5167,65	
591,181	5139,59	
591,42	5095,74	
591,66	5328,99	
591,899	5241,3	
592,139	5101,01	
592,378	5034,36	
592,618	4978,24	
592,857	5006,3	
593,097	5060,67	
593,336	5341,27	
593,576	5097,5	
593,815	5304,44	
594,055	5065,93	
594,294	4971,23	
594,533	5139,59	
594,773	5009,81	
595,012	5144,85	
595,251	5530,67	
595,491	5486,83	
595,73	5174,66	
595,969	5151,86	
596,208	5093,99	
596,447	5139,59	
596,687	5193,95	
596,926	5090,48	
597,165	5037,87	
597,404	4881,79	
597,643	5069,44	
597,882	5093,99	
598,121	5023,84	
598,36	4990,52	
598,599	5207,98	
598,838	5055,41	
599,077	5485,07	
599,316	5281,64	
599,555	5083,47	
599,794	5009,81	
600,033	5448,24	
600,272	5067,68	
600,511	4976,49	
600,75	4795,86	
600,989	5236,04	
601,228	5055,41	
601,466	4781,83	
601,705	5132,57	
601,944	5202,72	
602,183	5164,14	
602,422	4813,39	
602,66	4869,51	
602,899	5188,69	
603,138	4866,01	
603,376	5053,65	
603,615	4997,54	
603,854	4923,88	
604,092	4399,51	
604,331	4623,99	
604,569	4806,38	
604,808	4487,2	
605,047	4723,95	
605,285	4552,09	
605,524	4653,81	
605,762	4888,8	
606	4536,31	
606,239	4487,2	
606,477	4878,28	
606,716	4781,83	
606,954	4464,4	
607,193	4396,01	
607,431	4539,81	
607,669	4343,4	
607,908	4525,78	
608,146	4336,38	
608,384	4343,4	
608,622	4257,46	
608,861	4155,75	
609,099	4313,58	
609,337	3941,79	
609,575	4467,91	
609,813	4317,09	
610,052	4062,8	
610,29	3892,69	
610,528	3945,3	
610,766	3819,03	
611,004	3761,16	
611,242	4047,02	
611,48	3748,88	
611,718	4139,96	
611,956	3940,04	
612,194	3812,02	
612,432	3833,06	
612,67	3852,35	
612,908	3717,32	
613,146	3838,32	
613,384	3933,02	
613,621	3757,65	
613,859	3363,06	
614,097	3759,4	
614,335	3643,66	
614,573	3547,2	
614,811	3543,7	
615,048	3627,88	
615,286	3573,51	
615,524	3659,44	
615,761	3540,19	
615,999	3661,2	
616,237	3299,93	
616,474	3691,01	
616,712	3343,77	
616,95	3631,38	
617,187	3401,64	
617,425	3561,23	
617,662	3247,32	
617,9	3550,71	
618,137	3452,5	
618,375	3555,97	
618,612	3221,01	
618,85	3345,53	
619,087	3436,72	
619,325	3071,94	
619,562	3257,84	
619,799	3152,62	
620,037	3377,09	
620,274	3338,51	
620,511	3271,87	
620,749	3403,4	
620,986	3298,17	
621,223	3171,91	
621,461	2956,2	
621,698	2912,35	
621,935	2910,6	
622,172	2907,09	
622,409	3215,75	
622,647	3427,95	
622,884	3198,21	
623,121	3012,32	
623,358	2933,4	
623,595	2894,82	
623,832	3042,13	
624,069	3124,56	
624,306	2733,47	
624,543	2710,68	
624,78	2772,06	
625,017	2772,06	
625,254	3073,7	
625,491	2786,09	
625,728	2712,43	
625,965	3071,94	
626,202	2822,91	
626,438	2791,35	
626,675	2938,66	
626,912	2754,52	
627,149	2836,94	
627,386	3119,29	
627,622	2707,17	
627,859	2812,39	
628,096	2989,52	
628,333	2915,86	
628,569	2758,03	
628,806	2903,59	
629,043	2836,94	
629,279	2812,39	
629,516	2565,12	
629,752	2752,77	
629,989	2728,21	
630,225	2561,61	
630,462	2707,17	
630,699	2705,42	
630,935	2358,18	
631,171	2549,33	
631,408	2531,8	
631,644	2538,81	
631,881	2431,83	
632,117	2500,23	
632,354	2533,55	
632,59	2538,81	
632,826	2489,71	
633,063	2505,49	
633,299	2295,04	
633,535	2489,71	
633,771	2079,33	
634,008	2591,42	
634,244	2177,54	
634,48	2430,08	
634,716	2293,29	
634,953	2291,54	
635,189	2249,45	
635,425	2330,12	
635,661	2266,98	
635,897	2363,44	
636,133	2473,92	
636,369	2337,13	
636,605	2314,33	
636,841	2366,95	
637,077	2044,26	
637,313	2344,15	
637,549	2451,12	
637,785	2174,04	
638,021	2084,6	
638,257	2319,6	
638,493	2051,28	
638,729	2172,28	
638,965	2300,3	
639,2	2447,62	
639,436	1881,16	
639,672	2095,12	
639,908	2021,46	
640,144	1798,74	
640,379	2268,74	
640,615	2079,33	
640,851	2000,42	
641,086	1942,54	
641,322	2000,42	
641,558	2024,97	
641,793	1961,84	
642,029	2212,62	
642,264	1760,16	
642,5	2219,63	
642,736	2095,12	
642,971	1747,88	
643,207	2010,94	
643,442	1833,81	
643,678	2407,28	
643,913	2252,95	
644,148	1682,99	
644,384	1986,39	
644,619	2042,51	
644,855	1809,26	
645,09	1903,96	
645,325	1963,59	
645,561	1665,46	
645,796	1612,84	
646,031	1837,32	
646,266	1649,67	
646,502	1963,59	
646,737	1537,43	
646,972	1486,58	
647,207	1830,31	
647,442	1654,93	
647,678	1749,63	
647,913	2051,28	
648,148	1749,63	
648,383	1581,28	
648,618	1721,57	
648,853	1702,28	
649,088	1579,52	
649,323	1621,61	
649,558	1849,6	
649,793	1583,03	
650,028	1611,09	
650,263	1802,25	
650,498	1651,43	
650,733	1628,63	
650,968	1768,93	
651,202	1554,97	
651,437	1830,31	
651,672	1835,57	
651,907	1560,23	
652,142	1455,01	
652,376	1674,22	
652,611	1777,69	
652,846	1804	
653,081	1516,39	
653,315	1621,61	
653,55	1337,51	
653,785	1344,52	
654,019	1469,04	
654,254	1304,19	
654,488	1276,13	
654,723	1639,15	
654,958	1193,7	
655,192	1460,27	
655,427	1304,19	
655,661	1525,16	
655,896	1439,22	
656,13	1595,31	
656,364	1553,22	
656,599	1398,89	
656,833	1298,93	
657,068	1384,86	
657,302	1305,94	
657,536	1688,25	
657,771	1232,29	
658,005	1325,23	
658,239	1158,63	
658,474	1114,79	
658,708	1312,96	
658,942	1172,66	
659,176	1514,63	
659,41	1563,74	
659,645	1668,96	
659,879	1286,65	
660,113	1146,35	
660,347	1665,46	
660,581	1521,65	
660,815	1212,99	
661,049	972,73	
661,283	1460,27	
661,517	1063,93	
661,751	1248,07	
661,985	1016,58	
662,219	1218,26	
662,453	960,46	
662,687	927,14	
662,921	851,73	
663,155	1188,44	
663,389	1200,72	
663,622	939,41	
663,856	1027,1	
664,09	909,6	
664,324	1106,02	
664,558	949,94	
664,791	1013,07	
665,025	821,91	
665,259	955,2	
665,492	849,97	
665,726	1081,46	
665,96	941,17	
666,193	1160,38	
666,427	935,91	
666,661	1170,9	
666,894	700,91	
667,128	865,76	
667,361	1218,26	
667,595	1042,88	
667,828	1230,53	
668,062	985,01	
668,295	709,67	
668,529	1091,99	
668,762	962,21	
668,995	993,78	
669,229	1116,54	
669,462	1002,55	
669,695	636,02	
669,929	872,77	
670,162	709,67	
670,395	757,03	
670,629	897,32	
670,862	965,72	
671,095	755,27	
671,328	764,04	
671,561	876,28	
671,795	851,73	
672,028	997,29	
672,261	685,12	
672,494	707,92	
672,727	1037,62	
672,96	853,48	
673,193	816,65	
673,426	709,67	
673,659	753,52	
673,892	785,08	
674,125	737,73	
674,358	941,17	
674,591	479,94	
674,824	797,36	
675,057	546,58	
675,29	893,82	
675,523	686,88	
675,755	899,08	
675,988	807,88	
676,221	686,88	
676,454	965,72	
676,687	623,74	
676,919	1132,32	
677,152	795,61	
677,385	490,46	
677,617	632,51	
677,85	690,38	
678,083	727,21	
678,315	604,45	
678,548	479,94	
678,78	557,1	
679,013	892,06	
679,246	621,99	
679,478	679,86	
679,711	906,09	
679,943	688,63	
680,175	872,77	
680,408	565,87	
680,64	672,85	
680,873	613,22	
681,105	623,74	
681,338	621,99	
681,57	450,12	
681,802	697,4	
682,034	478,18	
682,267	444,86	
682,499	643,03	
682,731	567,62	
682,964	811,39	
683,196	399,27	
683,428	586,91	
683,66	593,93	
683,892	844,71	
684,124	397,51	
684,356	585,16	
684,589	555,35	
684,821	846,47	
685,053	386,99	
685,285	569,38	
685,517	436,09	
685,749	599,19	
685,981	636,02	
686,213	406,28	
686,445	315,09	
686,676	294,04	
686,908	520,27	
687,14	386,99	
687,372	953,44	
687,604	613,22	
687,836	746,5	
688,068	465,91	
688,299	441,35	
688,531	455,38	
688,763	460,65	
688,995	625,5	
689,226	404,53	
689,458	472,92	
689,69	630,76	
689,921	425,57	
690,153	441,35	
690,384	488,71	
690,616	379,97	
690,848	497,47	
691,079	401,02	
691,311	508	
691,542	464,15	
691,774	308,07	
692,005	458,89	
692,237	900,83	
692,468	264,23	
692,699	616,73	
692,931	301,06	
693,162	176,54	
693,393	162,51	
693,625	302,81	
693,856	339,64	
694,087	332,62	
694,319	448,37	
694,55	395,76	
694,781	143,22	
695,012	285,27	
695,243	176,54	
695,475	686,88	
695,706	807,88	
695,937	194,08	
696,168	527,29	
696,399	251,95	
696,63	59,04	
696,861	360,68	
697,092	194,08	
697,323	357,18	
697,554	378,22	
697,785	394	
698,016	379,97	
698,247	169,53	
698,478	325,61	
698,709	171,28	
698,94	167,77	
699,171	230,91	
699,401	578,15	
699,632	81,84	
699,863	271,24	
700,094	153,74	
700,325	237,92	
700,555	688,63	
700,786	653,56	
701,017	281,77	
701,247	290,53	
701,478	458,89	
701,709	206,36	
701,939	413,29	
702,17	518,52	
702,401	365,94	
702,631	562,36	
702,862	141,47	
703,092	346,65	
703,323	-25,14	
703,553	167,77	
703,784	357,18	
704,014	515,01	
704,244	330,87	
704,475	362,44	
704,705	209,86	
704,936	329,12	
705,166	225,65	
705,396	48,52	
705,627	408,03	
705,857	367,7	
706,087	164,27	
706,317	69,56	
706,548	83,59	
706,778	329,12	
707,008	288,78	
707,238	50,27	
707,468	167,77	
707,698	16,95	
707,928	248,44	
708,158	188,82	
708,389	202,85	
708,619	276,5	
708,849	274,75	
709,079	264,23	
709,309	416,8	
709,539	308,07	
709,768	106,39	
709,998	-25,14	
710,228	134,45	
710,458	137,96	
710,688	150,24	
710,918	139,71	
711,148	120,42	
711,378	150,24	
711,607	92,36	
711,837	120,42	
712,067	129,19	
712,297	73,07	
712,526	81,84	
712,756	146,73	
712,986	20,46	
713,215	180,05	
713,445	197,59	
713,674	88,86	
713,904	171,28	
714,134	125,68	
714,363	11,69	
714,593	52,03	
714,822	-5,85	
715,052	130,94	
715,281	290,53	
715,511	113,41	
715,74	166,02	
715,969	304,56	
716,199	394	
716,428	60,8	
716,657	-4,09	
716,887	215,12	
717,116	-58,46	
717,345	118,67	
717,575	316,84	
717,804	113,41	
718,033	-19,88	
718,262	-23,38	
718,492	52,03	
718,721	287,03	
718,95	-123,35	
719,179	199,34	
719,408	-16,37	
719,637	-51,44	
719,866	213,37	
720,095	32,74	
720,324	348,41	
720,553	39,75	
720,782	257,21	
721,011	137,96	
721,24	32,74	
721,469	-16,37	
721,698	-93,53	
721,927	155,5	
722,156	173,03	
722,385	169,53	
722,613	-54,95	
722,842	218,63	
723,071	-158,42	
723,3	120,42	
723,529	223,89	
723,757	2,92	
723,986	-186,48	
724,215	-30,4	
724,443	62,55	
724,672	94,12	
724,901	-51,44	
725,129	-16,37	
725,358	-30,4	
725,586	-67,23	
725,815	130,94	
726,043	327,36	
726,272	194,08	
726,5	271,24	
726,729	180,05	
726,957	78,33	
727,186	81,84	
727,414	-68,98	
727,642	-58,46	
727,871	337,88	
728,099	392,25	
728,327	88,86	
728,556	108,15	
728,784	446,62	
729,012	-225,06	
729,241	146,73	
729,469	-54,95	
729,697	-170,7	
729,925	137,96	
730,153	41,5	
730,381	-333,79	
730,61	-25,14	
730,838	222,14	
731,066	-23,38	
731,294	206,36	
731,522	39,75	
731,75	-58,46	
731,978	155,5	
732,206	95,87	
732,434	-97,04	
732,662	260,72	
732,89	92,36	
733,118	38	
733,346	215,12	
733,573	139,71	
733,801	188,82	
734,029	83,59	
734,257	-202,26	
734,485	-19,88	
734,712	-21,63	
734,94	-63,72	
735,168	-95,29	
735,396	66,06	
735,623	16,95	
735,851	125,68	
736,078	87,1	
736,306	-93,53	
736,534	-114,58	
736,761	-93,53	
736,989	216,88	
737,216	116,92	
737,444	492,21	
737,671	60,8	
737,899	478,18	
738,126	160,76	
738,354	-160,17	
738,581	318,59	
738,809	99,38	
739,036	83,59	
739,263	199,34	
739,491	101,13	
739,718	201,09	
739,945	52,03	
740,173	83,59	
740,4	-83,01	
740,627	1,17	
740,854	-75,99	
741,081	166,02	
741,309	451,88	
741,536	-133,87	
741,763	-74,24	
741,99	62,55	
742,217	102,89	
742,444	-237,34	
742,671	41,5	
742,898	-160,17	
743,125	-39,17	
743,352	478,18	
743,579	125,68	
743,806	-95,29	
744,033	-4,09	
744,26	11,69	
744,487	160,76	
744,714	-42,67	
744,941	-37,41	
745,167	106,39	
745,394	-12,86	
745,621	371,21	
745,848	-32,15	
746,075	253,71	
746,301	132,7	
746,528	-214,54	
746,755	-151,41	
746,981	8,18	
747,208	-49,69	
747,435	322,1	
747,661	109,9	
747,888	-160,17	
748,114	97,62	
748,341	185,31	
748,567	339,64	
748,794	-93,53	
749,02	97,62	
749,247	13,45	
749,473	92,36	
749,7	422,06	
749,926	376,47	
750,152	-200,51	
750,379	311,58	
750,605	329,12	
750,831	146,73	
751,058	102,89	
751,284	187,06	
751,51	-114,58	
751,737	230,91	
751,963	255,46	
752,189	-237,34	
752,415	-12,86	
752,641	-111,07	
752,867	-53,2	
753,094	81,84	
753,32	-4,09	
753,546	329,12	
753,772	-35,66	
753,998	71,32	
754,224	22,21	
754,45	127,44	
754,676	16,95	
754,902	216,88	
755,128	371,21	
755,354	69,56	
755,579	146,73	
755,805	-160,17	
756,031	-18,12	
756,257	-147,9	
756,483	-56,7	
756,709	174,79	
756,934	143,22	
757,16	22,21	
757,386	143,22	
757,612	287,03	
757,837	83,59	
758,063	-26,89	
758,289	48,52	
758,514	43,26	
758,74	83,59	
758,965	258,97	
759,191	66,06	
759,416	-116,33	
759,642	-77,75	
759,868	-130,36	
760,093	-74,24	
760,318	64,3	
760,544	53,78	
760,769	23,97	
760,995	-209,28	
761,22	-233,83	
761,445	374,71	
761,671	260,72	
761,896	29,23	
762,121	-81,26	
762,347	-216,29	
762,572	415,05	
762,797	101,13	
763,022	146,73	
763,248	32,74	
763,473	157,25	
763,698	-67,23	
763,923	144,97	
764,148	-77,75	
764,373	239,68	
764,598	102,89	
764,823	278,26	
765,048	313,33	
765,273	388,74	
765,498	-11,11	
765,723	60,8	
765,948	-79,5	
766,173	4,68	
766,398	-163,68	
766,623	495,72	
766,848	-83,01	
767,073	-65,47	
767,298	144,97	
767,522	4,68	
767,747	-114,58	
767,972	59,04	
768,197	106,39	
768,421	-58,46	
768,646	-83,01	
768,871	-142,64	
769,095	22,21	
769,32	-7,6	
769,545	173,03	
769,769	-21,63	
769,994	-118,08	
770,218	-32,15	
770,443	-53,2	
770,667	-2,34	
770,892	185,31	
771,116	122,18	
771,341	81,84	
771,565	130,94	
771,79	71,32	
772,014	-100,55	
772,238	-2,34	
772,463	8,18	
772,687	130,94	
772,911	-18,12	
773,136	204,6	
773,36	18,71	
773,584	104,64	
773,808	211,62	
774,033	29,23	
774,257	59,04	
774,481	-72,49	
774,705	52,03	
774,929	-46,18	
775,153	80,09	
775,377	-68,98	
775,602	-188,23	
775,826	4,68	
776,05	116,92	
776,274	-100,55	
776,498	-144,39	
776,722	118,67	
776,945	137,96	
777,169	-219,8	
777,393	-58,46	
777,617	4,68	
777,841	-32,15	
778,065	-79,5	
778,289	116,92	
778,512	134,45	
778,736	208,11	
778,96	-5,85	
779,184	120,42	
779,407	239,68	
779,631	13,45	
779,855	25,72	
780,078	45,01	
780,302	69,56	
780,526	-0,58	
780,749	-144,39	
780,973	-118,08	
781,196	64,3	
781,42	-18,12	
781,643	-63,72	
781,867	-163,68	
782,09	122,18	
782,314	-35,66	
782,537	67,81	
782,76	-81,26	
782,984	81,84	
783,207	-296,96	
783,431	174,79	
783,654	-51,44	
783,877	-160,17	
784,1	-191,74	
784,324	218,63	
784,547	-4,09	
784,77	-237,34	
784,993	-105,81	
785,216	278,26	
785,44	-126,85	
785,663	18,71	
785,886	-123,35	
786,109	30,98	
786,332	320,35	
786,555	-81,26	
786,778	-75,99	
787,001	-93,53	
787,224	-268,9	
787,447	-100,55	
787,67	-149,65	
787,893	-161,93	
788,116	-374,13	
788,339	-167,19	
788,561	-205,77	
788,784	-54,95	
789,007	-126,85	
789,23	281,77	
789,453	-84,76	
789,675	-12,86	
789,898	122,18	
790,121	2,92	
790,344	52,03	
790,566	97,62	
790,789	2,92	
791,012	64,3	
791,234	123,93	
791,457	95,87	
791,679	-28,64	
791,902	-135,62	
792,124	-249,61	
792,347	-181,22	
792,569	-79,5	
792,792	-98,79	
793,014	-177,71	
793,237	43,26	
793,459	-218,05	
793,681	-97,04	
793,904	-39,17	
794,126	-75,99	
794,348	-39,17	
794,571	227,4	
794,793	273	
795,015	-125,1	
795,237	-0,58	
795,46	-90,02	
795,682	-163,68	
795,904	-147,9	
796,126	-239,09	
796,348	346,65	
796,57	73,07	
796,792	74,83	
797,014	-11,11	
797,237	-102,3	
797,459	-100,55	
797,681	-139,13	
797,903	197,59	
798,124	-118,08	
798,346	137,96	
798,568	-118,08	
798,79	-49,69	
799,012	-151,41	
799,234	118,67	
799,456	-240,85	
799,678	-151,41	
799,899	273	
800,121	71,32	
800,343	276,5	
800,565	302,81	
800,786	208,11	
801,008	66,06	
801,23	-214,54	
801,451	134,45	
801,673	1486,58	
801,895	32,74	
802,116	334,38	
802,338	53,78	
802,559	-28,64	
802,781	-0,58	
803,002	183,56	
803,224	-132,11	
803,445	-100,55	
803,667	-39,17	
803,888	30,98	
804,109	73,07	
804,331	27,48	
804,552	-100,55	
804,773	159	
804,995	-195,25	
805,216	-2,34	
805,437	164,27	
805,658	141,47	
805,88	4,68	
806,101	-211,03	
806,322	57,29	
806,543	85,35	
806,764	-46,18	
806,985	267,74	
807,207	20,46	
807,428	104,64	
807,649	69,56	
807,87	43,26	
808,091	129,19	
808,312	-77,75	
808,533	-126,85	
808,754	-168,94	
808,975	-95,29	
809,195	-118,08	
809,416	23,97	
809,637	2,92	
809,858	-46,18	
810,079	-233,83	
810,3	136,21	
810,52	123,93	
810,741	-51,44	
810,962	-356,59	
811,183	-149,65	
811,403	50,27	
811,624	155,5	
811,845	334,38	
812,065	248,44	
812,286	-139,13	
812,506	269,49	
812,727	2,92	
812,948	-216,29	
813,168	-37,41	
813,389	-172,45	
813,609	162,51	
813,83	127,44	
814,05	-179,46	
814,27	-118,08	
814,491	32,74	
814,711	48,52	
814,931	23,97	
815,152	74,83	
815,372	94,12	
815,592	-93,53	
815,813	-70,73	
816,033	-72,49	
816,253	71,32	
816,473	222,14	
816,694	-79,5	
816,914	-42,67	
817,134	-58,46	
817,354	-130,36	
817,574	53,78	
817,794	264,23	
818,014	-270,66	
818,234	-381,14	
818,454	109,9	
818,674	127,44	
818,894	201,09	
819,114	-247,86	
819,334	57,29	
819,554	113,41	
819,774	-302,23	
819,994	-51,44	
820,214	-40,92	
820,433	45,01	
820,653	13,45	
820,873	-67,23	
821,093	-26,89	
821,312	-84,76	
821,532	-86,52	
821,752	-151,41	
821,972	-163,68	
822,191	-263,64	
822,411	202,85	
822,63	60,8	
822,85	130,94	
823,07	348,41	
823,289	-16,37	
823,509	-204,02	
823,728	4,68	
823,948	-30,4	
824,167	278,26	
824,387	36,24	
824,606	-63,72	
824,825	57,29	
825,045	-65,47	
825,264	-26,89	
825,483	244,94	
825,703	-28,64	
825,922	-63,72	
826,141	102,89	
826,361	-235,58	
826,58	-84,76	
826,799	-182,97	
827,018	150,24	
827,237	-33,91	
827,456	-135,62	
827,676	-130,36	
827,895	41,5	
828,114	-198,76	
828,333	6,43	
828,552	-135,62	
828,771	-121,59	
828,99	13,45	
829,209	-68,98	
829,428	-112,82	
829,647	-54,95	
829,866	-181,22	
830,084	-249,61	
830,303	45,01	
830,522	90,61	
830,741	136,21	
830,96	118,67	
831,179	120,42	
831,397	137,96	
831,616	62,55	
831,835	46,77	
832,053	122,18	
832,272	-49,69	
832,491	53,78	
832,709	227,4	
832,928	25,72	
833,147	-26,89	
833,365	-126,85	
833,584	-212,79	
833,802	81,84	
834,021	-54,95	
834,239	-77,75	
834,458	-67,23	
834,676	-51,44	
834,894	-132,11	
835,113	-119,84	
835,331	-67,23	
835,55	60,8	
835,768	127,44	
835,986	-214,54	
836,204	-74,24	
836,423	11,69	
836,641	78,33	
836,859	115,16	
837,077	278,26	
837,296	116,92	
837,514	67,81	
837,732	-42,67	
837,95	-335,55	
838,168	64,3	
838,386	-149,65	
838,604	-125,1	
838,822	-60,21	
839,04	-35,66	
839,258	206,36	
839,476	-97,04	
839,694	45,01	
839,912	-139,13	
840,13	-249,61	
840,348	1,17	
840,566	94,12	
840,783	-121,59	
841,001	-221,55	
841,219	-181,22	
841,437	181,8	
841,655	-261,89	
841,872	159	
842,09	-40,92	
842,308	-165,43	
842,525	111,65	
842,743	36,24	
842,961	-12,86	
843,178	-154,91	
843,396	-79,5	
843,613	441,35	
843,831	-147,9	
844,048	237,92	
844,266	-0,58	
844,483	113,41	
844,701	-42,67	
844,918	-35,66	
845,136	-112,82	
845,353	-105,81	
845,57	143,22	
845,788	76,58	
846,005	280,01	
846,222	-197	
846,439	-123,35	
846,657	246,69	
846,874	-172,45	
847,091	94,12	
847,308	111,65	
847,526	-121,59	
847,743	-218,05	
847,96	-282,93	
848,177	106,39	
848,394	-165,43	
848,611	-72,49	
848,828	69,56	
849,045	250,2	
849,262	-214,54	
849,479	-93,53	
849,696	67,81	
849,913	-88,27	
850,13	39,75	
850,347	92,36	
850,564	74,83	
850,78	81,84	
850,997	-54,95	
851,214	1,17	
851,431	-221,55	
851,647	15,2	
851,864	-149,65	
852,081	-165,43	
852,298	-18,12	
852,514	15,2	
852,731	195,83	
852,948	-398,68	
853,164	-300,47	
853,381	-261,89	
853,597	185,31	
853,814	59,04	
854,03	-235,58	
854,247	-197	
854,463	-156,67	
854,68	-114,58	
854,896	-114,58	
855,113	-118,08	
855,329	108,15	
855,545	-296,96	
855,762	-23,38	
855,978	-19,88	
856,194	101,13	
856,411	144,97	
856,627	-90,02	
856,843	-163,68	
857,059	-105,81	
857,275	-335,55	
857,492	155,5	
857,708	-7,6	
857,924	-156,67	
858,14	-70,73	
858,356	6,43	
858,572	-105,81	
858,788	-4,09	
859,004	-97,04	
859,22	-270,66	
859,436	-109,32	
859,652	62,55	
859,868	43,26	
860,084	-172,45	
860,3	425,57	
860,516	-167,19	
860,731	34,49	
860,947	234,41	
861,163	39,75	
861,379	123,93	
861,595	-291,7	
861,81	-154,91	
862,026	-121,59	
862,242	-153,16	
862,457	-177,71	
862,673	-75,99	
862,889	-67,23	
863,104	-79,5	
863,32	-98,79	
863,535	-104,05	
863,751	-123,35	
863,966	-244,35	
864,182	-86,52	
864,397	178,3	
864,613	27,48	
864,828	102,89	
865,044	55,53	
865,259	-37,41	
865,474	99,38	
865,69	-46,18	
865,905	-54,95	
866,12	-21,63	
866,336	109,9	
866,551	34,49	
866,766	-23,38	
866,981	-218,05	
867,196	188,82	
867,412	183,56	
867,627	-42,67	
867,842	-205,77	
868,057	-81,26	
868,272	-14,61	
868,487	45,01	
868,702	-151,41	
868,917	148,48	
869,132	-9,35	
869,347	-165,43	
869,562	-100,55	
869,777	148,48	
869,992	-126,85	
870,207	-195,25	
870,422	-97,04	
870,636	-83,01	
870,851	-39,17	
871,066	52,03	
871,281	-25,14	
871,495	-7,6	
871,71	48,52	
871,925	-289,95	
872,14	-5,85	
872,354	95,87	
872,569	-14,61	
872,783	-161,93	
872,998	-16,37	
873,213	-88,27	
873,427	-149,65	
873,642	-74,24	
873,856	-116,33	
874,071	-37,41	
874,285	-251,37	
874,5	-174,2	
874,714	-111,07	
874,928	260,72	
875,143	-261,89	
875,357	-88,27	
875,571	-197	
875,786	-119,84	
876	34,49	
876,214	-40,92	
876,429	-68,98	
876,643	101,13	
876,857	-95,29	
877,071	-70,73	
877,285	-246,11	
877,499	-109,32	
877,714	-233,83	
877,928	-40,92	
878,142	-42,67	
878,356	-60,21	
878,57	-254,87	
878,784	-170,7	
878,998	97,62	
879,212	343,15	
879,426	-68,98	
879,639	-268,9	
879,853	-33,91	
880,067	76,58	
880,281	-53,2	
880,495	-267,15	
880,709	-377,64	
880,922	38	
881,136	164,27	
881,35	-328,53	
881,564	-42,67	
881,777	-116,33	
881,991	-83,01	
882,205	-289,95	
882,418	153,74	
882,632	-207,52	
882,845	148,48	
883,059	-130,36	
883,273	15,2	
883,486	-154,91	
883,7	120,42	
883,913	27,48	
884,126	-61,96	
884,34	125,68	
884,553	38	
884,767	-172,45	
884,98	-305,73	
885,193	-95,29	
885,407	269,49	
885,62	194,08	
885,833	-19,88	
886,046	-23,38	
886,26	-61,96	
886,473	11,69	
886,686	-198,76	
886,899	251,95	
887,112	-251,37	
887,326	-112,82	
887,539	-314,5	
887,752	-195,25	
887,965	41,5	
888,178	-39,17	
888,391	-204,02	
888,604	-144,39	
888,817	2,92	
889,03	52,03	
889,243	50,27	
889,455	-98,79	
889,668	-118,08	
889,881	18,71	
890,094	74,83	
890,307	-18,12	
890,52	-204,02	
890,732	157,25	
890,945	127,44	
891,158	-195,25	
891,37	67,81	
891,583	-193,49	
891,796	-75,99	
892,008	-91,78	
892,221	171,28	
892,434	-93,53	
892,646	-339,05	
892,859	6,43	
893,071	262,47	
893,284	-146,14	
893,496	-44,43	
893,709	8,18	
893,921	-126,85	
894,133	-314,5	
894,346	-98,79	
894,558	-174,2	
894,771	97,62	
894,983	-42,67	
895,195	-281,18	
895,407	-116,33	
895,62	-344,31	
895,832	-53,2	
896,044	-179,46	
896,256	90,61	
896,468	173,03	
896,681	-112,82	
896,893	-93,53	
897,105	-75,99	
897,317	-112,82	
897,529	85,35	
897,741	-88,27	
897,953	-19,88	
898,165	62,55	
898,377	13,45	
898,589	30,98	
898,801	-146,14	
899,013	-60,21	
899,224	94,12	
899,436	-235,58	
899,648	-37,41	
899,86	129,19	
900,072	29,23	
900,283	-100,55	
900,495	-97,04	
900,707	-79,5	
900,919	-58,46	
901,13	101,13	
901,342	-174,2	
901,554	-218,05	
901,765	-75,99	
901,977	-233,83	
902,188	64,3	
902,4	223,89	
902,611	101,13	
902,823	-116,33	
903,034	8,18	
903,246	209,86	
903,457	87,1	
903,669	43,26	
903,88	60,8	
904,091	-253,12	
904,303	66,06	
904,514	-226,82	
904,725	27,48	
904,936	4,68	
905,148	-253,12	
905,359	-153,16	
905,57	-191,74	
905,781	-91,78	
905,992	-342,56	
906,204	-267,15	
906,415	-218,05	
906,626	-160,17	
906,837	-151,41	
907,048	-60,21	
907,259	-39,17	
907,47	160,76	
907,681	-53,2	
907,892	92,36	
908,103	-128,61	
908,314	25,72	
908,525	13,45	
908,735	-47,94	
908,946	-0,58	
909,157	-65,47	
909,368	74,83	
909,579	-53,2	
909,789	-98,79	
910	395,76	
910,211	-9,35	
910,421	-44,43	
910,632	-296,96	
910,843	-182,97	
911,053	173,03	
911,264	-149,65	
911,475	-237,34	
911,685	1,17	
911,896	-35,66	
912,106	-279,43	
912,317	-142,64	
912,527	6,43	
912,737	-14,61	
912,948	-326,78	
913,158	-186,48	
913,369	155,5	
913,579	-225,06	
913,789	34,49	
914	-181,22	
914,21	267,74	
914,42	392,25	
914,63	-263,64	
914,841	-11,11	
915,051	-21,63	
915,261	66,06	
915,471	-189,99	
915,681	229,15	
915,891	-72,49	
916,101	94,12	
916,311	22,21	
916,521	-49,69	
916,731	306,32	
916,941	-33,91	
917,151	109,9	
917,361	-179,46	
917,571	66,06	
917,781	-251,37	
917,991	-137,38	
918,201	204,6	
918,411	-139,13	
918,621	95,87	
918,83	-172,45	
919,04	-2,34	
919,25	-84,76	
919,46	-267,15	
919,669	-149,65	
919,879	46,77	
920,089	57,29	
920,298	-161,93	
920,508	52,03	
920,717	-104,05	
920,927	29,23	
921,136	-400,43	
921,346	-53,2	
921,555	-254,87	
921,765	-28,64	
921,974	-46,18	
922,184	-105,81	
922,393	225,65	
922,603	130,94	
922,812	-232,08	
923,021	-16,37	
923,23	-11,11	
923,44	-133,87	
923,649	64,3	
923,858	83,59	
924,067	-139,13	
924,277	-100,55	
924,486	-267,15	
924,695	-193,49	
924,904	-56,7	
925,113	-186,48	
925,322	-402,19	
925,531	-102,3	
925,74	-286,44	
925,949	-42,67	
926,158	-125,1	
926,367	-37,41	
926,576	-303,98	
926,785	-98,79	
926,994	-81,26	
927,203	-228,57	
927,412	-65,47	
927,621	-104,05	
927,83	-95,29	
928,038	-72,49	
928,247	8,18	
928,456	15,2	
928,665	45,01	
928,873	-83,01	
929,082	-2,34	
929,291	41,5	
929,499	-28,64	
929,708	71,32	
929,916	-165,43	
930,125	-174,2	
930,333	125,68	
930,542	-211,03	
930,75	-119,84	
930,959	22,21	
931,167	-225,06	
931,376	-39,17	
931,584	-130,36	
931,793	-144,39	
932,001	118,67	
932,209	-49,69	
932,418	109,9	
932,626	109,9	
932,834	-261,89	
933,042	-98,79	
933,251	-200,51	
933,459	-149,65	
933,667	204,6	
933,875	253,71	
934,083	-39,17	
934,291	-146,14	
934,499	-83,01	
934,707	38	
934,915	150,24	
935,123	-83,01	
935,331	-270,66	
935,539	-214,54	
935,747	-156,67	
935,955	-230,32	
936,163	-218,05	
936,371	-132,11	
936,579	-47,94	
936,787	-5,85	
936,995	-95,29	
937,202	83,59	
937,41	-21,63	
937,618	-49,69	
937,826	-88,27	
938,033	-198,76	
938,241	-25,14	
938,449	-119,84	
938,656	-179,46	
938,864	-156,67	
939,071	-58,46	
939,279	-93,53	
939,486	-140,88	
939,694	4,68	
939,901	-44,43	
940,109	-93,53	
940,316	-19,88	
940,524	-28,64	
940,731	-181,22	
940,939	-111,07	
941,146	-353,08	
941,353	-109,32	
941,561	188,82	
941,768	38	
941,975	-158,42	
942,182	-54,95	
942,39	141,47	
942,597	-28,64	
942,804	-188,23	
943,011	-118,08	
943,218	52,03	
943,425	-18,12	
943,632	-84,76	
943,839	-151,41	
944,046	139,71	
944,253	-93,53	
944,46	-149,65	
944,667	13,45	
944,874	-118,08	
945,081	-35,66	
945,288	-209,28	
945,495	-86,52	
945,702	216,88	
945,909	-161,93	
946,115	-88,27	
946,322	-25,14	
946,529	-107,56	
946,736	38	
946,942	-218,05	
947,149	-272,41	
947,356	-72,49	
947,562	-254,87	
947,769	246,69	
947,976	69,56	
948,182	213,37	
948,389	53,78	
948,595	141,47	
948,802	48,52	
949,008	-123,35	
949,215	144,97	
949,421	-216,29	
949,628	-112,82	
949,834	-109,32	
950,04	36,24	
950,247	-198,76	
950,453	-165,43	
950,659	-172,45	
950,865	-209,28	
951,072	-133,87	
951,278	53,78	
951,484	-181,22	
951,69	-47,94	
951,896	2,92	
952,103	-70,73	
952,309	95,87	
952,515	-126,85	
952,721	-151,41	
952,927	-90,02	
953,133	-39,17	
953,339	253,71	
953,545	-74,24	
953,751	-237,34	
953,957	-88,27	
954,163	-153,16	
954,369	360,68	
954,574	-100,55	
954,78	-316,26	
954,986	-58,46	
955,192	-56,7	
955,398	29,23	
955,603	15,2	
955,809	-88,27	
956,015	74,83	
956,22	-228,57	
956,426	-102,3	
956,632	-221,55	
956,837	-61,96	
957,043	29,23	
957,248	-293,46	
957,454	-83,01	
957,66	-146,14	
957,865	-189,99	
958,07	48,52	
958,276	139,71	
958,481	-147,9	
958,687	-330,29	
958,892	139,71	
959,097	-39,17	
959,303	16,95	
959,508	87,1	
959,713	-182,97	
959,919	-60,21	
960,124	-160,17	
960,329	50,27	
960,534	-167,19	
960,739	13,45	
960,945	60,8	
961,15	-158,42	
961,355	-161,93	
961,56	-161,93	
961,765	-147,9	
961,97	60,8	
962,175	-30,4	
962,38	45,01	
962,585	-165,43	
962,79	-39,17	
962,995	-212,79	
963,2	-149,65	
963,404	151,99	
963,609	78,33	
963,814	57,29	
964,019	-40,92	
964,224	-188,23	
964,428	-219,8	
964,633	-260,14	
964,838	-340,81	
965,042	-204,02	
965,247	199,34	
965,452	-391,67	
965,656	27,48	
965,861	-107,56	
966,066	-175,96	
966,27	-188,23	
966,475	-161,93	
966,679	-365,36	
966,884	-265,4	
967,088	-179,46	
967,292	-270,66	
967,497	150,24	
967,701	-81,26	
967,906	16,95	
968,11	-174,2	
968,314	-216,29	
968,518	-132,11	
968,723	180,05	
968,927	-118,08	
969,131	-137,38	
969,335	97,62	
969,539	385,24	
969,744	-293,46	
969,948	76,58	
970,152	-212,79	
970,356	-11,11	
970,56	-95,29	
970,764	-172,45	
970,968	-42,67	
971,172	18,71	
971,376	229,15	
971,58	8,18	
971,784	-90,02	
971,988	195,83	
972,192	95,87	
972,395	109,9	
972,599	-246,11	
972,803	90,61	
973,007	-21,63	
973,21	-33,91	
973,414	-30,4	
973,618	-91,78	
973,822	-133,87	
974,025	262,47	
974,229	-21,63	
974,432	-79,5	
974,636	-56,7	
974,84	20,46	
975,043	-54,95	
975,247	276,5	
975,45	-146,14	
975,654	-270,66	
975,857	80,09	
976,06	-60,21	
976,264	-19,88	
976,467	-267,15	
976,671	-26,89	
976,874	-75,99	
977,077	-100,55	
977,28	-35,66	
977,484	-379,39	
977,687	-39,17	
977,89	167,77	
978,093	-128,61	
978,297	-88,27	
978,5	-39,17	
978,703	137,96	
978,906	41,5	
979,109	-153,16	
979,312	-198,76	
979,515	169,53	
979,718	-75,99	
979,921	-25,14	
980,124	-189,99	
980,327	25,72	
980,53	-182,97	
980,733	-133,87	
980,936	162,51	
981,138	-0,58	
981,341	116,92	
981,544	-218,05	
981,747	-67,23	
981,949	-165,43	
982,152	199,34	
982,355	74,83	
982,558	-0,58	
982,76	-170,7	
982,963	-19,88	
983,165	-353,08	
983,368	-202,26	
983,571	-211,03	
983,773	11,69	
983,976	178,3	
984,178	-79,5	
984,381	-53,2	
984,583	-32,15	
984,785	-195,25	
984,988	-68,98	
985,19	46,77	
985,392	-167,19	
985,595	180,05	
985,797	-189,99	
985,999	-144,39	
986,202	-5,85	
986,404	-116,33	
986,606	57,29	
986,808	143,22	
987,01	-97,04	
987,212	115,16	
987,415	-33,91	
987,617	-204,02	
987,819	-111,07	
988,021	206,36	
988,223	53,78	
988,425	-161,93	
988,627	-246,11	
988,829	-39,17	
989,031	144,97	
989,232	57,29	
989,434	-302,23	
989,636	143,22	
989,838	-184,73	
990,04	99,38	
990,242	13,45	
990,443	-197	
990,645	29,23	
990,847	-167,19	
991,048	27,48	
991,25	-330,29	
991,452	-154,91	
991,653	-175,96	
991,855	-260,14	
992,057	-4,09	
992,258	-218,05	
992,46	97,62	
992,661	-112,82	
992,863	-32,15	
993,064	330,87	
993,265	-228,57	
993,467	-133,87	
993,668	94,12	
993,87	211,62	
994,071	-60,21	
994,272	-61,96	
994,473	-67,23	
994,675	-209,28	
994,876	-295,21	
995,077	-142,64	
995,278	108,15	
995,48	46,77	
995,681	-67,23	
995,882	-18,12	
996,083	-72,49	
996,284	-93,53	
996,485	-125,1	
996,686	11,69	
996,887	-16,37	
997,088	-118,08	
997,289	43,26	
997,49	-18,12	
997,691	-75,99	
997,892	-75,99	
998,092	-260,14	
998,293	146,73	
998,494	-111,07	
998,695	-70,73	
998,896	-49,69	
999,096	-70,73	
999,297	-179,46	
999,498	-116,33	
999,698	-246,11	
999,899	-7,6	
1000,1	-333,79	
1000,3	-261,89	
1000,501	-79,5	
1000,701	-109,32	
1000,902	-225,06	
1001,102	250,2	
1001,303	-93,53	
1001,503	-9,35	
1001,704	-68,98	
1001,904	2,92	
1002,105	-86,52	
1002,305	-23,38	
1002,505	-139,13	
1002,706	-354,84	
1002,906	-233,83	
1003,106	-233,83	
1003,306	-93,53	
1003,507	-32,15	
1003,707	-19,88	
1003,907	-19,88	
1004,107	32,74	
1004,307	29,23	
1004,507	-198,76	
1004,707	-63,72	
1004,907	-288,2	
1005,107	-58,46	
1005,308	97,62	
1005,507	-261,89	
1005,707	-284,69	
1005,907	-84,76	
1006,107	-111,07	
1006,307	-25,14	
1006,507	-2,34	
1006,707	-104,05	
1006,907	195,83	
1007,106	87,1	
1007,306	-79,5	
1007,506	176,54	
1007,706	2,92	
1007,905	-256,63	
1008,105	-111,07	
1008,305	8,18	
1008,504	-235,58	
1008,704	173,03	
1008,903	-293,46	
1009,103	125,68	
1009,303	-95,29	
1009,502	-121,59	
1009,702	39,75	
1009,901	62,55	
1010,1	-102,3	
1010,3	-107,56	
1010,499	1,17	
1010,699	-184,73	
1010,898	-281,18	
1011,097	-135,62	
1011,296	-97,04	
1011,496	59,04	
1011,695	281,77	
1011,894	-158,42	
1012,093	46,77	
1012,293	-333,79	
1012,492	-9,35	
1012,691	-98,79	
1012,89	-44,43	
1013,089	-237,34	
1013,288	201,09	
1013,487	-118,08	
1013,686	-186,48	
1013,885	-153,16	
1014,084	-105,81	
1014,283	-40,92	
1014,482	-165,43	
1014,681	-177,71	
1014,88	-151,41	
1015,078	87,1	
1015,277	41,5	
1015,476	-54,95	
1015,675	-139,13	
1015,873	-19,88	
1016,072	-300,47	
1016,271	6,43	
1016,47	-102,3	
1016,668	6,43	
1016,867	-228,57	
1017,065	-112,82	
1017,264	-95,29	
1017,463	-202,26	
1017,661	-42,67	
1017,86	-125,1	
1018,058	48,52	
1018,256	-272,41	
1018,455	-347,82	
1018,653	48,52	
1018,852	-21,63	
1019,05	-246,11	
1019,248	104,64	
1019,447	-226,82	
1019,645	-42,67	
1019,843	-267,15	
1020,041	-358,34	
1020,24	-214,54	
1020,438	-16,37	
1020,636	-249,61	
1020,834	-218,05	
1021,032	23,97	
1021,23	-139,13	
1021,428	-97,04	
1021,626	-47,94	
1021,824	-63,72	
1022,022	-233,83	
1022,22	-365,36	
1022,418	-53,2	
1022,616	-137,38	
1022,814	-225,06	
1023,012	-86,52	
1023,21	-123,35	
1023,408	267,74	
1023,606	-261,89	
1023,803	-309,24	
1024,001	144,97	
1024,199	-86,52	
1024,397	-14,61	
1024,594	190,57	
1024,792	-42,67	
1024,99	-160,17	
1025,187	-61,96	
1025,385	255,46	
1025,582	-316,26	
1025,78	-4,09	
1025,977	-225,06	
1026,175	-60,21	
1026,372	-223,31	
1026,57	-88,27	
1026,767	457,14	
1026,965	-130,36	
1027,162	-339,05	
1027,359	-32,15	
1027,557	-128,61	
1027,754	-172,45	
1027,951	-23,38	
1028,148	-167,19	
1028,346	92,36	
1028,543	-93,53	
1028,74	-170,7	
1028,937	-54,95	
1029,134	-21,63	
1029,331	-123,35	
1029,528	-23,38	
1029,725	78,33	
1029,923	-172,45	
1030,12	125,68	
1030,317	-216,29	
1030,513	36,24	
1030,71	-260,14	
1030,907	-97,04	
1031,104	104,64	
1031,301	-288,2	
1031,498	-25,14	
1031,695	-225,06	
1031,892	-396,93	
1032,088	-235,58	
1032,285	-165,43	
1032,482	-90,02	
1032,678	-182,97	
1032,875	25,72	
1033,072	253,71	
1033,268	-128,61	
1033,465	132,7	
1033,662	52,03	
1033,858	-5,85	
1034,055	-46,18	
1034,251	-289,95	
1034,448	55,53	
1034,644	-93,53	
1034,84	-63,72	
1035,037	-72,49	
1035,233	-310,99	
1035,43	-284,69	
1035,626	-303,98	
1035,822	-211,03	
1036,019	-65,47	
1036,215	36,24	
1036,411	-212,79	
1036,607	-223,31	
1036,803	-84,76	
1037	-75,99	
1037,196	353,67	
1037,392	-275,92	
1037,588	20,46	
1037,784	62,55	
1037,98	-105,81	
1038,176	-188,23	
1038,372	29,23	
1038,568	-221,55	
1038,764	-151,41	
1038,96	-74,24	
1039,156	-225,06	
1039,352	-253,12	
1039,547	-79,5	
1039,743	-314,5	
1039,939	-44,43	
1040,135	-288,2	
1040,331	-333,79	
1040,526	-251,37	
1040,722	-35,66	
1040,918	-328,53	
1041,113	-81,26	
1041,309	-293,46	
1041,505	20,46	
1041,7	-56,7	
1041,896	108,15	
1042,091	-286,44	
1042,287	-70,73	
1042,482	45,01	
1042,678	-60,21	
1042,873	78,33	
1043,069	-175,96	
1043,264	-21,63	
1043,459	127,44	
1043,655	-216,29	
1043,85	-158,42	
1044,045	-410,96	
1044,24	-218,05	
1044,436	-316,26	
1044,631	-56,7	
1044,826	-104,05	
1045,021	-104,05	
1045,216	-104,05	
