couleur : noir
angle source :0
angle capteur :30
source : 4000K
FLMT02171_1:101		
194,658	-980,19	
194,923	-980,19	
195,188	-980,19	
195,453	-973,17	
195,717	-50,71	
195,982	294,77	
196,247	96,6	
196,512	-122,61	
196,777	-13,88	
197,042	-110,34	
197,307	65,03	
197,572	51	
197,837	-24,41	
198,101	-166,46	
198,366	-98,06	
198,631	49,25	
198,896	-20,9	
199,161	210,59	
199,425	-126,12	
199,69	268,47	
199,955	-43,7	
200,22	5,41	
200,484	-317,28	
200,749	-40,19	
201,014	21,19	
201,278	-222,58	
201,543	345,63	
201,807	-198,02	
202,072	203,58	
202,337	215,85	
202,601	143,95	
202,866	-217,32	
203,13	-187,5	
203,395	-57,73	
203,659	268,47	
203,924	-115,6	
204,189	-8,62	
204,453	56,27	
204,717	-134,89	
204,982	143,95	
205,246	87,83	
205,511	215,85	
205,775	58,02	
206,04	184,29	
206,304	-126,12	
206,568	-48,96	
206,833	-278,7	
207,097	56,27	
207,361	45,74	
207,626	-173,47	
207,89	89,59	
208,154	21,19	
208,419	152,72	
208,683	-136,64	
208,947	147,46	
209,211	152,72	
209,476	110,63	
209,74	226,38	
210,004	571,86	
210,268	145,71	
210,532	405,26	
210,796	40,48	
211,061	-161,2	
211,325	115,89	
211,589	310,56	
211,853	352,65	
212,117	-47,2	
212,381	250,93	
212,645	80,82	
212,909	122,91	
213,173	35,22	
213,437	-66,5	
213,701	247,42	
213,965	21,19	
214,229	238,65	
214,493	89,59	
214,757	-66,5	
215,021	-59,48	
215,285	145,71	
215,549	-85,79	
215,813	-36,68	
216,077	31,71	
216,34	189,55	
216,604	201,82	
216,868	-40,19	
217,132	-162,95	
217,396	189,55	
217,659	110,63	
217,923	324,59	
218,187	-91,05	
218,451	128,17	
218,714	93,09	
218,978	163,24	
219,242	354,4	
219,505	268,47	
219,769	-38,44	
220,033	168,5	
220,296	308,8	
220,56	168,5	
220,824	49,25	
221,087	143,95	
221,351	-127,88	
221,614	-43,7	
221,878	-205,04	
222,142	51	
222,405	59,77	
222,669	-152,43	
222,932	-19,14	
223,196	149,21	
223,459	126,41	
223,722	70,3	
223,986	-66,5	
224,249	245,67	
224,513	31,71	
224,776	-99,82	
225,04	-12,13	
225,303	-136,64	
225,566	135,18	
225,83	378,95	
226,093	33,47	
226,356	21,19	
226,62	431,56	
226,883	-217,32	
227,146	-159,44	
227,409	-131,38	
227,673	314,06	
227,936	-147,17	
228,199	40,48	
228,462	196,56	
228,725	87,83	
228,989	65,03	
229,252	103,62	
229,515	12,42	
229,778	100,11	
230,041	228,13	
230,304	-189,26	
230,567	-141,91	
230,83	61,53	
231,093	38,73	
231,356	49,25	
231,619	-155,94	
231,882	-8,62	
232,145	19,44	
232,408	-77,02	
232,671	72,05	
232,934	-169,97	
233,197	177,27	
233,46	528,02	
233,723	12,42	
233,986	126,41	
234,249	-110,34	
234,512	63,28	
234,775	224,62	
235,037	128,17	
235,3	-85,79	
235,563	592,91	
235,826	159,74	
236,089	149,21	
236,351	56,27	
236,614	54,51	
236,877	7,16	
237,14	-110,34	
237,402	87,83	
237,665	131,68	
237,928	79,06	
238,19	-103,32	
238,453	147,46	
238,716	291,26	
238,978	-36,68	
239,241	31,71	
239,503	179,03	
239,766	47,5	
240,029	284,25	
240,291	-47,2	
240,554	291,26	
240,816	45,74	
241,079	191,3	
241,341	-6,87	
241,604	-287,46	
241,866	-98,06	
242,129	-161,2	
242,391	157,98	
242,653	89,59	
242,916	152,72	
243,178	-1,61	
243,441	142,2	
243,703	94,85	
243,965	-5,12	
244,228	450,85	
244,49	-68,25	
244,752	14,18	
245,015	168,5	
245,277	-73,51	
245,539	-164,7	
245,801	-178,73	
246,064	142,2	
246,326	187,79	
246,588	-94,56	
246,85	382,46	
247,112	-133,14	
247,374	98,35	
247,637	-99,82	
247,899	-171,72	
248,161	105,37	
248,423	-82,28	
248,685	324,59	
248,947	180,78	
249,209	364,92	
249,471	-106,83	
249,733	-98,06	
249,995	-87,54	
250,257	-117,35	
250,519	89,59	
250,781	243,91	
251,043	240,41	
251,305	196,56	
251,567	378,95	
251,829	-26,16	
252,091	75,56	
252,353	-178,73	
252,615	93,09	
252,876	-61,23	
253,138	56,27	
253,4	61,53	
253,662	-77,02	
253,924	-326,05	
254,185	14,18	
254,447	-54,22	
254,709	212,35	
254,971	19,44	
255,232	77,31	
255,494	317,57	
255,756	49,25	
256,017	-196,27	
256,279	-334,82	
256,541	-57,73	
256,802	45,74	
257,064	-47,2	
257,326	-145,41	
257,587	24,7	
257,849	163,24	
258,11	105,37	
258,372	-38,44	
258,633	63,28	
258,895	301,79	
259,156	280,74	
259,418	40,48	
259,679	105,37	
259,941	177,27	
260,202	110,63	
260,464	-68,25	
260,725	1,9	
260,987	68,54	
261,248	101,86	
261,509	128,17	
261,771	157,98	
262,032	108,88	
262,293	142,2	
262,555	140,44	
262,816	249,18	
263,077	-77,02	
263,338	-108,58	
263,6	-262,91	
263,861	-275,19	
264,122	165	
264,383	26,45	
264,645	-24,41	
264,906	-91,05	
265,167	-180,49	
265,428	45,74	
265,689	-106,83	
265,95	298,28	
266,211	47,5	
266,473	-171,72	
266,734	3,65	
266,995	22,94	
267,256	24,7	
267,517	75,56	
267,778	31,71	
268,039	-38,44	
268,3	315,82	
268,561	-3,36	
268,822	-71,76	
269,083	161,49	
269,344	-31,42	
269,604	205,33	
269,865	-143,66	
270,126	152,72	
270,387	19,44	
270,648	-287,46	
270,909	-154,18	
271,17	59,77	
271,43	247,42	
271,691	282,5	
271,952	-15,64	
272,213	-36,68	
272,473	-269,93	
272,734	273,73	
272,995	-143,66	
273,256	-317,28	
273,516	-33,17	
273,777	-38,44	
274,038	-194,52	
274,298	122,91	
274,559	12,42	
274,82	-45,45	
275,08	-101,57	
275,341	-280,45	
275,601	-189,26	
275,862	-8,62	
276,122	231,64	
276,383	0,15	
276,643	149,21	
276,904	138,69	
277,164	159,74	
277,425	236,9	
277,685	-64,74	
277,946	49,25	
278,206	-173,47	
278,467	36,97	
278,727	356,15	
278,987	-15,64	
279,248	264,96	
279,508	66,79	
279,768	-27,91	
280,029	8,91	
280,289	-50,71	
280,549	8,91	
280,81	108,88	
281,07	191,3	
281,33	-154,18	
281,59	342,12	
281,851	73,8	
282,111	-38,44	
282,371	287,76	
282,631	-12,13	
282,891	-96,31	
283,151	-77,02	
283,412	-24,41	
283,672	36,97	
283,932	224,62	
284,192	-140,15	
284,452	-96,31	
284,712	77,31	
284,972	-6,87	
285,232	314,06	
285,492	-19,14	
285,752	189,55	
286,012	12,42	
286,272	-240,11	
286,532	226,38	
286,792	98,35	
287,052	-8,62	
287,312	-50,71	
287,571	15,93	
287,831	-62,99	
288,091	156,23	
288,351	-201,53	
288,611	-271,68	
288,871	59,77	
289,13	-180,49	
289,39	129,92	
289,65	24,7	
289,91	722,68	
290,17	235,15	
290,429	-38,44	
290,689	59,77	
290,949	77,31	
291,208	-29,67	
291,468	-192,76	
291,728	94,85	
291,987	-196,27	
292,247	-29,67	
292,506	415,78	
292,766	129,92	
293,026	14,18	
293,285	33,47	
293,545	184,29	
293,804	-119,11	
294,064	298,28	
294,323	117,65	
294,583	-68,25	
294,842	-129,63	
295,102	86,08	
295,361	382,46	
295,621	173,77	
295,88	207,09	
296,139	-38,44	
296,399	147,46	
296,658	70,3	
296,917	-162,95	
297,177	59,77	
297,436	400	
297,695	100,11	
297,955	342,12	
298,214	-110,34	
298,473	98,35	
298,732	29,96	
298,992	126,41	
299,251	-12,13	
299,51	-3,36	
299,769	201,82	
300,028	-196,27	
300,287	12,42	
300,547	-192,76	
300,806	63,28	
301,065	-362,88	
301,324	215,85	
301,583	51	
301,842	179,03	
302,101	65,03	
302,36	245,67	
302,619	201,82	
302,878	210,59	
303,137	66,79	
303,396	-140,15	
303,655	166,75	
303,914	96,6	
304,173	-15,64	
304,432	98,35	
304,691	-176,98	
304,95	201,82	
305,208	240,41	
305,467	-117,35	
305,726	-219,07	
305,985	-29,67	
306,244	96,6	
306,503	94,85	
306,761	147,46	
307,02	-127,88	
307,279	264,96	
307,537	191,3	
307,796	-140,15	
308,055	-92,8	
308,314	-155,94	
308,572	159,74	
308,831	-182,24	
309,09	324,59	
309,348	205,33	
309,607	-8,62	
309,865	226,38	
310,124	233,39	
310,382	207,09	
310,641	-24,41	
310,9	-261,16	
311,158	63,28	
311,417	87,83	
311,675	-182,24	
311,933	-105,08	
312,192	131,68	
312,45	-61,23	
312,709	-24,41	
312,967	145,71	
313,226	286	
313,484	-180,49	
313,742	136,94	
314,001	42,24	
314,259	191,3	
314,517	128,17	
314,776	-105,08	
315,034	7,16	
315,292	15,93	
315,55	157,98	
315,809	-66,5	
316,067	-22,65	
316,325	-26,16	
316,583	210,59	
316,841	-217,32	
317,1	207,09	
317,358	-12,13	
317,616	-241,87	
317,874	19,44	
318,132	-8,62	
318,39	231,64	
318,648	129,92	
318,906	70,3	
319,164	-131,38	
319,422	-99,82	
319,68	-208,55	
319,938	-80,53	
320,196	1,9	
320,454	10,67	
320,712	-127,88	
320,97	-66,5	
321,228	-84,03	
321,486	-112,09	
321,744	28,21	
322,002	-26,16	
322,26	112,38	
322,517	29,96	
322,775	-110,34	
323,033	-113,85	
323,291	-13,88	
323,549	-1,61	
323,806	42,24	
324,064	21,19	
324,322	208,84	
324,58	142,2	
324,837	-106,83	
325,095	-85,79	
325,353	314,06	
325,61	86,08	
325,868	322,83	
326,126	-110,34	
326,383	215,85	
326,641	-159,44	
326,898	-98,06	
327,156	36,97	
327,413	70,3	
327,671	82,57	
327,928	80,82	
328,186	117,65	
328,443	-24,41	
328,701	86,08	
328,958	-240,11	
329,216	14,18	
329,473	135,18	
329,731	-10,38	
329,988	221,12	
330,245	-57,73	
330,503	-68,25	
330,76	73,8	
331,017	-55,97	
331,275	70,3	
331,532	121,15	
331,789	189,55	
332,047	56,27	
332,304	-50,71	
332,561	664,81	
332,818	77,31	
333,076	54,51	
333,333	79,06	
333,59	51	
333,847	254,44	
334,104	145,71	
334,361	310,56	
334,618	-115,6	
334,876	273,73	
335,133	-115,6	
335,39	47,5	
335,647	-224,33	
335,904	-91,05	
336,161	-194,52	
336,418	-80,53	
336,675	-96,31	
336,932	54,51	
337,189	261,45	
337,446	38,73	
337,703	129,92	
337,96	56,27	
338,216	-54,22	
338,473	-276,94	
338,73	-80,53	
338,987	0,15	
339,244	-219,07	
339,501	161,49	
339,757	-140,15	
340,014	-87,54	
340,271	15,93	
340,528	51	
340,785	219,36	
341,041	-78,77	
341,298	136,94	
341,555	-34,93	
341,811	-273,44	
342,068	168,5	
342,325	-29,67	
342,581	-34,93	
342,838	156,23	
343,094	240,41	
343,351	-176,98	
343,608	-57,73	
343,864	156,23	
344,121	-17,39	
344,377	56,27	
344,634	412,27	
344,89	-1,61	
345,147	-161,2	
345,403	17,68	
345,66	-1,61	
345,916	-191,01	
346,172	-85,79	
346,429	184,29	
346,685	70,3	
346,942	-82,28	
347,198	-134,89	
347,454	-61,23	
347,711	35,22	
347,967	36,97	
348,223	-108,58	
348,48	61,53	
348,736	-70	
348,992	-61,23	
349,248	-13,88	
349,504	3,65	
349,761	82,57	
350,017	-33,17	
350,273	-140,15	
350,529	-162,95	
350,785	87,83	
351,041	-162,95	
351,297	-45,45	
351,554	22,94	
351,81	-240,11	
352,066	49,25	
352,322	-26,16	
352,578	659,55	
352,834	-48,96	
353,09	131,68	
353,346	75,56	
353,602	-48,96	
353,858	-145,41	
354,114	-12,13	
354,369	26,45	
354,625	1,9	
354,881	-152,43	
355,137	231,64	
355,393	-266,42	
355,649	-191,01	
355,905	-245,38	
356,16	-45,45	
356,416	43,99	
356,672	-33,17	
356,928	-71,76	
357,183	43,99	
357,439	-164,7	
357,695	-62,99	
357,951	-59,48	
358,206	43,99	
358,462	172,01	
358,718	-62,99	
358,973	156,23	
359,229	-59,48	
359,484	-6,87	
359,74	-91,05	
359,996	65,03	
360,251	73,8	
360,507	-73,51	
360,762	72,05	
361,018	47,5	
361,273	28,21	
361,529	-143,66	
361,784	301,79	
362,04	-161,2	
362,295	-8,62	
362,55	-212,05	
362,806	80,82	
363,061	15,93	
363,316	-89,29	
363,572	156,23	
363,827	-131,38	
364,082	322,83	
364,338	49,25	
364,593	-59,48	
364,848	207,09	
365,104	-192,76	
365,359	-85,79	
365,614	-68,25	
365,869	105,37	
366,124	-20,9	
366,38	136,94	
366,635	194,81	
366,89	49,25	
367,145	29,96	
367,4	93,09	
367,655	17,68	
367,91	-247,13	
368,165	43,99	
368,42	-27,91	
368,675	84,33	
368,93	28,21	
369,185	303,54	
369,44	-31,42	
369,695	82,57	
369,95	54,51	
370,205	-173,47	
370,46	-34,93	
370,715	140,44	
370,97	5,41	
371,225	303,54	
371,48	105,37	
371,734	-12,13	
371,989	36,97	
372,244	-334,82	
372,499	80,82	
372,754	205,33	
373,008	-357,61	
373,263	-48,96	
373,518	238,65	
373,773	-80,53	
374,027	-91,05	
374,282	-12,13	
374,537	124,66	
374,791	194,81	
375,046	105,37	
375,301	184,29	
375,555	91,34	
375,81	-138,4	
376,064	15,93	
376,319	135,18	
376,573	14,18	
376,828	-247,13	
377,082	-213,81	
377,337	147,46	
377,591	-178,73	
377,846	-169,97	
378,1	191,3	
378,355	66,79	
378,609	215,85	
378,863	-161,2	
379,118	110,63	
379,372	-27,91	
379,627	228,13	
379,881	96,6	
380,135	159,74	
380,389	-89,29	
380,644	-226,08	
380,898	175,52	
381,152	-131,38	
381,407	-78,77	
381,661	52,76	
381,915	159,74	
382,169	75,56	
382,423	49,25	
382,677	-89,29	
382,932	66,79	
383,186	96,6	
383,44	-155,94	
383,694	-310,26	
383,948	-3,36	
384,202	52,76	
384,456	68,54	
384,71	-71,76	
384,964	29,96	
385,218	161,49	
385,472	17,68	
385,726	93,09	
385,98	163,24	
386,234	-24,41	
386,488	-236,61	
386,742	59,77	
386,996	221,12	
387,249	175,52	
387,503	336,86	
387,757	-108,58	
388,011	35,22	
388,265	203,58	
388,518	-1,61	
388,772	-82,28	
389,026	-55,97	
389,28	61,53	
389,533	-29,67	
389,787	187,79	
390,041	59,77	
390,295	-226,08	
390,548	-12,13	
390,802	-68,25	
391,055	89,59	
391,309	80,82	
391,563	-184	
391,816	143,95	
392,07	235,15	
392,323	58,02	
392,577	45,74	
392,83	68,54	
393,084	-119,11	
393,337	-24,41	
393,591	263,21	
393,844	-143,66	
394,098	12,42	
394,351	-78,77	
394,604	305,29	
394,858	136,94	
395,111	-84,03	
395,364	128,17	
395,618	-78,77	
395,871	-150,67	
396,124	245,67	
396,378	205,33	
396,631	150,97	
396,884	668,32	
397,137	364,92	
397,391	152,72	
397,644	143,95	
397,897	540,29	
398,15	207,09	
398,403	236,9	
398,657	138,69	
398,91	115,89	
399,163	-162,95	
399,416	21,19	
399,669	-113,85	
399,922	-15,64	
400,175	-3,36	
400,428	82,57	
400,681	-250,64	
400,934	-103,32	
401,187	61,53	
401,44	-133,14	
401,693	75,56	
401,946	-13,88	
402,199	193,06	
402,452	278,99	
402,704	-78,77	
402,957	82,57	
403,21	58,02	
403,463	-108,58	
403,716	-198,02	
403,969	33,47	
404,221	29,96	
404,474	122,91	
404,727	87,83	
404,98	107,12	
405,232	110,63	
405,485	-31,42	
405,738	-55,97	
405,99	-262,91	
406,243	49,25	
406,496	-187,5	
406,748	-38,44	
407,001	75,56	
407,253	28,21	
407,506	29,96	
407,759	301,79	
408,011	-66,5	
408,264	275,48	
408,516	314,06	
408,769	154,47	
409,021	187,79	
409,274	150,97	
409,526	231,64	
409,778	36,97	
410,031	286	
410,283	349,14	
410,536	17,68	
410,788	5,41	
411,04	136,94	
411,293	-29,67	
411,545	26,45	
411,797	-238,36	
412,049	180,78	
412,302	115,89	
412,554	-103,32	
412,806	363,17	
413,058	51	
413,311	240,41	
413,563	-41,94	
413,815	73,8	
414,067	191,3	
414,319	407,01	
414,571	-140,15	
414,823	117,65	
415,075	228,13	
415,328	35,22	
415,58	96,6	
415,832	-131,38	
416,084	352,65	
416,336	305,29	
416,588	-15,64	
416,84	-22,65	
417,091	221,12	
417,343	98,35	
417,595	129,92	
417,847	19,44	
418,099	300,03	
418,351	179,03	
418,603	-208,55	
418,855	45,74	
419,106	142,2	
419,358	289,51	
419,61	108,88	
419,862	277,23	
420,114	14,18	
420,365	329,85	
420,617	168,5	
420,869	501,71	
421,12	-24,41	
421,372	317,57	
421,624	187,79	
421,875	264,96	
422,127	364,92	
422,379	217,61	
422,63	256,19	
422,882	296,53	
423,133	194,81	
423,385	173,77	
423,636	191,3	
423,888	228,13	
424,139	336,86	
424,391	278,99	
424,642	-145,41	
424,894	150,97	
425,145	347,38	
425,396	86,08	
425,648	250,93	
425,899	-20,9	
426,151	280,74	
426,402	245,67	
426,653	-41,94	
426,905	208,84	
427,156	482,42	
427,407	173,77	
427,658	489,44	
427,91	422,79	
428,161	180,78	
428,412	131,68	
428,663	359,66	
428,914	19,44	
429,166	122,91	
429,417	559,58	
429,668	135,18	
429,919	505,22	
430,17	338,62	
430,421	407,01	
430,672	271,97	
430,923	24,7	
431,174	300,03	
431,425	217,61	
431,676	117,65	
431,927	352,65	
432,178	529,77	
432,429	240,41	
432,68	443,84	
432,931	535,03	
433,182	354,4	
433,433	273,73	
433,683	108,88	
433,934	340,37	
434,185	403,5	
434,436	536,79	
434,687	405,26	
434,937	392,98	
435,188	456,11	
435,439	582,38	
435,69	210,59	
435,94	601,67	
436,191	345,63	
436,442	499,96	
436,692	696,38	
436,943	598,17	
437,194	552,57	
437,444	568,35	
437,695	589,4	
437,945	343,88	
438,196	375,44	
438,447	584,14	
438,697	457,87	
438,948	419,29	
439,198	535,03	
439,449	578,88	
439,699	610,44	
439,949	782,31	
440,2	531,53	
440,45	554,32	
440,701	512,23	
440,951	478,91	
441,201	894,55	
441,452	759,51	
441,702	763,02	
441,952	538,54	
442,203	905,07	
442,453	747,23	
442,703	729,7	
442,953	433,32	
443,204	580,63	
443,454	885,78	
443,704	877,01	
443,954	734,96	
444,204	1008,54	
444,455	917,35	
444,705	873,5	
444,955	1019,06	
445,205	948,91	
445,455	976,97	
445,705	945,4	
445,955	1013,8	
446,205	848,95	
446,455	1108,5	
446,705	1045,37	
446,955	1085,7	
447,205	884,02	
447,455	1226	
447,705	980,48	
447,955	1085,7	
448,205	1341,75	
448,454	1411,9	
448,704	1064,66	
448,954	1155,85	
449,204	1082,2	
449,454	1462,75	
449,704	1157,61	
449,953	1327,72	
450,203	1352,27	
450,453	1494,32	
450,703	1255,81	
450,952	1327,72	
451,202	1571,48	
451,452	1222,49	
451,701	1282,12	
451,951	1671,45	
452,201	1459,25	
452,45	1741,6	
452,7	1385,59	
452,949	1432,94	
453,199	1553,95	
453,448	1313,69	
453,698	1438,2	
453,947	1690,74	
454,197	1350,52	
454,446	1683,72	
454,696	1329,47	
454,945	1394,36	
455,195	1489,06	
455,444	1574,99	
455,693	1801,22	
455,943	1603,05	
456,192	1394,36	
456,442	1543,43	
456,691	1441,71	
456,94	1218,99	
457,189	1718,8	
457,439	1366,3	
457,688	1303,16	
457,937	1304,92	
458,186	1271,6	
458,436	1471,52	
458,685	1341,75	
458,934	1271,6	
459,183	1296,15	
459,432	1529,4	
459,681	1299,66	
459,93	1364,55	
460,179	1396,11	
460,429	1422,42	
460,678	1254,06	
460,927	1090,96	
461,176	1378,58	
461,425	1334,73	
461,674	1394,36	
461,923	1131,3	
462,172	1245,29	
462,42	1287,38	
462,669	929,62	
462,918	1071,67	
463,167	1476,78	
463,416	1420,66	
463,665	1129,55	
463,914	1041,86	
464,162	945,4	
464,411	1448,72	
464,66	1336,49	
464,909	1148,84	
465,158	1055,89	
465,406	1317,19	
465,655	1140,07	
465,904	947,16	
466,152	1106,75	
466,401	1213,72	
466,65	938,39	
466,898	1031,34	
467,147	1015,55	
467,395	1159,36	
467,644	1145,33	
467,893	1008,54	
468,141	1033,09	
468,39	1085,7	
468,638	726,19	
468,887	1126,04	
469,135	983,99	
469,384	1238,28	
469,632	1071,67	
469,88	1157,61	
470,129	985,74	
470,377	957,68	
470,626	627,98	
470,874	756	
471,122	1141,82	
471,371	1115,52	
471,619	901,56	
471,867	722,68	
472,115	969,96	
472,364	773,54	
472,612	703,39	
472,86	673,58	
473,108	1064,66	
473,356	922,61	
473,605	775,29	
473,853	1045,37	
474,101	685,85	
474,349	1033,09	
474,597	1122,53	
474,845	866,49	
475,093	763,02	
475,341	910,33	
475,589	1189,17	
475,837	952,42	
476,085	820,89	
476,333	1008,54	
476,581	812,12	
476,829	1115,52	
477,077	1148,84	
477,325	857,72	
477,573	770,03	
477,821	801,6	
478,069	777,05	
478,317	861,23	
478,564	701,64	
478,812	906,82	
479,06	848,95	
479,308	724,44	
479,555	896,3	
479,803	1047,12	
480,051	663,05	
480,299	980,48	
480,546	701,64	
480,794	1236,52	
481,042	936,64	
481,289	978,73	
481,537	885,78	
481,784	741,97	
482,032	1168,13	
482,28	1259,32	
482,527	670,07	
482,775	722,68	
483,022	717,42	
483,27	1157,61	
483,517	820,89	
483,765	1097,98	
484,012	1099,73	
484,259	912,08	
484,507	787,57	
484,754	1085,7	
485,002	891,04	
485,249	1015,55	
485,496	892,79	
485,744	1154,1	
485,991	1078,69	
486,238	745,48	
486,486	1134,81	
486,733	1129,55	
486,98	1175,14	
487,227	1183,91	
487,474	1034,84	
487,722	836,67	
487,969	826,15	
488,216	1108,5	
488,463	1397,87	
488,71	919,1	
488,957	929,62	
489,204	1278,61	
489,451	948,91	
489,699	1126,04	
489,946	1201,45	
490,193	1252,31	
490,44	1076,93	
490,687	1318,95	
490,934	1276,86	
491,18	1304,92	
491,427	1504,84	
491,674	1027,83	
491,921	1127,79	
492,168	955,93	
492,415	1054,14	
492,662	936,64	
492,909	1213,72	
493,155	1068,17	
493,402	1224,25	
493,649	891,04	
493,896	1006,79	
494,142	1292,64	
494,389	1347,01	
494,636	992,76	
494,883	1064,66	
495,129	1420,66	
495,376	1301,41	
495,623	1194,43	
495,869	1210,22	
496,116	1275,11	
496,362	1347,01	
496,609	1396,11	
496,855	1269,84	
497,102	1045,37	
497,348	1124,28	
497,595	1376,82	
497,841	1089,21	
498,088	1282,12	
498,334	1289,14	
498,581	1210,22	
498,827	1175,14	
499,074	1371,56	
499,32	1425,93	
499,566	1482,04	
499,813	1434,69	
500,059	1596,04	
500,305	1515,37	
500,552	1915,22	
500,798	1238,28	
501,044	1410,14	
501,29	1203,2	
501,537	1590,78	
501,783	1296,15	
502,029	1382,08	
502,275	1208,46	
502,521	1350,52	
502,767	1681,97	
503,013	1604,81	
503,26	1836,3	
503,506	1431,19	
503,752	1234,77	
503,998	1418,91	
504,244	1506,6	
504,49	1422,42	
504,736	1650,4	
504,982	1089,21	
505,228	1329,47	
505,474	1566,22	
505,72	1780,18	
505,966	1241,78	
506,211	1280,37	
506,457	1532,9	
506,703	1831,04	
506,949	1261,08	
507,195	1215,48	
507,441	1522,38	
507,686	1339,99	
507,932	1724,06	
508,178	1762,64	
508,424	1599,54	
508,669	1422,42	
508,915	1664,43	
509,161	1790,7	
509,406	1536,41	
509,652	1566,22	
509,898	1769,66	
510,143	1406,63	
510,389	1515,37	
510,634	1415,4	
510,88	1645,14	
511,125	1122,53	
511,371	1788,95	
511,616	1580,25	
511,862	1766,15	
512,107	1273,35	
512,353	1541,67	
512,598	1468,02	
512,844	1806,48	
513,089	1846,82	
513,335	1774,92	
513,58	1717,04	
513,825	1532,9	
514,071	1448,72	
514,316	1603,05	
514,561	1815,25	
514,806	1671,45	
515,052	1701,26	
515,297	1582,01	
515,542	1480,29	
515,787	1492,57	
516,033	1838,05	
516,278	1708,28	
516,523	1490,81	
516,768	1594,28	
517,013	1762,64	
517,258	1482,04	
517,503	1774,92	
517,748	1522,38	
517,993	1634,62	
518,238	1736,34	
518,483	1522,38	
518,728	1731,07	
518,973	1625,85	
519,218	1769,66	
519,463	1936,26	
519,708	1681,97	
519,953	1618,84	
520,198	1552,19	
520,443	1708,28	
520,688	1415,4	
520,933	1773,16	
521,177	1667,94	
521,422	1627,6	
521,667	1550,44	
521,912	1738,09	
522,157	1674,95	
522,401	1685,48	
522,646	1629,36	
522,891	1717,04	
523,135	1752,12	
523,38	1625,85	
523,625	1592,53	
523,869	1680,22	
524,114	1776,67	
524,358	1962,57	
524,603	1745,1	
524,848	1601,3	
525,092	1596,04	
525,337	1866,11	
525,581	1625,85	
525,826	1464,51	
526,07	2044,99	
526,315	1599,54	
526,559	1808,24	
526,803	1881,89	
527,048	1959,06	
527,292	1560,96	
527,537	1888,91	
527,781	1850,33	
528,025	1739,84	
528,269	1624,1	
528,514	1578,5	
528,758	1634,62	
529,002	1909,95	
529,247	1864,36	
529,491	1880,14	
529,735	1776,67	
529,979	1976,6	
530,223	1567,98	
530,467	1632,87	
530,712	1945,03	
530,956	1718,8	
531,2	1829,28	
531,444	1683,72	
531,688	1636,37	
531,932	2108,13	
532,176	1825,78	
532,42	1604,81	
532,664	1703,01	
532,908	2227,38	
533,152	1655,66	
533,396	1971,33	
533,64	2134,43	
533,884	1952,04	
534,128	1589,02	
534,371	1720,55	
534,615	1797,72	
534,859	1813,5	
535,103	1764,39	
535,347	2030,96	
535,59	1634,62	
535,834	1817,01	
536,078	1817,01	
536,322	1781,93	
536,565	1722,31	
536,809	1611,82	
537,053	1920,48	
537,296	1710,03	
537,54	1667,94	
537,784	1676,71	
538,027	1829,28	
538,271	2260,7	
538,514	1706,52	
538,758	1762,64	
539,001	1860,85	
539,245	1843,31	
539,488	1774,92	
539,732	2087,08	
539,975	1743,35	
540,219	2016,93	
540,462	1959,06	
540,706	1874,88	
540,949	1788,95	
541,192	2041,48	
541,436	1809,99	
541,679	1785,44	
541,922	1683,72	
542,166	1741,6	
542,409	1895,92	
542,652	1513,61	
542,895	1939,77	
543,139	1839,81	
543,382	1995,89	
543,625	1795,96	
543,868	2123,91	
544,111	1725,81	
544,354	1967,83	
544,598	1915,22	
544,841	1857,34	
545,084	2274,73	
545,327	2278,24	
545,57	1739,84	
545,813	1713,54	
546,056	1671,45	
546,299	1802,98	
546,542	1955,55	
546,785	1836,3	
547,028	2427,3	
547,271	1862,6	
547,514	1808,24	
547,756	1952,04	
547,999	1952,04	
548,242	1783,69	
548,485	1911,71	
548,728	2011,67	
548,971	1718,8	
549,213	2027,45	
549,456	1894,17	
549,699	1774,92	
549,942	1916,97	
550,184	1980,1	
550,427	2134,43	
550,67	2022,19	
550,912	1853,83	
551,155	1904,69	
551,398	1880,14	
551,64	1939,77	
551,883	2013,42	
552,125	1767,9	
552,368	2044,99	
552,61	1815,25	
552,853	2283,5	
553,095	1857,34	
553,338	1734,58	
553,58	1781,93	
553,823	1762,64	
554,065	1852,08	
554,308	1885,4	
554,55	1788,95	
554,792	2099,36	
555,035	1848,57	
555,277	1934,51	
555,519	1934,51	
555,762	1710,03	
556,004	1827,53	
556,246	1673,2	
556,488	2015,18	
556,731	1885,4	
556,973	1938,01	
557,215	1929,25	
557,457	1715,29	
557,699	2171,26	
557,941	1790,7	
558,183	1859,1	
558,426	1731,07	
558,668	1845,07	
558,91	1725,81	
559,152	1936,26	
559,394	1738,09	
559,636	1867,86	
559,878	1667,94	
560,12	2053,76	
560,362	1969,58	
560,604	2036,22	
560,845	1767,9	
561,087	1976,6	
561,329	2123,91	
561,571	1717,04	
561,813	1859,1	
562,055	2229,13	
562,297	1776,67	
562,538	2060,77	
562,78	2053,76	
563,022	1945,03	
563,264	2025,7	
563,505	2118,65	
563,747	1738,09	
563,989	2229,13	
564,23	1827,53	
564,472	1938,01	
564,714	1931	
564,955	2180,03	
565,197	1895,92	
565,438	2030,96	
565,68	1718,8	
565,921	2027,45	
566,163	2001,15	
566,404	2150,21	
566,646	1859,1	
566,887	2127,42	
567,129	2064,28	
567,37	1757,38	
567,612	1999,39	
567,853	2015,18	
568,094	2030,96	
568,336	2325,59	
568,577	2192,3	
568,818	1895,92	
569,06	2020,44	
569,301	2416,78	
569,542	2146,71	
569,783	2104,62	
570,025	1992,38	
570,266	2355,4	
570,507	2444,84	
570,748	2169,51	
570,989	1973,09	
571,23	2271,22	
571,472	2148,46	
571,713	2279,99	
571,954	2101,11	
572,195	2122,16	
572,436	2372,94	
572,677	1978,35	
572,918	1822,27	
573,159	1988,87	
573,4	2192,3	
573,641	2174,77	
573,882	2330,85	
574,123	2218,61	
574,364	2048,5	
574,604	2157,23	
574,845	2166	
575,086	2087,08	
575,327	2069,54	
575,568	2197,57	
575,809	2020,44	
576,049	2383,46	
576,29	2258,95	
576,531	2292,27	
576,771	2066,04	
577,012	1962,57	
577,253	2074,8	
577,494	2001,15	
577,734	2088,83	
577,975	1760,89	
578,215	2229,13	
578,456	1797,72	
578,697	2062,53	
578,937	2001,15	
579,178	2022,19	
579,418	1902,94	
579,659	1806,48	
579,899	1923,98	
580,14	2448,35	
580,38	2244,92	
580,62	2195,81	
580,861	2237,9	
581,101	1929,25	
581,342	2078,31	
581,582	2109,88	
581,822	2029,21	
582,063	1885,4	
582,303	2050,25	
582,543	2234,39	
582,783	1959,06	
583,024	1904,69	
583,264	1938,01	
583,504	1971,33	
583,744	2062,53	
583,984	2030,96	
584,224	2118,65	
584,465	2311,56	
584,705	1969,58	
584,945	2113,39	
585,185	1553,95	
585,425	2187,04	
585,665	2139,69	
585,905	1913,46	
586,145	2009,92	
586,385	2178,27	
586,625	2264,21	
586,865	2211,6	
587,105	1773,16	
587,345	2083,57	
587,585	2048,5	
587,824	2239,65	
588,064	1929,25	
588,304	2092,34	
588,544	2050,25	
588,784	2166	
589,024	2125,66	
589,263	2008,16	
589,503	1869,62	
589,743	2048,5	
589,982	1983,61	
590,222	2158,98	
590,462	1813,5	
590,701	2023,95	
590,941	1920,48	
591,181	2074,8	
591,42	2039,73	
591,66	2104,62	
591,899	1925,74	
592,139	1973,09	
592,378	1724,06	
592,618	1916,97	
592,857	1969,58	
593,097	1908,2	
593,336	2164,24	
593,576	2088,83	
593,815	2150,21	
594,055	1973,09	
594,294	1920,48	
594,533	2016,93	
594,773	1920,48	
595,012	2016,93	
595,251	2448,35	
595,491	2502,71	
595,73	2237,9	
595,969	2088,83	
596,208	1953,8	
596,447	2208,09	
596,687	2095,85	
596,926	2008,16	
597,165	1906,45	
597,404	2069,54	
597,643	2036,22	
597,882	1980,1	
598,121	1950,29	
598,36	2029,21	
598,599	2148,46	
598,838	2192,3	
599,077	2357,15	
599,316	2274,73	
599,555	2199,32	
599,794	2009,92	
600,033	2532,53	
600,272	2123,91	
600,511	2090,59	
600,75	1995,89	
600,989	2357,15	
601,228	2064,28	
601,466	1941,52	
601,705	2197,57	
601,944	2262,45	
602,183	2162,49	
602,422	2080,07	
602,66	2029,21	
602,899	2367,68	
603,138	1985,36	
603,376	2241,41	
603,615	2318,57	
603,854	2178,27	
604,092	1978,35	
604,331	2011,67	
604,569	2199,32	
604,808	1981,86	
605,047	2097,6	
605,285	2018,69	
605,524	2067,79	
605,762	2308,05	
606	2006,41	
606,239	1860,85	
606,477	2173,01	
606,716	2285,25	
606,954	2046,74	
607,193	1959,06	
607,431	2034,47	
607,669	2078,31	
607,908	2127,42	
608,146	1931	
608,384	1978,35	
608,622	2029,21	
608,861	1834,54	
609,099	1915,22	
609,337	1809,99	
609,575	2201,07	
609,813	1932,75	
610,052	1936,26	
610,29	1643,39	
610,528	1717,04	
610,766	1759,13	
611,004	1610,07	
611,242	1839,81	
611,48	1529,4	
611,718	2022,19	
611,956	1727,57	
612,194	1704,77	
612,432	1760,89	
612,67	1699,51	
612,908	1669,69	
613,146	1925,74	
613,384	1892,42	
613,621	1738,09	
613,859	1448,72	
614,097	1783,69	
614,335	1687,23	
614,573	1660,92	
614,811	1667,94	
615,048	1718,8	
615,286	1659,17	
615,524	1704,77	
615,761	1548,69	
615,999	1804,73	
616,237	1475,03	
616,474	1922,23	
616,712	1475,03	
616,95	1741,6	
617,187	1574,99	
617,425	1743,35	
617,662	1415,4	
617,9	1582,01	
618,137	1603,05	
618,375	1676,71	
618,612	1466,26	
618,85	1468,02	
619,087	1813,5	
619,325	1459,25	
619,562	1534,66	
619,799	1611,82	
620,037	1767,9	
620,274	1620,59	
620,511	1429,43	
620,749	1559,21	
620,986	1559,21	
621,223	1390,85	
621,461	1429,43	
621,698	1138,31	
621,935	1301,41	
622,172	1336,49	
622,409	1599,54	
622,647	1601,3	
622,884	1424,17	
623,121	1350,52	
623,358	1350,52	
623,595	1313,69	
623,832	1550,44	
624,069	1404,88	
624,306	1332,98	
624,543	1182,16	
624,78	1297,9	
625,017	1218,99	
625,254	1574,99	
625,491	1348,76	
625,728	1231,26	
625,965	1541,67	
626,202	1282,12	
626,438	1241,78	
626,675	1431,19	
626,912	1168,13	
627,149	1362,79	
627,386	1464,51	
627,622	1113,76	
627,859	1369,81	
628,096	1571,48	
628,333	1550,44	
628,569	1215,48	
628,806	1471,52	
629,043	1255,81	
629,279	1292,64	
629,516	1141,82	
629,752	1375,07	
629,989	1303,16	
630,225	1166,37	
630,462	1343,5	
630,699	1183,91	
630,935	1099,73	
631,171	1134,81	
631,408	1234,77	
631,644	1164,62	
631,881	1054,14	
632,117	1254,06	
632,354	1366,3	
632,59	1208,46	
632,826	1429,43	
633,063	1238,28	
633,299	1082,2	
633,535	1145,33	
633,771	922,61	
634,008	1229,51	
634,244	1062,9	
634,48	1112,01	
634,716	1006,79	
634,953	1048,87	
635,189	982,23	
635,425	947,16	
635,661	982,23	
635,897	1182,16	
636,133	1108,5	
636,369	1120,78	
636,605	1159,36	
636,841	1208,46	
637,077	898,05	
637,313	1075,18	
637,549	1376,82	
637,785	1083,95	
638,021	964,7	
638,257	1141,82	
638,493	859,47	
638,729	1059,4	
638,965	1126,04	
639,2	1315,44	
639,436	864,73	
639,672	1140,07	
639,908	955,93	
640,144	719,17	
640,379	1059,4	
640,615	1073,43	
640,851	947,16	
641,086	757,76	
641,322	929,62	
641,558	998,02	
641,793	766,52	
642,029	1155,85	
642,264	640,26	
642,5	1238,28	
642,736	1168,13	
642,971	841,93	
643,207	962,94	
643,442	729,7	
643,678	1413,65	
643,913	1206,71	
644,148	791,08	
644,384	1083,95	
644,619	1057,64	
644,855	936,64	
645,09	955,93	
645,325	927,87	
645,561	624,47	
645,796	748,99	
646,031	799,85	
646,266	571,86	
646,502	1171,64	
646,737	580,63	
646,972	727,94	
647,207	903,32	
647,442	698,13	
647,678	822,64	
647,913	1099,73	
648,148	833,17	
648,383	836,67	
648,618	891,04	
648,853	687,61	
649,088	763,02	
649,323	703,39	
649,558	985,74	
649,793	703,39	
650,028	798,09	
650,263	871,75	
650,498	722,68	
650,733	645,52	
650,968	912,08	
651,202	720,93	
651,437	954,17	
651,672	934,88	
651,907	745,48	
652,142	706,9	
652,376	976,97	
652,611	1043,61	
652,846	869,99	
653,081	782,31	
653,315	875,26	
653,55	698,13	
653,785	513,99	
654,019	766,52	
654,254	610,44	
654,488	566,6	
654,723	841,93	
654,958	428,06	
655,192	533,28	
655,427	661,3	
655,661	826,15	
655,896	780,55	
656,13	805,11	
656,364	682,35	
656,599	592,91	
656,833	559,58	
657,068	680,59	
657,302	528,02	
657,536	873,5	
657,771	477,16	
658,005	724,44	
658,239	387,72	
658,474	382,46	
658,708	519,25	
658,942	499,96	
659,176	778,8	
659,41	975,22	
659,645	961,19	
659,879	510,48	
660,113	382,46	
660,347	1453,99	
660,581	917,35	
660,815	556,08	
661,049	321,08	
661,283	792,83	
661,517	554,32	
661,751	689,36	
661,985	326,34	
662,219	545,56	
662,453	471,9	
662,687	440,33	
662,921	256,19	
663,155	599,92	
663,389	570,11	
663,622	322,83	
663,856	363,17	
664,09	326,34	
664,324	526,26	
664,558	361,41	
664,791	342,12	
665,025	212,35	
665,259	484,17	
665,492	342,12	
665,726	508,73	
665,96	296,53	
666,193	519,25	
666,427	380,7	
666,661	643,76	
666,894	147,46	
667,128	259,7	
667,361	633,24	
667,595	424,55	
667,828	615,7	
668,062	398,24	
668,295	121,15	
668,529	477,16	
668,762	540,29	
668,995	440,33	
669,229	605,18	
669,462	333,35	
669,695	236,9	
669,929	377,2	
670,162	257,94	
670,395	168,5	
670,629	291,26	
670,862	471,9	
671,095	271,97	
671,328	170,26	
671,561	387,72	
671,795	428,06	
672,028	459,62	
672,261	236,9	
672,494	301,79	
672,727	638,5	
672,96	598,17	
673,193	301,79	
673,426	254,44	
673,659	289,51	
673,892	366,67	
674,125	308,8	
674,358	419,29	
674,591	91,34	
674,824	417,53	
675,057	189,55	
675,29	517,5	
675,523	289,51	
675,755	538,54	
675,988	407,01	
676,221	275,48	
676,454	584,14	
676,687	242,16	
676,919	584,14	
677,152	331,6	
677,385	175,52	
677,617	200,07	
677,85	266,71	
678,083	189,55	
678,315	172,01	
678,548	89,59	
678,78	94,85	
679,013	398,24	
679,246	194,81	
679,478	245,67	
679,711	538,54	
679,943	315,82	
680,175	521	
680,408	135,18	
680,64	247,42	
680,873	282,5	
681,105	429,81	
681,338	347,38	
681,57	182,53	
681,802	329,85	
682,034	143,95	
682,267	150,97	
682,499	287,76	
682,731	282,5	
682,964	608,69	
683,196	186,04	
683,428	396,49	
683,66	261,45	
683,892	519,25	
684,124	40,48	
684,356	417,53	
684,589	329,85	
684,821	557,83	
685,053	58,02	
685,285	321,08	
685,517	21,19	
685,749	468,39	
685,981	291,26	
686,213	94,85	
686,445	170,26	
686,676	54,51	
686,908	286	
687,14	150,97	
687,372	694,62	
687,604	431,56	
687,836	535,03	
688,068	370,18	
688,299	189,55	
688,531	177,27	
688,763	252,68	
688,995	400	
689,226	229,88	
689,458	268,47	
689,69	354,4	
689,921	173,77	
690,153	114,14	
690,384	261,45	
690,616	161,49	
690,848	280,74	
691,079	152,72	
691,311	273,73	
691,542	266,71	
691,774	26,45	
692,005	194,81	
692,237	598,17	
692,468	121,15	
692,699	405,26	
692,931	107,12	
693,162	-19,14	
693,393	35,22	
693,625	59,77	
693,856	212,35	
694,087	24,7	
694,319	231,64	
694,55	222,87	
694,781	21,19	
695,012	150,97	
695,243	-80,53	
695,475	492,94	
695,706	542,05	
695,937	-36,68	
696,168	308,8	
696,399	165	
696,63	-38,44	
696,861	256,19	
697,092	72,05	
697,323	201,82	
697,554	182,53	
697,785	284,25	
698,016	249,18	
698,247	80,82	
698,478	114,14	
698,709	-103,32	
698,94	80,82	
699,171	168,5	
699,401	378,95	
699,632	-62,99	
699,863	147,46	
700,094	35,22	
700,325	89,59	
700,555	559,58	
700,786	450,85	
701,017	152,72	
701,247	138,69	
701,478	338,62	
701,709	89,59	
701,939	189,55	
702,17	366,67	
702,401	300,03	
702,631	392,98	
702,862	8,91	
703,092	243,91	
703,323	-140,15	
703,553	93,09	
703,784	205,33	
704,014	291,26	
704,244	180,78	
704,475	264,96	
704,705	49,25	
704,936	235,15	
705,166	228,13	
705,396	-40,19	
705,627	352,65	
705,857	243,91	
706,087	66,79	
706,317	-24,41	
706,548	-45,45	
706,778	361,41	
707,008	226,38	
707,238	3,65	
707,468	-3,36	
707,698	-31,42	
707,928	249,18	
708,158	129,92	
708,389	129,92	
708,619	136,94	
708,849	161,49	
709,079	196,56	
709,309	252,68	
709,539	294,77	
709,768	91,34	
709,998	-155,94	
710,228	-15,64	
710,458	54,51	
710,688	65,03	
710,918	103,62	
711,148	36,97	
711,378	93,09	
711,607	40,48	
711,837	10,67	
712,067	65,03	
712,297	101,86	
712,526	10,67	
712,756	51	
712,986	3,65	
713,215	101,86	
713,445	291,26	
713,674	-52,47	
713,904	84,33	
714,134	-161,2	
714,363	35,22	
714,593	-45,45	
714,822	3,65	
715,052	58,02	
715,281	254,44	
715,511	177,27	
715,74	-6,87	
715,969	108,88	
716,199	343,88	
716,428	-66,5	
716,657	-101,57	
716,887	219,36	
717,116	-59,48	
717,345	5,41	
717,575	143,95	
717,804	108,88	
718,033	-80,53	
718,262	38,73	
718,492	-33,17	
718,721	228,13	
718,95	-84,03	
719,179	119,4	
719,408	-62,99	
719,637	-70	
719,866	126,41	
720,095	-92,8	
720,324	282,5	
720,553	-82,28	
720,782	194,81	
721,011	-19,14	
721,24	-43,7	
721,469	-168,21	
721,698	-185,75	
721,927	54,51	
722,156	52,76	
722,385	124,66	
722,613	-124,37	
722,842	172,01	
723,071	-191,01	
723,3	38,73	
723,529	156,23	
723,757	-52,47	
723,986	-301,49	
724,215	-99,82	
724,443	-13,88	
724,672	45,74	
724,901	-17,39	
725,129	-117,35	
725,358	-1,61	
725,586	-64,74	
725,815	52,76	
726,043	305,29	
726,272	112,38	
726,5	275,48	
726,729	149,21	
726,957	-10,38	
727,186	21,19	
727,414	-106,83	
727,642	-112,09	
727,871	277,23	
728,099	319,32	
728,327	93,09	
728,556	65,03	
728,784	236,9	
729,012	-245,38	
729,241	147,46	
729,469	-41,94	
729,697	-245,38	
729,925	75,56	
730,153	-15,64	
730,381	-324,29	
730,61	-15,64	
730,838	72,05	
731,066	-15,64	
731,294	15,93	
731,522	-89,29	
731,75	-47,2	
731,978	217,61	
732,206	61,53	
732,434	-147,17	
732,662	161,49	
732,89	14,18	
733,118	-99,82	
733,346	166,75	
733,573	58,02	
733,801	68,54	
734,029	33,47	
734,257	-268,17	
734,485	22,94	
734,712	-66,5	
734,94	-131,38	
735,168	-89,29	
735,396	29,96	
735,623	-17,39	
735,851	-34,93	
736,078	45,74	
736,306	-147,17	
736,534	-136,64	
736,761	-154,18	
736,989	145,71	
737,216	-91,05	
737,444	475,41	
737,671	87,83	
737,899	359,66	
738,126	135,18	
738,354	-166,46	
738,581	377,2	
738,809	10,67	
739,036	-17,39	
739,263	126,41	
739,491	35,22	
739,718	208,84	
739,945	-27,91	
740,173	-24,41	
740,4	-117,35	
740,627	29,96	
740,854	-205,04	
741,081	177,27	
741,309	301,79	
741,536	-140,15	
741,763	-133,14	
741,99	43,99	
742,217	21,19	
742,444	-180,49	
742,671	-22,65	
742,898	-205,04	
743,125	-91,05	
743,352	436,82	
743,579	154,47	
743,806	-215,56	
744,033	-82,28	
744,26	-61,23	
744,487	119,4	
744,714	-85,79	
744,941	-38,44	
745,167	28,21	
745,394	35,22	
745,621	208,84	
745,848	-22,65	
746,075	179,03	
746,301	40,48	
746,528	-264,67	
746,755	-141,91	
746,981	-8,62	
747,208	-59,48	
747,435	194,81	
747,661	105,37	
747,888	-194,52	
748,114	166,75	
748,341	168,5	
748,567	275,48	
748,794	-134,89	
749,02	73,8	
749,247	82,57	
749,473	82,57	
749,7	392,98	
749,926	331,6	
750,152	-220,82	
750,379	296,53	
750,605	314,06	
750,831	135,18	
751,058	28,21	
751,284	101,86	
751,51	-175,23	
751,737	194,81	
751,963	179,03	
752,189	-222,58	
752,415	-52,47	
752,641	-33,17	
752,867	-68,25	
753,094	73,8	
753,32	-3,36	
753,546	263,21	
753,772	-171,72	
753,998	35,22	
754,224	-70	
754,45	-52,47	
754,676	-55,97	
754,902	182,53	
755,128	370,18	
755,354	54,51	
755,579	133,43	
755,805	-243,62	
756,031	-134,89	
756,257	-127,88	
756,483	-176,98	
756,709	149,21	
756,934	122,91	
757,16	33,47	
757,386	152,72	
757,612	51	
757,837	52,76	
758,063	-38,44	
758,289	51	
758,514	-40,19	
758,74	73,8	
758,965	203,58	
759,191	42,24	
759,416	-241,87	
759,642	-31,42	
759,868	-192,76	
760,093	-106,83	
760,318	58,02	
760,544	-45,45	
760,769	-119,11	
760,995	-297,99	
761,22	-264,67	
761,445	400	
761,671	273,73	
761,896	-43,7	
762,121	-171,72	
762,347	-245,38	
762,572	303,54	
762,797	-36,68	
763,022	103,62	
763,248	-17,39	
763,473	135,18	
763,698	-143,66	
763,923	5,41	
764,148	-22,65	
764,373	59,77	
764,598	98,35	
764,823	161,49	
765,048	229,88	
765,273	317,57	
765,498	-31,42	
765,723	36,97	
765,948	-40,19	
766,173	1,9	
766,398	-213,81	
766,623	449,1	
766,848	-13,88	
767,073	-91,05	
767,298	94,85	
767,522	-119,11	
767,747	-57,73	
767,972	1,9	
768,197	93,09	
768,421	-77,02	
768,646	-127,88	
768,871	-162,95	
769,095	-20,9	
769,32	-3,36	
769,545	177,27	
769,769	-61,23	
769,994	-127,88	
770,218	-8,62	
770,443	-126,12	
770,667	-27,91	
770,892	108,88	
771,116	-26,16	
771,341	93,09	
771,565	131,68	
771,79	-1,61	
772,014	-161,2	
772,238	-6,87	
772,463	-52,47	
772,687	107,12	
772,911	-145,41	
773,136	103,62	
773,36	-12,13	
773,584	7,16	
773,808	147,46	
774,033	-31,42	
774,257	40,48	
774,481	-77,02	
774,705	117,65	
774,929	5,41	
775,153	-13,88	
775,377	-64,74	
775,602	-306,76	
775,826	117,65	
776,05	-15,64	
776,274	-113,85	
776,498	-148,92	
776,722	147,46	
776,945	12,42	
777,169	-306,76	
777,393	-120,86	
777,617	5,41	
777,841	-92,8	
778,065	-85,79	
778,289	31,71	
778,512	187,79	
778,736	72,05	
778,96	-180,49	
779,184	121,15	
779,407	270,22	
779,631	68,54	
779,855	-108,58	
780,078	59,77	
780,302	101,86	
780,526	14,18	
780,749	-68,25	
780,973	-94,56	
781,196	168,5	
781,42	-122,61	
781,643	-96,31	
781,867	-178,73	
782,09	0,15	
782,314	-180,49	
782,537	24,7	
782,76	-13,88	
782,984	38,73	
783,207	-240,11	
783,431	52,76	
783,654	-98,06	
783,877	-278,7	
784,1	-217,32	
784,324	100,11	
784,547	0,15	
784,77	-159,44	
784,993	-38,44	
785,216	236,9	
785,44	-196,27	
785,663	121,15	
785,886	-157,69	
786,109	-52,47	
786,332	226,38	
786,555	-96,31	
786,778	-98,06	
787,001	-98,06	
787,224	-171,72	
787,447	-52,47	
787,67	-143,66	
787,893	-110,34	
788,116	-310,26	
788,339	-154,18	
788,561	-189,26	
788,784	-48,96	
789,007	-168,21	
789,23	173,77	
789,453	-1,61	
789,675	68,54	
789,898	93,09	
790,121	-47,2	
790,344	131,68	
790,566	170,26	
790,789	-85,79	
791,012	-34,93	
791,234	157,98	
791,457	100,11	
791,679	21,19	
791,902	-169,97	
792,124	-250,64	
792,347	-189,26	
792,569	-119,11	
792,792	-138,4	
793,014	-324,29	
793,237	35,22	
793,459	-205,04	
793,681	-110,34	
793,904	-38,44	
794,126	-131,38	
794,348	36,97	
794,571	142,2	
794,793	231,64	
795,015	-98,06	
795,237	-108,58	
795,46	-192,76	
795,682	-203,29	
795,904	-82,28	
796,126	-131,38	
796,348	280,74	
796,57	108,88	
796,792	124,66	
797,014	-52,47	
797,237	-38,44	
797,459	-131,38	
797,681	-80,53	
797,903	65,03	
798,124	-59,48	
798,346	161,49	
798,568	-112,09	
798,79	-13,88	
799,012	-98,06	
799,234	73,8	
799,456	-236,61	
799,678	-155,94	
799,899	152,72	
800,121	22,94	
800,343	217,61	
800,565	143,95	
800,786	226,38	
801,008	-110,34	
801,23	-157,69	
801,451	170,26	
801,673	1389,1	
801,895	49,25	
802,116	291,26	
802,338	63,28	
802,559	52,76	
802,781	79,06	
803,002	107,12	
803,224	-13,88	
803,445	-191,01	
803,667	-6,87	
803,888	-59,48	
804,109	70,3	
804,331	89,59	
804,552	-96,31	
804,773	152,72	
804,995	-241,87	
805,216	100,11	
805,437	-1,61	
805,658	193,06	
805,88	-113,85	
806,101	-101,57	
806,322	59,77	
806,543	61,53	
806,764	-98,06	
806,985	261,45	
807,207	-3,36	
807,428	77,31	
807,649	29,96	
807,87	-1,61	
808,091	98,35	
808,312	-196,27	
808,533	-141,91	
808,754	-126,12	
808,975	-68,25	
809,195	-82,28	
809,416	43,99	
809,637	36,97	
809,858	-50,71	
810,079	-276,94	
810,3	10,67	
810,52	87,83	
810,741	35,22	
810,962	-352,35	
811,183	-213,81	
811,403	-52,47	
811,624	147,46	
811,845	345,63	
812,065	278,99	
812,286	-213,81	
812,506	242,16	
812,727	40,48	
812,948	-227,84	
813,168	-219,07	
813,389	-178,73	
813,609	186,04	
813,83	61,53	
814,05	-273,44	
814,27	-50,71	
814,491	80,82	
814,711	-34,93	
814,931	-33,17	
815,152	142,2	
815,372	117,65	
815,592	-126,12	
815,813	-29,67	
816,033	-101,57	
816,253	112,38	
816,473	93,09	
816,694	-152,43	
816,914	-1,61	
817,134	-13,88	
817,354	-47,2	
817,574	-10,38	
817,794	186,04	
818,014	-240,11	
818,234	-317,28	
818,454	108,88	
818,674	101,86	
818,894	91,34	
819,114	-176,98	
819,334	145,71	
819,554	-17,39	
819,774	-189,26	
819,994	-131,38	
820,214	51	
820,433	26,45	
820,653	42,24	
820,873	-43,7	
821,093	-10,38	
821,312	-112,09	
821,532	-166,46	
821,752	-166,46	
821,972	-254,14	
822,191	-178,73	
822,411	321,08	
822,63	7,16	
822,85	147,46	
823,07	377,2	
823,289	-143,66	
823,509	-233,1	
823,728	79,06	
823,948	-29,67	
824,167	250,93	
824,387	-41,94	
824,606	-75,26	
824,825	147,46	
825,045	-68,25	
825,264	-68,25	
825,483	286	
825,703	-48,96	
825,922	-148,92	
826,141	101,86	
826,361	-189,26	
826,58	-180,49	
826,799	-75,26	
827,018	170,26	
827,237	-98,06	
827,456	-236,61	
827,676	-182,24	
827,895	24,7	
828,114	-203,29	
828,333	-5,12	
828,552	-140,15	
828,771	47,5	
828,99	59,77	
829,209	-85,79	
829,428	-112,09	
829,647	-40,19	
829,866	-120,86	
830,084	-199,78	
830,303	-47,2	
830,522	33,47	
830,741	182,53	
830,96	229,88	
831,179	165	
831,397	84,33	
831,616	65,03	
831,835	103,62	
832,053	-8,62	
832,272	-129,63	
832,491	33,47	
832,709	63,28	
832,928	75,56	
833,147	-8,62	
833,365	-105,08	
833,584	-222,58	
833,802	72,05	
834,021	-82,28	
834,239	-89,29	
834,458	-89,29	
834,676	-108,58	
834,894	-84,03	
835,113	-45,45	
835,331	17,68	
835,55	56,27	
835,768	182,53	
835,986	-219,07	
836,204	-45,45	
836,423	98,35	
836,641	26,45	
836,859	240,41	
837,077	233,39	
837,296	101,86	
837,514	142,2	
837,732	68,54	
837,95	-290,97	
838,168	-31,42	
838,386	-41,94	
838,604	-77,02	
838,822	-1,61	
839,04	87,83	
839,258	87,83	
839,476	-96,31	
839,694	166,75	
839,912	-159,44	
840,13	-290,97	
840,348	-80,53	
840,566	7,16	
840,783	-106,83	
841,001	-91,05	
841,219	-115,6	
841,437	193,06	
841,655	-180,49	
841,872	208,84	
842,09	96,6	
842,308	-87,54	
842,525	224,62	
842,743	52,76	
842,961	-5,12	
843,178	-159,44	
843,396	28,21	
843,613	314,06	
843,831	-231,35	
844,048	70,3	
844,266	-27,91	
844,483	110,63	
844,701	-117,35	
844,918	58,02	
845,136	-78,77	
845,353	-127,88	
845,57	117,65	
845,788	56,27	
846,005	259,7	
846,222	-198,02	
846,439	-162,95	
846,657	271,97	
846,874	-57,73	
847,091	36,97	
847,308	-47,2	
847,526	-106,83	
847,743	-96,31	
847,96	-247,13	
848,177	126,41	
848,394	-168,21	
848,611	-8,62	
848,828	31,71	
849,045	303,54	
849,262	-201,53	
849,479	-85,79	
849,696	152,72	
849,913	-45,45	
850,13	0,15	
850,347	91,34	
850,564	72,05	
850,78	1,9	
850,997	-10,38	
851,214	-33,17	
851,431	-208,55	
851,647	17,68	
851,864	-175,23	
852,081	-154,18	
852,298	45,74	
852,514	108,88	
852,731	217,61	
852,948	-334,82	
853,164	-219,07	
853,381	-326,05	
853,597	175,52	
853,814	-8,62	
854,03	-189,26	
854,247	-331,31	
854,463	-203,29	
854,68	-152,43	
854,896	-96,31	
855,113	-82,28	
855,329	156,23	
855,545	-303,25	
855,762	-27,91	
855,978	59,77	
856,194	172,01	
856,411	214,1	
856,627	-176,98	
856,843	-127,88	
857,059	-129,63	
857,275	-238,36	
857,492	221,12	
857,708	1,9	
857,924	-113,85	
858,14	14,18	
858,356	26,45	
858,572	-45,45	
858,788	84,33	
859,004	-145,41	
859,22	-327,8	
859,436	5,41	
859,652	133,43	
859,868	68,54	
860,084	-199,78	
860,3	364,92	
860,516	-198,02	
860,731	-26,16	
860,947	229,88	
861,163	28,21	
861,379	96,6	
861,595	-233,1	
861,81	-94,56	
862,026	-33,17	
862,242	-162,95	
862,457	-61,23	
862,673	29,96	
862,889	-77,02	
863,104	14,18	
863,32	-162,95	
863,535	-108,58	
863,751	-105,08	
863,966	-180,49	
864,182	-96,31	
864,397	159,74	
864,613	126,41	
864,828	145,71	
865,044	193,06	
865,259	10,67	
865,474	72,05	
865,69	-110,34	
865,905	22,94	
866,12	-55,97	
866,336	80,82	
866,551	-6,87	
866,766	0,15	
866,981	-178,73	
867,196	170,26	
867,412	129,92	
867,627	-138,4	
867,842	-233,1	
868,057	-34,93	
868,272	-91,05	
868,487	136,94	
868,702	-147,17	
868,917	205,33	
869,132	-103,32	
869,347	-176,98	
869,562	-126,12	
869,777	187,79	
869,992	-252,39	
870,207	-154,18	
870,422	-117,35	
870,636	-61,23	
870,851	-50,71	
871,066	-19,14	
871,281	82,57	
871,495	-24,41	
871,71	-87,54	
871,925	-282,2	
872,14	-77,02	
872,354	79,06	
872,569	-84,03	
872,783	-126,12	
872,998	-50,71	
873,213	-71,76	
873,427	-38,44	
873,642	-191,01	
873,856	-54,22	
874,071	29,96	
874,285	-191,01	
874,5	-98,06	
874,714	-159,44	
874,928	312,31	
875,143	-203,29	
875,357	-120,86	
875,571	-187,5	
875,786	-129,63	
876	70,3	
876,214	-71,76	
876,429	36,97	
876,643	214,1	
876,857	77,31	
877,071	-19,14	
877,285	-131,38	
877,499	-87,54	
877,714	-161,2	
877,928	-54,22	
878,142	-91,05	
878,356	-17,39	
878,57	-252,39	
878,784	-173,47	
878,998	165	
879,212	349,14	
879,426	-17,39	
879,639	-282,2	
879,853	3,65	
880,067	84,33	
880,281	-61,23	
880,495	-98,06	
880,709	-320,79	
880,922	119,4	
881,136	43,99	
881,35	-308,51	
881,564	-19,14	
881,777	-31,42	
881,991	-110,34	
882,205	-238,36	
882,418	180,78	
882,632	-59,48	
882,845	133,43	
883,059	-105,08	
883,273	12,42	
883,486	-113,85	
883,7	115,89	
883,913	93,09	
884,126	-12,13	
884,34	68,54	
884,553	12,42	
884,767	-168,21	
884,98	-336,57	
885,193	-62,99	
885,407	159,74	
885,62	124,66	
885,833	-15,64	
886,046	5,41	
886,26	-212,05	
886,473	-61,23	
886,686	-148,92	
886,899	166,75	
887,112	-247,13	
887,326	-12,13	
887,539	-340,08	
887,752	-96,31	
887,965	75,56	
888,178	-61,23	
888,391	-308,51	
888,604	-133,14	
888,817	-13,88	
889,03	96,6	
889,243	133,43	
889,455	-64,74	
889,668	-82,28	
889,881	1,9	
890,094	121,15	
890,307	-33,17	
890,52	-236,61	
890,732	73,8	
890,945	108,88	
891,158	-105,08	
891,37	136,94	
891,583	-150,67	
891,796	-62,99	
892,008	-48,96	
892,221	278,99	
892,434	-98,06	
892,646	-203,29	
892,859	22,94	
893,071	215,85	
893,284	-138,4	
893,496	-78,77	
893,709	43,99	
893,921	31,71	
894,133	-194,52	
894,346	-62,99	
894,558	-212,05	
894,771	-6,87	
894,983	10,67	
895,195	-276,94	
895,407	-110,34	
895,62	-362,88	
895,832	40,48	
896,044	-150,67	
896,256	10,67	
896,468	242,16	
896,681	-119,11	
896,893	-50,71	
897,105	-45,45	
897,317	-24,41	
897,529	91,34	
897,741	-75,26	
897,953	-8,62	
898,165	42,24	
898,377	28,21	
898,589	43,99	
898,801	-154,18	
899,013	-8,62	
899,224	152,72	
899,436	-155,94	
899,648	7,16	
899,86	124,66	
900,072	61,53	
900,283	8,91	
900,495	-92,8	
900,707	-82,28	
900,919	93,09	
901,13	110,63	
901,342	-175,23	
901,554	-275,19	
901,765	-31,42	
901,977	-210,3	
902,188	43,99	
902,4	205,33	
902,611	138,69	
902,823	-157,69	
903,034	-127,88	
903,246	238,65	
903,457	179,03	
903,669	51	
903,88	56,27	
904,091	-250,64	
904,303	15,93	
904,514	-220,82	
904,725	-10,38	
904,936	54,51	
905,148	-276,94	
905,359	-168,21	
905,57	-129,63	
905,781	-73,51	
905,992	-296,23	
906,204	-175,23	
906,415	-134,89	
906,626	-108,58	
906,837	-168,21	
907,048	-124,37	
907,259	-117,35	
907,47	100,11	
907,681	-6,87	
907,892	156,23	
908,103	-66,5	
908,314	-55,97	
908,525	157,98	
908,735	-68,25	
908,946	80,82	
909,157	-84,03	
909,368	72,05	
909,579	28,21	
909,789	52,76	
910	364,92	
910,211	-50,71	
910,421	-73,51	
910,632	-285,71	
910,843	-112,09	
911,053	117,65	
911,264	-247,13	
911,475	-206,79	
911,685	-6,87	
911,896	-40,19	
912,106	-198,02	
912,317	-148,92	
912,527	59,77	
912,737	29,96	
912,948	-333,06	
913,158	-208,55	
913,369	36,97	
913,579	-126,12	
913,789	105,37	
914	-262,91	
914,21	336,86	
914,42	294,77	
914,63	-205,04	
914,841	-54,22	
915,051	122,91	
915,261	68,54	
915,471	-201,53	
915,681	278,99	
915,891	7,16	
916,101	70,3	
916,311	8,91	
916,521	14,18	
916,731	243,91	
916,941	86,08	
917,151	177,27	
917,361	-20,9	
917,571	47,5	
917,781	-159,44	
917,991	-178,73	
918,201	210,59	
918,411	-22,65	
918,621	135,18	
918,83	-52,47	
919,04	45,74	
919,25	-85,79	
919,46	-296,23	
919,669	-77,02	
919,879	221,12	
920,089	150,97	
920,298	-64,74	
920,508	36,97	
920,717	-169,97	
920,927	42,24	
921,136	-396,2	
921,346	-26,16	
921,555	-220,82	
921,765	-50,71	
921,974	-54,22	
922,184	0,15	
922,393	312,31	
922,603	140,44	
922,812	-131,38	
923,021	-119,11	
923,23	36,97	
923,44	-55,97	
923,649	152,72	
923,858	56,27	
924,067	-106,83	
924,277	-27,91	
924,486	-296,23	
924,695	-169,97	
924,904	79,06	
925,113	-201,53	
925,322	-310,26	
925,531	-68,25	
925,74	-236,61	
925,949	7,16	
926,158	-175,23	
926,367	-113,85	
926,576	-150,67	
926,785	-70	
926,994	-15,64	
927,203	-92,8	
927,412	-92,8	
927,621	-41,94	
927,83	-148,92	
928,038	-29,67	
928,247	43,99	
928,456	117,65	
928,665	29,96	
928,873	-124,37	
929,082	1,9	
929,291	52,76	
929,499	-29,67	
929,708	56,27	
929,916	-164,7	
930,125	-87,54	
930,333	115,89	
930,542	-159,44	
930,75	-120,86	
930,959	7,16	
931,167	-259,41	
931,376	-80,53	
931,584	-80,53	
931,793	-155,94	
932,001	93,09	
932,209	29,96	
932,418	115,89	
932,626	38,73	
932,834	-169,97	
933,042	-66,5	
933,251	-175,23	
933,459	-80,53	
933,667	266,71	
933,875	282,5	
934,083	-48,96	
934,291	-155,94	
934,499	-94,56	
934,707	138,69	
934,915	175,52	
935,123	-61,23	
935,331	-247,13	
935,539	-315,52	
935,747	-64,74	
935,955	-212,05	
936,163	-217,32	
936,371	-208,55	
936,579	-26,16	
936,787	-26,16	
936,995	-106,83	
937,202	72,05	
937,41	56,27	
937,618	38,73	
937,826	-140,15	
938,033	-169,97	
938,241	-27,91	
938,449	-99,82	
938,656	-196,27	
938,864	-131,38	
939,071	-40,19	
939,279	-117,35	
939,486	1,9	
939,694	58,02	
939,901	-45,45	
940,109	-45,45	
940,316	-34,93	
940,524	-157,69	
940,731	-129,63	
940,939	56,27	
941,146	-315,52	
941,353	-57,73	
941,561	168,5	
941,768	122,91	
941,975	-176,98	
942,182	-113,85	
942,39	173,77	
942,597	8,91	
942,804	-98,06	
943,011	-166,46	
943,218	107,12	
943,425	-64,74	
943,632	-77,02	
943,839	-148,92	
944,046	31,71	
944,253	-115,6	
944,46	-159,44	
944,667	43,99	
944,874	-141,91	
945,081	-45,45	
945,288	-136,64	
945,495	10,67	
945,702	224,62	
945,909	-99,82	
946,115	-122,61	
946,322	-55,97	
946,529	-3,36	
946,736	58,02	
946,942	-176,98	
947,149	-280,45	
947,356	-19,14	
947,562	-364,63	
947,769	298,28	
947,976	86,08	
948,182	215,85	
948,389	49,25	
948,595	117,65	
948,802	7,16	
949,008	-175,23	
949,215	65,03	
949,421	-254,14	
949,628	-131,38	
949,834	8,91	
950,04	68,54	
950,247	-266,42	
950,453	-106,83	
950,659	-220,82	
950,865	-164,7	
951,072	-57,73	
951,278	1,9	
951,484	-201,53	
951,69	-98,06	
951,896	-31,42	
952,103	-82,28	
952,309	7,16	
952,515	-199,78	
952,721	-250,64	
952,927	-34,93	
953,133	-13,88	
953,339	184,29	
953,545	-87,54	
953,751	-231,35	
953,957	36,97	
954,163	-247,13	
954,369	347,38	
954,574	-38,44	
954,78	-310,26	
954,986	0,15	
955,192	54,51	
955,398	28,21	
955,603	73,8	
955,809	-68,25	
956,015	72,05	
956,22	-229,59	
956,426	-54,22	
956,632	-171,72	
956,837	80,82	
957,043	10,67	
957,248	-312,02	
957,454	-80,53	
957,66	-161,2	
957,865	-73,51	
958,07	-20,9	
958,276	228,13	
958,481	-136,64	
958,687	-331,31	
958,892	0,15	
959,097	8,91	
959,303	45,74	
959,508	77,31	
959,713	-78,77	
959,919	-68,25	
960,124	-140,15	
960,329	28,21	
960,534	-141,91	
960,739	65,03	
960,945	17,68	
961,15	-145,41	
961,355	-152,43	
961,56	-152,43	
961,765	-115,6	
961,97	17,68	
962,175	-41,94	
962,38	108,88	
962,585	-259,41	
962,79	-84,03	
962,995	-192,76	
963,2	-61,23	
963,404	154,47	
963,609	114,14	
963,814	61,53	
964,019	-3,36	
964,224	-182,24	
964,428	-173,47	
964,633	-234,85	
964,838	-257,65	
965,042	-217,32	
965,247	215,85	
965,452	-455,82	
965,656	140,44	
965,861	-115,6	
966,066	-285,71	
966,27	-229,59	
966,475	-124,37	
966,679	-282,2	
966,884	-220,82	
967,088	-154,18	
967,292	-227,84	
967,497	31,71	
967,701	-1,61	
967,906	-38,44	
968,11	-159,44	
968,314	-203,29	
968,518	-105,08	
968,723	166,75	
968,927	-112,09	
969,131	-171,72	
969,335	152,72	
969,539	391,23	
969,744	-324,29	
969,948	173,77	
970,152	-115,6	
970,356	-43,7	
970,56	-22,65	
970,764	-141,91	
970,968	8,91	
971,172	154,47	
971,376	226,38	
971,58	89,59	
971,784	-36,68	
971,988	165	
972,192	22,94	
972,395	80,82	
972,599	-215,56	
972,803	15,93	
973,007	105,37	
973,21	-41,94	
973,414	-3,36	
973,618	-140,15	
973,822	-66,5	
974,025	247,42	
974,229	40,48	
974,432	10,67	
974,636	-29,67	
974,84	38,73	
975,043	-52,47	
975,247	117,65	
975,45	-210,3	
975,654	-264,67	
975,857	77,31	
976,06	-105,08	
976,264	51	
976,467	-159,44	
976,671	-70	
976,874	-92,8	
977,077	-180,49	
977,28	24,7	
977,484	-308,51	
977,687	-71,76	
977,89	135,18	
978,093	-52,47	
978,297	-62,99	
978,5	-131,38	
978,703	205,33	
978,906	17,68	
979,109	-55,97	
979,312	-169,97	
979,515	122,91	
979,718	-108,58	
979,921	28,21	
980,124	-257,65	
980,327	79,06	
980,53	-164,7	
980,733	-87,54	
980,936	131,68	
981,138	-52,47	
981,341	91,34	
981,544	-171,72	
981,747	-34,93	
981,949	-75,26	
982,152	63,28	
982,355	8,91	
982,558	-13,88	
982,76	-292,73	
982,963	-94,56	
983,165	-299,74	
983,368	-175,23	
983,571	-92,8	
983,773	-20,9	
983,976	207,09	
984,178	-84,03	
984,381	121,15	
984,583	36,97	
984,785	-61,23	
984,988	7,16	
985,19	51	
985,392	-91,05	
985,595	242,16	
985,797	-217,32	
985,999	-78,77	
986,202	-27,91	
986,404	-99,82	
986,606	70,3	
986,808	173,77	
987,01	-43,7	
987,212	180,78	
987,415	36,97	
987,617	-268,17	
987,819	-29,67	
988,021	124,66	
988,223	159,74	
988,425	-91,05	
988,627	-236,61	
988,829	61,53	
989,031	121,15	
989,232	159,74	
989,434	-317,28	
989,636	207,09	
989,838	-43,7	
990,04	112,38	
990,242	96,6	
990,443	-180,49	
990,645	14,18	
990,847	-96,31	
991,048	-61,23	
991,25	-299,74	
991,452	-108,58	
991,653	-61,23	
991,855	-301,49	
992,057	-17,39	
992,258	-164,7	
992,46	196,56	
992,661	-52,47	
992,863	-33,17	
993,064	322,83	
993,265	-143,66	
993,467	-78,77	
993,668	98,35	
993,87	143,95	
994,071	-26,16	
994,272	3,65	
994,473	-152,43	
994,675	-162,95	
994,876	-119,11	
995,077	-115,6	
995,278	133,43	
995,48	38,73	
995,681	-36,68	
995,882	-33,17	
996,083	-73,51	
996,284	-64,74	
996,485	-136,64	
996,686	72,05	
996,887	38,73	
997,088	-59,48	
997,289	-19,14	
997,49	17,68	
997,691	-101,57	
997,892	0,15	
998,092	-206,79	
998,293	157,98	
998,494	-119,11	
998,695	-91,05	
998,896	29,96	
999,096	42,24	
999,297	-189,26	
999,498	-96,31	
999,698	-201,53	
999,899	7,16	
1000,1	-268,17	
1000,3	-247,13	
1000,501	-80,53	
1000,701	-24,41	
1000,902	-166,46	
1001,102	296,53	
1001,303	-29,67	
1001,503	3,65	
1001,704	-108,58	
1001,904	52,76	
1002,105	-87,54	
1002,305	-1,61	
1002,505	-305	
1002,706	-361,12	
1002,906	-199,78	
1003,106	-168,21	
1003,306	-89,29	
1003,507	3,65	
1003,707	-45,45	
1003,907	-31,42	
1004,107	-22,65	
1004,307	10,67	
1004,507	-147,17	
1004,707	98,35	
1004,907	-168,21	
1005,107	5,41	
1005,308	7,16	
1005,507	-292,73	
1005,707	-289,22	
1005,907	-159,44	
1006,107	-110,34	
1006,307	-64,74	
1006,507	31,71	
1006,707	-120,86	
1006,907	214,1	
1007,106	80,82	
1007,306	19,44	
1007,506	133,43	
1007,706	-33,17	
1007,905	-171,72	
1008,105	-20,9	
1008,305	-40,19	
1008,504	-162,95	
1008,704	143,95	
1008,903	-252,39	
1009,103	93,09	
1009,303	-119,11	
1009,502	-131,38	
1009,702	179,03	
1009,901	33,47	
1010,1	-143,66	
1010,3	-120,86	
1010,499	-3,36	
1010,699	-157,69	
1010,898	-257,65	
1011,097	-98,06	
1011,296	-113,85	
1011,496	66,79	
1011,695	340,37	
1011,894	-105,08	
1012,093	100,11	
1012,293	-289,22	
1012,492	45,74	
1012,691	-115,6	
1012,89	-78,77	
1013,089	-91,05	
1013,288	208,84	
1013,487	-98,06	
1013,686	-147,17	
1013,885	-134,89	
1014,084	-138,4	
1014,283	-40,19	
1014,482	-145,41	
1014,681	-198,02	
1014,88	-148,92	
1015,078	129,92	
1015,277	98,35	
1015,476	-55,97	
1015,675	-113,85	
1015,873	72,05	
1016,072	-294,48	
1016,271	15,93	
1016,47	-75,26	
1016,668	-8,62	
1016,867	-273,44	
1017,065	-82,28	
1017,264	-227,84	
1017,463	-168,21	
1017,661	19,44	
1017,86	-131,38	
1018,058	-10,38	
1018,256	-206,79	
1018,455	-331,31	
1018,653	-50,71	
1018,852	-84,03	
1019,05	-168,21	
1019,248	210,59	
1019,447	-152,43	
1019,645	22,94	
1019,843	-215,56	
1020,041	-331,31	
1020,24	-120,86	
1020,438	-31,42	
1020,636	-161,2	
1020,834	-122,61	
1021,032	-54,22	
1021,23	-155,94	
1021,428	-164,7	
1021,626	-1,61	
1021,824	38,73	
1022,022	-154,18	
1022,22	-334,82	
1022,418	-182,24	
1022,616	-120,86	
1022,814	-203,29	
1023,012	-99,82	
1023,21	-147,17	
1023,408	282,5	
1023,606	-152,43	
1023,803	-261,16	
1024,001	124,66	
1024,199	-85,79	
1024,397	-13,88	
1024,594	266,71	
1024,792	22,94	
1024,99	-110,34	
1025,187	-64,74	
1025,385	163,24	
1025,582	-278,7	
1025,78	-3,36	
1025,977	-189,26	
1026,175	-22,65	
1026,372	-224,33	
1026,57	-119,11	
1026,767	421,04	
1026,965	-47,2	
1027,162	-261,16	
1027,359	-40,19	
1027,557	-61,23	
1027,754	-212,05	
1027,951	-41,94	
1028,148	-131,38	
1028,346	196,56	
1028,543	-34,93	
1028,74	-152,43	
1028,937	-138,4	
1029,134	-27,91	
1029,331	-36,68	
1029,528	-26,16	
1029,725	87,83	
1029,923	-87,54	
1030,12	152,72	
1030,317	-212,05	
1030,513	133,43	
1030,71	-224,33	
1030,907	-52,47	
1031,104	93,09	
1031,301	-261,16	
1031,498	-89,29	
1031,695	-282,2	
1031,892	-255,9	
1032,088	-192,76	
1032,285	-162,95	
1032,482	-115,6	
1032,678	-222,58	
1032,875	-45,45	
1033,072	214,1	
1033,268	-134,89	
1033,465	129,92	
1033,662	56,27	
1033,858	108,88	
1034,055	-41,94	
1034,251	-184	
1034,448	77,31	
1034,644	-191,01	
1034,84	-105,08	
1035,037	-103,32	
1035,233	-275,19	
1035,43	-226,08	
1035,626	-222,58	
1035,822	-138,4	
1036,019	-27,91	
1036,215	75,56	
1036,411	-159,44	
1036,607	-157,69	
1036,803	-164,7	
1037	-82,28	
1037,196	314,06	
1037,392	-269,93	
1037,588	77,31	
1037,784	10,67	
1037,98	-13,88	
1038,176	-198,02	
1038,372	105,37	
1038,568	-313,77	
1038,764	-119,11	
1038,96	-110,34	
1039,156	-194,52	
1039,352	-219,07	
1039,547	-80,53	
1039,743	-278,7	
1039,939	38,73	
1040,135	-189,26	
1040,331	-264,67	
1040,526	-287,46	
1040,722	31,71	
1040,918	-154,18	
1041,113	-106,83	
1041,309	-171,72	
1041,505	-36,68	
1041,7	31,71	
1041,896	138,69	
1042,091	-198,02	
1042,287	-13,88	
1042,482	-12,13	
1042,678	14,18	
1042,873	110,63	
1043,069	-75,26	
1043,264	131,68	
1043,459	59,77	
1043,655	-243,62	
1043,85	-47,2	
1044,045	-382,17	
1044,24	-113,85	
1044,436	-245,38	
1044,631	-73,51	
1044,826	-133,14	
1045,021	-133,14	
1045,216	-133,14	
