couleur : vert
angle source :0
angle capteur :30
source : 4000K
FLMT02171_1:101		
194,658	-1008,54	
194,923	-1008,54	
195,188	-1008,54	
195,453	-982,23	
195,717	-91,34	
195,982	324,29	
196,247	134,89	
196,512	-150,97	
196,777	-72,05	
197,042	-89,59	
197,307	73,51	
197,572	52,47	
197,837	-80,82	
198,101	-124,66	
198,366	17,39	
198,631	24,41	
198,896	-108,88	
199,161	259,41	
199,425	-140,44	
199,69	252,39	
199,955	-49,25	
200,22	-84,33	
200,484	-342,12	
200,749	-51	
201,014	-5,41	
201,278	-159,74	
201,543	296,23	
201,807	-186,04	
202,072	145,41	
202,337	133,14	
202,601	161,2	
202,866	-382,46	
203,13	-150,97	
203,395	-114,14	
203,659	219,07	
203,924	-89,59	
204,189	38,44	
204,453	-59,77	
204,717	-201,82	
204,982	154,18	
205,246	-77,31	
205,511	308,51	
205,775	31,42	
206,04	136,64	
206,304	-135,18	
206,568	-103,62	
206,833	-198,32	
207,097	52,47	
207,361	48,96	
207,626	-173,77	
207,89	84,03	
208,154	19,14	
208,419	105,08	
208,683	-65,03	
208,947	147,17	
209,211	155,94	
209,476	36,68	
209,74	141,91	
210,004	475,11	
210,268	113,85	
210,532	382,17	
210,796	55,97	
211,061	-56,27	
211,325	75,26	
211,589	357,61	
211,853	210,3	
212,117	71,76	
212,381	184	
212,645	12,13	
212,909	131,38	
213,173	96,31	
213,437	-0,15	
213,701	154,18	
213,965	22,65	
214,229	152,43	
214,493	148,92	
214,757	-40,48	
215,021	-142,2	
215,285	133,14	
215,549	-212,35	
215,813	-0,15	
216,077	24,41	
216,34	36,68	
216,604	92,8	
216,868	-100,11	
217,132	-184,29	
217,396	136,64	
217,659	38,44	
217,923	280,45	
218,187	-198,32	
218,451	148,92	
218,714	217,32	
218,978	-14,18	
219,242	359,37	
219,505	226,08	
219,769	-0,15	
220,033	219,07	
220,296	152,43	
220,56	150,67	
220,824	122,61	
221,087	131,38	
221,351	-105,37	
221,614	43,7	
221,878	-245,67	
222,142	91,05	
222,405	159,44	
222,669	-142,2	
222,932	-112,38	
223,196	141,91	
223,459	152,43	
223,722	29,67	
223,986	-107,12	
224,249	226,08	
224,513	108,58	
224,776	-145,71	
225,04	10,38	
225,303	-184,29	
225,566	164,7	
225,83	171,72	
226,093	27,91	
226,356	-84,33	
226,62	345,34	
226,883	-249,18	
227,146	-154,47	
227,409	-117,65	
227,673	394,44	
227,936	-179,03	
228,199	91,05	
228,462	212,05	
228,725	101,57	
228,989	41,94	
229,252	66,5	
229,515	26,16	
229,778	182,24	
230,041	238,36	
230,304	-159,74	
230,567	-154,47	
230,83	1,61	
231,093	26,16	
231,356	-12,42	
231,619	45,45	
231,882	-173,77	
232,145	-63,28	
232,408	-75,56	
232,671	13,88	
232,934	-207,09	
233,197	94,56	
233,46	471,61	
233,723	34,93	
233,986	96,31	
234,249	-193,06	
234,512	45,45	
234,775	87,54	
235,037	127,88	
235,3	-149,21	
235,563	662,76	
235,826	182,24	
236,089	140,15	
236,351	17,39	
236,614	54,22	
236,877	62,99	
237,14	-100,11	
237,402	8,62	
237,665	98,06	
237,928	26,16	
238,19	-5,41	
238,453	40,19	
238,716	399,7	
238,978	29,67	
239,241	-107,12	
239,503	84,03	
239,766	61,23	
240,029	212,05	
240,291	-70,3	
240,554	257,65	
240,816	43,7	
241,079	145,41	
241,341	38,44	
241,604	-226,38	
241,866	-110,63	
242,129	-122,91	
242,391	22,65	
242,653	-17,68	
242,916	82,28	
243,178	-77,31	
243,441	122,61	
243,703	80,53	
243,965	10,38	
244,228	373,4	
244,49	-12,42	
244,752	66,5	
245,015	101,57	
245,277	-80,82	
245,539	-210,59	
245,801	-224,62	
246,064	206,79	
246,326	185,75	
246,588	-94,85	
246,85	352,35	
247,112	-156,23	
247,374	154,18	
247,637	-77,31	
247,899	-207,09	
248,161	119,11	
248,423	-61,53	
248,685	278,7	
248,947	173,47	
249,209	326,05	
249,471	-114,14	
249,733	-98,35	
249,995	-96,6	
250,257	-300,03	
250,519	129,63	
250,781	247,13	
251,043	233,1	
251,305	182,24	
251,567	322,54	
251,829	17,39	
252,091	27,91	
252,353	-154,47	
252,615	78,77	
252,876	-128,17	
253,138	133,14	
253,4	-72,05	
253,662	-65,03	
253,924	-396,49	
254,185	5,12	
254,447	-51	
254,709	296,23	
254,971	-82,57	
255,232	73,51	
255,494	324,29	
255,756	-19,44	
256,017	-203,58	
256,279	-280,74	
256,541	-24,7	
256,802	108,58	
257,064	-105,37	
257,326	-212,35	
257,587	29,67	
257,849	129,63	
258,11	-73,8	
258,372	-131,68	
258,633	120,86	
258,895	283,96	
259,156	364,63	
259,418	31,42	
259,679	147,17	
259,941	157,69	
260,202	80,53	
260,464	-26,45	
260,725	-0,15	
260,987	138,4	
261,248	122,61	
261,509	136,64	
261,771	140,15	
262,032	-36,97	
262,293	226,08	
262,555	98,06	
262,816	157,69	
263,077	-128,17	
263,338	-110,63	
263,6	-266,71	
263,861	-261,45	
264,122	73,51	
264,383	-82,57	
264,645	-101,86	
264,906	-29,96	
265,167	-166,75	
265,428	34,93	
265,689	-28,21	
265,95	297,99	
266,211	47,2	
266,473	-238,65	
266,734	-72,05	
266,995	15,64	
267,256	84,03	
267,517	-12,42	
267,778	89,29	
268,039	-117,65	
268,3	403,21	
268,561	75,26	
268,822	-126,41	
269,083	159,44	
269,344	-49,25	
269,604	227,84	
269,865	-236,9	
270,126	166,46	
270,387	-29,96	
270,648	-317,57	
270,909	-235,15	
271,17	-21,19	
271,43	219,07	
271,691	141,91	
271,952	-33,47	
272,213	-45,74	
272,473	-275,48	
272,734	189,26	
272,995	-179,03	
273,256	-196,56	
273,516	-119,4	
273,777	-72,05	
274,038	-159,74	
274,298	87,54	
274,559	-72,05	
274,82	-79,06	
275,08	-82,57	
275,341	-301,79	
275,601	-280,74	
275,862	-124,66	
276,122	243,62	
276,383	20,9	
276,643	159,44	
276,904	-12,42	
277,164	112,09	
277,425	233,1	
277,685	-121,15	
277,946	191,01	
278,206	-175,52	
278,467	26,16	
278,727	382,17	
278,987	92,8	
279,248	227,84	
279,508	61,23	
279,768	5,12	
280,029	-28,21	
280,289	-24,7	
280,549	-42,24	
280,81	120,86	
281,07	275,19	
281,33	-222,87	
281,59	382,17	
281,851	71,76	
282,111	52,47	
282,371	301,49	
282,631	27,91	
282,891	-73,8	
283,151	-154,47	
283,412	-0,15	
283,672	82,28	
283,932	-8,91	
284,192	-179,03	
284,452	-152,72	
284,712	-1,9	
284,972	61,23	
285,232	426,01	
285,492	98,06	
285,752	203,29	
286,012	19,14	
286,272	-243,91	
286,532	180,49	
286,792	22,65	
287,052	-100,11	
287,312	-40,48	
287,571	66,5	
287,831	-47,5	
288,091	84,03	
288,351	-184,29	
288,611	-305,29	
288,871	-17,68	
289,13	-172,01	
289,39	131,38	
289,65	64,74	
289,91	736,42	
290,17	238,36	
290,429	-52,76	
290,689	-43,99	
290,949	105,08	
291,208	15,64	
291,468	-152,72	
291,728	-3,65	
291,987	-226,38	
292,247	-47,5	
292,506	343,58	
292,766	84,03	
293,026	6,87	
293,285	-103,62	
293,545	182,24	
293,804	-79,06	
294,064	299,74	
294,323	50,71	
294,583	-133,43	
294,842	-205,33	
295,102	180,49	
295,361	373,4	
295,621	126,12	
295,88	219,07	
296,139	-68,54	
296,399	43,7	
296,658	129,63	
296,917	-173,77	
297,177	20,9	
297,436	322,54	
297,695	13,88	
297,955	227,84	
298,214	-133,43	
298,473	50,71	
298,732	117,35	
298,992	166,46	
299,251	-59,77	
299,51	-54,51	
299,769	140,15	
300,028	-156,23	
300,287	50,71	
300,547	-136,94	
300,806	34,93	
301,065	-310,56	
301,324	141,91	
301,583	84,03	
301,842	31,42	
302,101	-1,9	
302,36	184	
302,619	164,7	
302,878	54,22	
303,137	48,96	
303,396	-128,17	
303,655	203,29	
303,914	143,66	
304,173	82,28	
304,432	40,19	
304,691	-250,93	
304,95	184	
305,208	147,17	
305,467	-110,63	
305,726	-261,45	
305,985	-52,76	
306,244	-0,15	
306,503	64,74	
306,761	41,94	
307,02	-124,66	
307,279	326,05	
307,537	103,32	
307,796	-210,59	
308,055	-121,15	
308,314	-45,74	
308,572	108,58	
308,831	-93,09	
309,09	243,62	
309,348	212,05	
309,607	-84,33	
309,865	178,73	
310,124	198,02	
310,382	176,98	
310,641	13,88	
310,9	-145,71	
311,158	101,57	
311,417	48,96	
311,675	-105,37	
311,933	-163,24	
312,192	189,26	
312,45	-147,46	
312,709	26,16	
312,967	113,85	
313,226	303,25	
313,484	-135,18	
313,742	124,37	
314,001	-29,96	
314,259	126,12	
314,517	164,7	
314,776	-156,23	
315,034	-68,54	
315,292	43,7	
315,55	159,44	
315,809	-165	
316,067	110,34	
316,325	-56,27	
316,583	87,54	
316,841	-208,84	
317,1	234,85	
317,358	5,12	
317,616	-163,24	
317,874	-101,86	
318,132	10,38	
318,39	185,75	
318,648	131,38	
318,906	82,28	
319,164	-129,92	
319,422	-203,58	
319,68	-105,37	
319,938	-117,65	
320,196	-72,05	
320,454	10,38	
320,712	-163,24	
320,97	8,62	
321,228	-59,77	
321,486	-68,54	
321,744	-42,24	
322,002	-54,51	
322,26	108,58	
322,517	-77,31	
322,775	-98,35	
323,033	-149,21	
323,291	-21,19	
323,549	-122,91	
323,806	-100,11	
324,064	75,26	
324,322	54,22	
324,58	75,26	
324,837	-115,89	
325,095	-61,53	
325,353	289,22	
325,61	-19,44	
325,868	205,04	
326,126	-224,62	
326,383	182,24	
326,641	-168,5	
326,898	-59,77	
327,156	140,15	
327,413	110,34	
327,671	92,8	
327,928	-5,41	
328,186	87,54	
328,443	-149,21	
328,701	-15,93	
328,958	-179,03	
329,216	41,94	
329,473	129,63	
329,731	-173,77	
329,988	306,76	
330,245	-52,76	
330,503	-79,06	
330,76	27,91	
331,017	-35,22	
331,275	36,68	
331,532	66,5	
331,789	103,32	
332,047	-8,91	
332,304	-107,12	
332,561	540	
332,818	-10,67	
333,076	-47,5	
333,333	113,85	
333,59	19,14	
333,847	229,59	
334,104	266,42	
334,361	266,42	
334,618	-59,77	
334,876	198,02	
335,133	-100,11	
335,39	36,68	
335,647	-152,72	
335,904	-80,82	
336,161	-224,62	
336,418	-75,56	
336,675	-84,33	
336,932	20,9	
337,189	357,61	
337,446	15,64	
337,703	133,14	
337,96	12,13	
338,216	-152,72	
338,473	-93,09	
338,73	-189,55	
338,987	-93,09	
339,244	-156,23	
339,501	210,3	
339,757	-191,3	
340,014	-194,81	
340,271	19,14	
340,528	124,37	
340,785	268,17	
341,041	-68,54	
341,298	213,81	
341,555	-72,05	
341,811	-247,42	
342,068	45,45	
342,325	-105,37	
342,581	59,48	
342,838	236,61	
343,094	173,47	
343,351	-94,85	
343,608	-82,57	
343,864	136,64	
344,121	-68,54	
344,377	43,7	
344,634	392,69	
344,89	87,54	
345,147	-108,88	
345,403	-24,7	
345,66	91,05	
345,916	-180,78	
346,172	-73,8	
346,429	143,66	
346,685	-14,18	
346,942	-51	
347,198	-119,4	
347,454	-119,4	
347,711	24,41	
347,967	50,71	
348,223	-93,09	
348,48	-15,93	
348,736	-145,71	
348,992	-24,7	
349,248	91,05	
349,504	-29,96	
349,761	1,61	
350,017	-52,76	
350,273	-126,41	
350,529	-96,6	
350,785	134,89	
351,041	-231,64	
351,297	-42,24	
351,554	-110,63	
351,81	-298,28	
352,066	-70,3	
352,322	-79,06	
352,578	657,5	
352,834	-112,38	
353,09	129,63	
353,346	-29,96	
353,602	131,38	
353,858	-159,74	
354,114	-121,15	
354,369	17,39	
354,625	-8,91	
354,881	-152,72	
355,137	84,03	
355,393	-229,88	
355,649	-147,46	
355,905	-173,77	
356,16	-101,86	
356,416	127,88	
356,672	-122,91	
356,928	-58,02	
357,183	24,41	
357,439	-231,64	
357,695	-45,74	
357,951	-28,21	
358,206	96,31	
358,462	66,5	
358,718	-135,18	
358,973	66,5	
359,229	-54,51	
359,484	-75,56	
359,74	-115,89	
359,996	33,17	
360,251	27,91	
360,507	-154,47	
360,762	-0,15	
361,018	55,97	
361,273	-15,93	
361,529	-247,42	
361,784	387,43	
362,04	-100,11	
362,295	-40,48	
362,55	-198,32	
362,806	15,64	
363,061	55,97	
363,316	-107,12	
363,572	105,08	
363,827	-131,68	
364,082	283,96	
364,338	15,64	
364,593	-107,12	
364,848	240,11	
365,104	-189,55	
365,359	-38,73	
365,614	-147,46	
365,869	82,28	
366,124	-84,33	
366,38	134,89	
366,635	136,64	
366,89	120,86	
367,145	22,65	
367,4	75,26	
367,655	-10,67	
367,91	-273,73	
368,165	13,88	
368,42	13,88	
368,675	131,38	
368,93	-38,73	
369,185	404,96	
369,44	-65,03	
369,695	33,17	
369,95	-29,96	
370,205	-119,4	
370,46	22,65	
370,715	152,43	
370,97	61,23	
371,225	229,59	
371,48	134,89	
371,734	-28,21	
371,989	40,19	
372,244	-275,48	
372,499	68,25	
372,754	206,79	
373,008	-415,78	
373,263	-75,56	
373,518	243,62	
373,773	-61,53	
374,027	-49,25	
374,282	-26,45	
374,537	119,11	
374,791	205,04	
375,046	157,69	
375,301	201,53	
375,555	143,66	
375,81	-131,68	
376,064	77,02	
376,319	66,5	
376,573	-103,62	
376,828	-301,79	
377,082	-175,52	
377,337	261,16	
377,591	-157,98	
377,846	-126,41	
378,1	113,85	
378,355	89,29	
378,609	213,81	
378,863	-77,31	
379,118	117,35	
379,372	-105,37	
379,627	61,23	
379,881	154,18	
380,135	152,43	
380,389	-72,05	
380,644	-166,75	
380,898	240,11	
381,152	-208,84	
381,407	-131,68	
381,661	29,67	
381,915	164,7	
382,169	31,42	
382,423	73,51	
382,677	-154,47	
382,932	220,82	
383,186	20,9	
383,44	-101,86	
383,694	-354,4	
383,948	-15,93	
384,202	70	
384,456	-15,93	
384,71	-101,86	
384,964	-7,16	
385,218	141,91	
385,472	92,8	
385,726	64,74	
385,98	94,56	
386,234	-65,03	
386,488	-112,38	
386,742	13,88	
386,996	185,75	
387,249	59,48	
387,503	359,37	
387,757	-82,57	
388,011	8,62	
388,265	147,17	
388,518	3,36	
388,772	20,9	
389,026	-70,3	
389,28	-129,92	
389,533	64,74	
389,787	182,24	
390,041	-58,02	
390,295	-282,5	
390,548	-52,76	
390,802	-35,22	
391,055	43,7	
391,309	145,41	
391,563	-131,68	
391,816	161,2	
392,07	166,46	
392,323	112,09	
392,577	145,41	
392,83	91,05	
393,084	-142,2	
393,337	-96,6	
393,591	359,37	
393,844	-51	
394,098	-40,48	
394,351	-72,05	
394,604	290,97	
394,858	171,72	
395,111	-36,97	
395,364	10,38	
395,618	47,2	
395,871	-70,3	
396,124	210,3	
396,378	134,89	
396,631	168,21	
396,884	615,41	
397,137	278,7	
397,391	131,38	
397,644	129,63	
397,897	510,19	
398,15	282,2	
398,403	240,11	
398,657	176,98	
398,91	217,32	
399,163	-177,27	
399,416	171,72	
399,669	-108,88	
399,922	-42,24	
400,175	47,2	
400,428	1,61	
400,681	-249,18	
400,934	-122,91	
401,187	96,31	
401,44	29,67	
401,693	-49,25	
401,946	34,93	
402,199	319,03	
402,452	184	
402,704	-56,27	
402,957	71,76	
403,21	40,19	
403,463	-45,74	
403,716	-203,58	
403,969	15,64	
404,221	20,9	
404,474	173,47	
404,727	91,05	
404,98	303,25	
405,232	41,94	
405,485	43,7	
405,738	54,22	
405,99	-229,88	
406,243	168,21	
406,496	-303,54	
406,748	55,97	
407,001	92,8	
407,253	-63,28	
407,506	22,65	
407,759	148,92	
408,011	-72,05	
408,264	269,93	
408,516	198,02	
408,769	161,2	
409,021	126,12	
409,274	180,49	
409,526	315,52	
409,778	91,05	
410,031	303,25	
410,283	461,08	
410,536	68,25	
410,788	50,71	
411,04	201,53	
411,293	-49,25	
411,545	68,25	
411,797	-254,44	
412,049	199,78	
412,302	278,7	
412,554	-100,11	
412,806	359,37	
413,058	173,47	
413,311	283,96	
413,563	71,76	
413,815	169,97	
414,067	213,81	
414,319	443,55	
414,571	-112,38	
414,823	55,97	
415,075	220,82	
415,328	122,61	
415,58	189,26	
415,832	43,7	
416,084	443,55	
416,336	389,18	
416,588	52,47	
416,84	-5,41	
417,091	252,39	
417,343	192,76	
417,595	91,05	
417,847	94,56	
418,099	382,17	
418,351	254,14	
418,603	-186,04	
418,855	33,17	
419,106	178,73	
419,358	434,78	
419,61	129,63	
419,862	382,17	
420,114	201,53	
420,365	497,91	
420,617	289,22	
420,869	547,02	
421,12	45,45	
421,372	401,46	
421,624	303,25	
421,875	420,75	
422,127	492,65	
422,379	354,11	
422,63	294,48	
422,882	396,2	
423,133	327,8	
423,385	287,46	
423,636	262,91	
423,888	257,65	
424,139	473,36	
424,391	341,83	
424,642	50,71	
424,894	224,33	
425,145	475,11	
425,396	220,82	
425,648	366,38	
425,899	182,24	
426,151	443,55	
426,402	317,28	
426,653	147,17	
426,905	375,15	
427,156	573,32	
427,407	427,76	
427,658	739,93	
427,91	513,7	
428,161	382,17	
428,412	303,25	
428,663	601,38	
428,914	283,96	
429,166	297,99	
429,417	753,96	
429,668	238,36	
429,919	671,53	
430,17	532,99	
430,421	525,97	
430,672	445,3	
430,923	296,23	
431,174	517,2	
431,425	436,53	
431,676	345,34	
431,927	627,69	
432,178	746,94	
432,429	541,76	
432,68	750,45	
432,931	732,91	
433,182	739,93	
433,433	455,82	
433,683	259,41	
433,934	541,76	
434,185	757,46	
434,436	782,02	
434,687	703,1	
434,937	685,56	
435,188	813,58	
435,439	832,87	
435,69	617,17	
435,94	908,28	
436,191	790,78	
436,442	853,92	
436,692	983,69	
436,943	1152,05	
437,194	873,21	
437,444	1001,23	
437,695	1067,87	
437,945	789,03	
438,196	799,55	
438,447	1118,73	
438,697	955,63	
438,948	852,16	
439,198	925,82	
439,449	1123,99	
439,699	1118,73	
439,949	1325,67	
440,2	1006,49	
440,45	1074,89	
440,701	1080,15	
440,951	1024,03	
441,201	1474,74	
441,452	1536,12	
441,702	1399,33	
441,952	1109,96	
442,203	1432,65	
442,453	1297,61	
442,703	1478,25	
442,953	1122,24	
443,204	1357,24	
443,454	1567,69	
443,704	1622,05	
443,954	1453,69	
444,204	1930,71	
444,455	1753,58	
444,705	1830,74	
444,955	1841,27	
445,205	1771,12	
445,455	1855,3	
445,705	1895,63	
445,955	1951,75	
446,205	1890,37	
446,455	2167,46	
446,705	2093,8	
446,955	2276,19	
447,205	1893,88	
447,455	2199,03	
447,705	2235,85	
447,955	2391,94	
448,205	2511,19	
448,454	2593,62	
448,704	2476,12	
448,954	2530,48	
449,204	2418,24	
449,454	2835,63	
449,704	2576,08	
449,953	2804,06	
450,203	2951,38	
450,453	2912,79	
450,703	2714,62	
450,952	2904,02	
451,202	3102,2	
451,452	2765,48	
451,701	2893,5	
451,951	3379,28	
452,201	3242,49	
452,45	3454,69	
452,7	3181,11	
452,949	3188,13	
453,199	3519,58	
453,448	3110,96	
453,698	3226,71	
453,947	3384,55	
454,197	3251,26	
454,446	3572,19	
454,696	3300,37	
454,945	3407,34	
455,195	3367,01	
455,444	3566,93	
455,693	3577,46	
455,943	3335,44	
456,192	3488,02	
456,442	3263,54	
456,691	3594,99	
456,94	3337,2	
457,189	3556,41	
457,439	3430,14	
457,688	3132,01	
457,937	3188,13	
458,186	3189,88	
458,436	3551,15	
458,685	3281,08	
458,934	3174,1	
459,183	3198,65	
459,432	3540,63	
459,681	3040,82	
459,93	3386,3	
460,179	3314,4	
460,429	3147,79	
460,678	3056,6	
460,927	2851,41	
461,176	3095,18	
461,425	3233,73	
461,674	3039,06	
461,923	2972,42	
462,172	3146,04	
462,42	3149,55	
462,669	2783,02	
462,918	2763,73	
463,167	3442,42	
463,416	3254,77	
463,665	2905,78	
463,914	3123,24	
464,162	2776	
464,411	3288,09	
464,66	3267,05	
464,909	2907,53	
465,158	2823,35	
465,406	3116,23	
465,655	2832,12	
465,904	2768,99	
466,152	2949,62	
466,401	3132,01	
466,65	2925,07	
466,898	2744,44	
467,147	2856,67	
467,395	3030,29	
467,644	2918,05	
467,893	3042,57	
468,141	2942,61	
468,39	2925,07	
468,638	2674,29	
468,887	2842,64	
469,135	2790,03	
469,384	3051,34	
469,632	3060,11	
469,88	2918,05	
470,129	2995,22	
470,377	3007,49	
470,626	2733,91	
470,874	2791,79	
471,122	2937,35	
471,371	3014,51	
471,619	2856,67	
471,867	2698,84	
472,115	2856,67	
472,364	2526,97	
472,612	2716,38	
472,86	2823,35	
473,108	3014,51	
473,356	2826,86	
473,605	2651,49	
473,853	2956,64	
474,101	2644,47	
474,349	3074,14	
474,597	3074,14	
474,845	2965,41	
475,093	2711,11	
475,341	2870,7	
475,589	3237,23	
475,837	3009,25	
476,085	2891,75	
476,333	3153,05	
476,581	2914,55	
476,829	3012,76	
477,077	3154,81	
477,325	3110,96	
477,573	2875,97	
477,821	2837,38	
478,069	2847,91	
478,317	3095,18	
478,564	2897,01	
478,812	3063,61	
479,06	3023,28	
479,308	3091,67	
479,555	3040,82	
479,803	3407,34	
480,051	2744,44	
480,299	3214,43	
480,546	3102,2	
480,794	3524,84	
481,042	3189,88	
481,289	3345,96	
481,537	3167,08	
481,784	3265,29	
482,032	3479,25	
482,28	3691,45	
482,527	3147,79	
482,775	3251,26	
483,022	3331,93	
483,27	3814,21	
483,517	3605,52	
483,765	3617,79	
484,012	3605,52	
484,259	3523,09	
484,507	3526,6	
484,754	3908,91	
485,002	3680,93	
485,249	3859,81	
485,496	3689,69	
485,744	4161,45	
485,991	3984,32	
486,238	3922,94	
486,486	3970,29	
486,733	4291,22	
486,98	4226,33	
487,227	4459,58	
487,474	4205,29	
487,722	4042,19	
487,969	4143,91	
488,216	4482,38	
488,463	4726,15	
488,71	4289,47	
488,957	4398,2	
489,204	4848,91	
489,451	4561,3	
489,699	4740,18	
489,946	4682,3	
490,193	4866,44	
490,44	4784,02	
490,687	4917,3	
490,934	5006,74	
491,18	4987,45	
491,427	5280,32	
491,674	4985,7	
491,921	5027,79	
492,168	5031,29	
492,415	5192,64	
492,662	5129,5	
492,909	5133,01	
493,155	5262,79	
493,402	5404,84	
493,649	5022,53	
493,896	5099,69	
494,142	5666,14	
494,389	5713,49	
494,636	5513,57	
494,883	5599,5	
495,129	5802,93	
495,376	5985,32	
495,623	5745,06	
495,869	5936,22	
496,116	6011,63	
496,362	6169,46	
496,609	6148,42	
496,855	6202,78	
497,102	5867,82	
497,348	6076,52	
497,595	6558,79	
497,841	6151,93	
498,088	6411,48	
498,334	6509,69	
498,581	6506,18	
498,827	6686,81	
499,074	6806,07	
499,32	6879,72	
499,566	6837,63	
499,813	6888,49	
500,059	7060,36	
500,305	7505,8	
500,552	7640,84	
500,798	7097,18	
501,044	7377,78	
501,29	7193,64	
501,537	7658,38	
501,783	7491,77	
502,029	7556,66	
502,275	7490,02	
502,521	7754,83	
502,767	7949,5	
503,013	8135,39	
503,26	8480,87	
503,506	8044,2	
503,752	8077,52	
503,998	8417,74	
504,244	8570,31	
504,49	8359,87	
504,736	8766,73	
504,982	8515,95	
505,228	8479,12	
505,474	9103,45	
505,72	9135,01	
505,966	8794,79	
506,211	9096,43	
506,457	9289,34	
506,703	9829,49	
506,949	9305,13	
507,195	9548,89	
507,441	9682,18	
507,686	9754,08	
507,932	10262,66	
508,178	10174,97	
508,424	10497,66	
508,669	10171,47	
508,915	10346,84	
509,161	10836,13	
509,406	10855,42	
509,652	10701,09	
509,898	11074,64	
510,143	10797,55	
510,389	11316,65	
510,634	11227,21	
510,88	11907,66	
511,125	11214,93	
511,371	12076,01	
511,616	12026,91	
511,862	12132,13	
512,107	11925,19	
512,353	12302,24	
512,598	12328,55	
512,844	12784,52	
513,089	12833,62	
513,335	12786,27	
513,58	13042,32	
513,825	13030,04	
514,071	13317,65	
514,316	13307,13	
514,561	13726,27	
514,806	13868,32	
515,052	14141,9	
515,297	14152,43	
515,542	14003,36	
515,787	14220,82	
516,033	14518,95	
516,278	14571,57	
516,523	14703,1	
516,768	14699,59	
517,013	15162,57	
517,258	14813,58	
517,503	15544,88	
517,748	15290,59	
517,993	15204,66	
518,238	15839,51	
518,483	15767,61	
518,728	15928,95	
518,973	16241,11	
519,218	16200,78	
519,463	16518,2	
519,708	16651,49	
519,953	16707,6	
520,198	16533,99	
520,443	16881,22	
520,688	16918,05	
520,933	17037,31	
521,177	17472,23	
521,422	17317,9	
521,667	17253,01	
521,912	17409,1	
522,157	17507,3	
522,401	17805,44	
522,646	17665,14	
522,891	17908,91	
523,135	18033,42	
523,38	17963,27	
523,625	18228,09	
523,869	18101,82	
524,114	18349,09	
524,358	18882,23	
524,603	18377,15	
524,848	18606,89	
525,092	18603,38	
525,337	19001,48	
525,581	18443,79	
525,826	18636,7	
526,07	19048,83	
526,315	18948,87	
526,559	19218,94	
526,803	19350,47	
527,048	19702,97	
527,292	18950,62	
527,537	19532,86	
527,781	19229,46	
528,025	18996,22	
528,269	19594,24	
528,514	19066,37	
528,758	19417,11	
529,002	19424,13	
529,247	19773,12	
529,491	19652,11	
529,735	19702,97	
529,979	19443,42	
530,223	19555,66	
530,467	19482	
530,712	20227,33	
530,956	19552,15	
531,2	19930,95	
531,444	19724,01	
531,688	19624,05	
531,932	20220,32	
532,176	19806,44	
532,42	19669,65	
532,664	19759,09	
532,908	20381,66	
533,152	19592,48	
533,396	20188,75	
533,64	20274,68	
533,884	20137,89	
534,128	19638,08	
534,371	19822,22	
534,615	19874,83	
534,859	19894,13	
535,103	19699,46	
535,347	19911,66	
535,59	19695,95	
535,834	19774,87	
536,078	20039,68	
536,322	19690,69	
536,565	19757,33	
536,809	19815,21	
537,053	19888,86	
537,296	19327,67	
537,54	19471,48	
537,784	19375,02	
538,027	19829,24	
538,271	20290,47	
538,514	19168,08	
538,758	19320,66	
539,001	19748,57	
539,245	19482	
539,488	19375,02	
539,732	19725,77	
539,975	19325,92	
540,219	19599,5	
540,462	19543,38	
540,706	19460,96	
540,949	19306,63	
541,192	19401,33	
541,436	19036,55	
541,679	19264,54	
541,922	18883,98	
542,166	19083,9	
542,409	19190,88	
542,652	18591,11	
542,895	19034,8	
543,139	18854,17	
543,382	19213,68	
543,625	19001,48	
543,868	19248,75	
544,111	18645,47	
544,354	18843,64	
544,598	18941,85	
544,841	18440,29	
545,084	18833,12	
545,327	19113,72	
545,57	18592,86	
545,813	18550,77	
546,056	18285,96	
546,299	18356,11	
546,542	18359,62	
546,785	18392,94	
547,028	18670,02	
547,271	18254,39	
547,514	18159,69	
547,756	18392,94	
547,999	18307	
548,242	17849,28	
548,485	18080,77	
548,728	17970,29	
548,971	17780,89	
549,213	17938,72	
549,456	17968,53	
549,699	17614,28	
549,942	17451,18	
550,184	17686,18	
550,427	17726,52	
550,67	17873,83	
550,912	17605,51	
551,155	17338,95	
551,398	17470,48	
551,64	17486,26	
551,883	17377,53	
552,125	16942,6	
552,368	17275,81	
552,61	17028,54	
552,853	17651,11	
553,095	16975,92	
553,338	17109,21	
553,58	16749,69	
553,823	16975,92	
554,065	16790,03	
554,308	16889,99	
554,55	16430,52	
554,792	16840,89	
555,035	16479,62	
555,277	16414,73	
555,519	16556,78	
555,762	16404,21	
556,004	16430,52	
556,246	15769,36	
556,488	16339,32	
556,731	16141,15	
556,973	16137,64	
557,215	16127,12	
557,457	15848,28	
557,699	16221,82	
557,941	15869,32	
558,183	15800,93	
558,426	15546,64	
558,668	15671,15	
558,91	15741,3	
559,152	15716,75	
559,394	15615,03	
559,636	15373,02	
559,878	15129,25	
560,12	15550,15	
560,362	15453,69	
560,604	15353,73	
560,845	15032,8	
561,087	15399,32	
561,329	15325,67	
561,571	14911,79	
561,813	14971,42	
562,055	15297,61	
562,297	14787,27	
562,538	14932,83	
562,78	14890,74	
563,022	14896,01	
563,264	14729,4	
563,505	14838,13	
563,747	14283,95	
563,989	15185,37	
564,23	14682,05	
564,472	14550,52	
564,714	14503,17	
564,955	15025,78	
565,197	14217,31	
565,438	14606,64	
565,68	14296,23	
565,921	14454,07	
566,163	14445,3	
566,404	14708,36	
566,646	14496,16	
566,887	14438,28	
567,129	14510,19	
567,37	14166,46	
567,612	14410,22	
567,853	14471,6	
568,094	14383,92	
568,336	14885,48	
568,577	14678,54	
568,818	14317,28	
569,06	14459,33	
569,301	14503,17	
569,542	14357,61	
569,783	14355,86	
570,025	14273,43	
570,266	14510,19	
570,507	14513,69	
570,748	14073,51	
570,989	13970,04	
571,23	13999,85	
571,472	14026,16	
571,713	13968,28	
571,954	13661,38	
572,195	14054,22	
572,436	13894,63	
572,677	13429,89	
572,918	13366,76	
573,159	13559,67	
573,4	13521,08	
573,641	13087,91	
573,882	13461,46	
574,123	13251,01	
574,364	12856,42	
574,604	13100,19	
574,845	13000,23	
575,086	12642,47	
575,327	12723,14	
575,568	12975,68	
575,809	12430,27	
576,049	12851,16	
576,29	12489,89	
576,531	12319,78	
576,771	12242,62	
577,012	12207,54	
577,253	12232,1	
577,494	12069	
577,734	12219,82	
577,975	11311,39	
578,215	12230,34	
578,456	11477,99	
578,697	11851,54	
578,937	11642,84	
579,178	11458,7	
579,418	11399,08	
579,659	11290,34	
579,899	11132,51	
580,14	11649,86	
580,38	11413,1	
580,62	11158,81	
580,861	11076,39	
581,101	10871,2	
581,342	11169,34	
581,582	11046,58	
581,822	10899,26	
582,063	10590,61	
582,303	10678,29	
582,543	10543,26	
582,783	10474,86	
583,024	10260,91	
583,264	10169,71	
583,504	10111,84	
583,744	10015,39	
583,984	10153,93	
584,224	10492,4	
584,465	10285,46	
584,705	9911,92	
584,945	9854,04	
585,185	9469,98	
585,425	9955,76	
585,665	10024,15	
585,905	9633,07	
586,145	9731,28	
586,385	9885,61	
586,625	9932,96	
586,865	9759,34	
587,105	9066,62	
587,345	9596,24	
587,585	9406,84	
587,824	9099,94	
588,064	9245,5	
588,304	9112,22	
588,544	9198,15	
588,784	9310,39	
589,024	9031,54	
589,263	8731,66	
589,503	8668,52	
589,743	8957,89	
589,982	8417,74	
590,222	8835,13	
590,462	8535,24	
590,701	8226,58	
590,941	8363,37	
591,181	8542,25	
591,42	8400,2	
591,66	8359,87	
591,899	8233,6	
592,139	8119,61	
592,378	8096,81	
592,618	7916,17	
592,857	8002,11	
593,097	7970,54	
593,336	8154,68	
593,576	7951,25	
593,815	8098,56	
594,055	7763,6	
594,294	7730,28	
594,533	8067	
594,773	7814,46	
595,012	7898,64	
595,251	8237,11	
595,491	8051,21	
595,73	7823,23	
595,969	7661,88	
596,208	7739,05	
596,447	7832	
596,687	7700,47	
596,926	7505,8	
597,165	7656,62	
597,404	7558,41	
597,643	7505,8	
597,882	7511,06	
598,121	7553,15	
598,36	7425,13	
598,599	7698,71	
598,838	7672,41	
599,077	7956,51	
599,316	7798,67	
599,555	7498,79	
599,794	7344,46	
600,033	7984,57	
600,272	7397,07	
600,511	7237,48	
600,75	7079,65	
600,989	7525,09	
601,228	7193,64	
601,466	6881,48	
601,705	7163,83	
601,944	7316,4	
602,183	7223,45	
602,422	6948,12	
602,66	6935,84	
602,899	7284,83	
603,138	6844,65	
603,376	7062,11	
603,615	7204,16	
603,854	6991,96	
604,092	6330,81	
604,331	6756,96	
604,569	6844,65	
604,808	6616,66	
605,047	6613,16	
605,285	6390,43	
605,524	6439,54	
605,762	6679,8	
606	6393,94	
606,239	6171,22	
606,477	6521,96	
606,716	6339,57	
606,954	6250,13	
607,193	6018,64	
607,431	6069,5	
607,669	6027,41	
607,908	6132,63	
608,146	5869,58	
608,384	5925,7	
608,622	5839,76	
608,861	5688,94	
609,099	5769,61	
609,337	5687,19	
609,575	5939,73	
609,813	5755,58	
610,052	5550,4	
610,29	5380,29	
610,528	5466,22	
610,766	5231,22	
611,004	5162,82	
611,242	5408,35	
611,48	5080,4	
611,718	5527,6	
611,956	5196,15	
612,194	4954,13	
612,432	5087,41	
612,67	5134,76	
612,908	4985,7	
613,146	5118,98	
613,384	5239,99	
613,621	4784,02	
613,859	4694,58	
614,097	4975,18	
614,335	4754,21	
614,573	4929,58	
614,811	4905,03	
615,048	4808,57	
615,286	4559,54	
615,524	4778,76	
615,761	4694,58	
615,999	4784,02	
616,237	4633,2	
616,474	4901,52	
616,712	4299,99	
616,95	4654,24	
617,187	4547,27	
617,425	4689,32	
617,662	4214,06	
617,9	4547,27	
618,137	4468,35	
618,375	4468,35	
618,612	4338,57	
618,85	4322,79	
619,087	4440,29	
619,325	4108,83	
619,562	4442,04	
619,799	4215,81	
620,037	4359,62	
620,274	4312,27	
620,511	4189,51	
620,749	4261,41	
620,986	4287,71	
621,223	4142,16	
621,461	4210,55	
621,698	3879,1	
621,935	3672,16	
622,172	3882,6	
622,409	4264,92	
622,647	4264,92	
622,884	4038,69	
623,121	3889,62	
623,358	3844,02	
623,595	3796,67	
623,832	3880,85	
624,069	3982,57	
624,306	3651,11	
624,543	3680,93	
624,78	3665,14	
625,017	3707,23	
625,254	3905,4	
625,491	3647,6	
625,728	3512,57	
625,965	3945,74	
626,202	3605,52	
626,438	3621,3	
626,675	3684,43	
626,912	3596,75	
627,149	3573,95	
627,386	3803,69	
627,622	3454,69	
627,859	3542,38	
628,096	3884,36	
628,333	3619,55	
628,569	3510,81	
628,806	3577,46	
629,043	3502,05	
629,279	3656,37	
629,516	3277,57	
629,752	3409,1	
629,989	3435,4	
630,225	3286,34	
630,462	3405,59	
630,699	3409,1	
630,935	3140,78	
631,171	3077,64	
631,408	3251,26	
631,644	3184,62	
631,881	3003,99	
632,117	3003,99	
632,354	3207,42	
632,59	3223,2	
632,826	3238,99	
633,063	3317,9	
633,299	2868,95	
633,535	3163,58	
633,771	2868,95	
634,008	3109,21	
634,244	2930,33	
634,48	3046,08	
634,716	2825,11	
634,953	2930,33	
635,189	2700,59	
635,425	2863,69	
635,661	2833,88	
635,897	2954,88	
636,133	2916,3	
636,369	2874,21	
636,605	2897,01	
636,841	2779,51	
637,077	2602,38	
637,313	2653,24	
637,549	2923,32	
637,785	2779,51	
638,021	2637,46	
638,257	2797,05	
638,493	2553,28	
638,729	2702,35	
638,965	2788,28	
639,2	2804,06	
639,436	2470,85	
639,672	2677,79	
639,908	2455,07	
640,144	2325,29	
640,379	2558,54	
640,615	2581,34	
640,851	2541	
641,086	2404,21	
641,322	2349,85	
641,558	2590,11	
641,793	2320,03	
642,029	2595,37	
642,264	2127,12	
642,5	2712,87	
642,736	2518,2	
642,971	2200,78	
643,207	2495,41	
643,442	2121,86	
643,678	2790,03	
643,913	2558,54	
644,148	2137,65	
644,384	2386,68	
644,619	2472,61	
644,855	2242,87	
645,09	2393,69	
645,325	2295,48	
645,561	2002,61	
645,796	1988,58	
646,031	2106,08	
646,266	1988,58	
646,502	2451,56	
646,737	1848,28	
646,972	1897,39	
647,207	2100,82	
647,442	1967,53	
647,678	2227,09	
647,913	2402,46	
648,148	2034,18	
648,383	2023,65	
648,618	2013,13	
648,853	2009,62	
649,088	1890,37	
649,323	1920,18	
649,558	2223,58	
649,793	1828,99	
650,028	2002,61	
650,263	2002,61	
650,498	1951,75	
650,733	1730,78	
650,968	2049,96	
651,202	1834,25	
651,437	2058,73	
651,672	2206,04	
651,907	1839,51	
652,142	1834,25	
652,376	2037,68	
652,611	2044,7	
652,846	2051,71	
653,081	1707,98	
653,315	1767,61	
653,55	1715	
653,785	1613,28	
654,019	1739,55	
654,254	1490,52	
654,488	1692,2	
654,723	1802,68	
654,958	1457,2	
655,192	1667,65	
655,427	1557,16	
655,661	1718,51	
655,896	1800,93	
656,13	1818,47	
656,364	1755,33	
656,599	1625,56	
656,833	1650,11	
657,068	1671,16	
657,302	1525,6	
657,536	1876,34	
657,771	1467,72	
658,005	1658,88	
658,239	1209,93	
658,474	1402,83	
658,708	1448,43	
658,942	1374,78	
659,176	1686,94	
659,41	1911,42	
659,645	1927,2	
659,879	1315,15	
660,113	1422,13	
660,347	2574,32	
660,581	1686,94	
660,815	1425,63	
661,049	1195,9	
661,283	1681,68	
661,517	1464,22	
661,751	1483,51	
661,985	1230,97	
662,219	1301,12	
662,453	1281,83	
662,687	1159,07	
662,921	1188,88	
663,155	1357,24	
663,389	1371,27	
663,622	1148,54	
663,856	1160,82	
664,09	1129,25	
664,324	1332,69	
664,558	1336,19	
664,791	1215,19	
665,025	1013,51	
665,259	1190,63	
665,492	969,66	
665,726	1160,82	
665,96	1122,24	
666,193	1409,85	
666,427	1141,53	
666,661	1437,91	
666,894	908,28	
667,128	1057,35	
667,361	1323,92	
667,595	1106,46	
667,828	1432,65	
668,062	1223,95	
668,295	853,92	
668,529	1257,28	
668,762	1183,62	
668,995	1202,91	
669,229	1325,67	
669,462	1201,16	
669,695	950,37	
669,929	1176,6	
670,162	932,84	
670,395	966,16	
670,629	985,45	
670,862	1202,91	
671,095	955,63	
671,328	881,98	
671,561	1008,25	
671,795	1055,6	
672,028	1038,06	
672,261	838,14	
672,494	941,6	
672,727	1113,47	
672,96	1066,12	
673,193	1071,38	
673,426	908,28	
673,659	978,43	
673,892	1029,29	
674,125	888,99	
674,358	1092,43	
674,591	708,36	
674,824	936,34	
675,057	780,26	
675,29	1057,35	
675,523	874,96	
675,755	1113,47	
675,988	1059,1	
676,221	904,78	
676,454	1162,57	
676,687	874,96	
676,919	1285,34	
677,152	948,62	
677,385	734,67	
677,617	731,16	
677,85	871,46	
678,083	813,58	
678,315	680,3	
678,548	713,62	
678,78	792,54	
679,013	1006,49	
679,246	769,74	
679,478	832,87	
679,711	1131,01	
679,943	952,13	
680,175	1024,03	
680,408	780,26	
680,64	804,81	
680,873	771,49	
681,105	955,63	
681,338	815,34	
681,57	732,91	
681,802	836,38	
682,034	678,55	
682,267	792,54	
682,499	796,05	
682,731	796,05	
682,964	1069,63	
683,196	675,04	
683,428	896,01	
683,66	722,39	
683,892	1146,79	
684,124	673,28	
684,356	838,14	
684,589	710,11	
684,821	1053,84	
685,053	592,61	
685,285	710,11	
685,517	662,76	
685,749	803,06	
685,981	803,06	
686,213	599,63	
686,445	532,99	
686,676	469,85	
686,908	767,99	
687,14	610,15	
687,372	1234,48	
687,604	822,35	
687,836	1036,31	
688,068	666,27	
688,299	618,92	
688,531	671,53	
688,763	525,97	
688,995	857,43	
689,226	597,87	
689,458	631,2	
689,69	850,41	
689,921	559,29	
690,153	655,75	
690,384	634,7	
690,616	548,77	
690,848	641,72	
691,079	576,83	
691,311	711,87	
691,542	617,17	
691,774	462,84	
692,005	592,61	
692,237	908,28	
692,468	501,42	
692,699	787,28	
692,931	541,76	
693,162	515,45	
693,393	354,11	
693,625	466,35	
693,856	536,49	
694,087	494,4	
694,319	603,14	
694,55	634,7	
694,781	354,11	
695,012	497,91	
695,243	350,6	
695,475	843,4	
695,706	862,69	
695,937	333,06	
696,168	710,11	
696,399	499,67	
696,63	315,52	
696,861	433,02	
697,092	445,3	
697,323	547,02	
697,554	540	
697,785	625,93	
698,016	485,64	
698,247	368,14	
698,478	443,55	
698,709	268,17	
698,94	389,18	
699,171	536,49	
699,401	750,45	
699,632	305	
699,863	417,24	
700,094	361,12	
700,325	420,75	
700,555	892,5	
700,786	767,99	
701,017	518,96	
701,247	480,37	
701,478	545,26	
701,709	378,66	
701,939	561,05	
702,17	653,99	
702,401	522,46	
702,631	653,99	
702,862	296,23	
703,092	496,16	
703,323	238,36	
703,553	452,32	
703,784	557,54	
704,014	536,49	
704,244	478,62	
704,475	650,49	
704,705	375,15	
704,936	459,33	
705,166	448,81	
705,396	147,17	
705,627	646,98	
705,857	550,52	
706,087	375,15	
706,317	176,98	
706,548	299,74	
706,778	599,63	
707,008	504,93	
707,238	231,35	
707,468	259,41	
707,698	180,49	
707,928	480,37	
708,158	334,82	
708,389	334,82	
708,619	408,47	
708,849	376,91	
709,079	329,55	
709,309	541,76	
709,539	440,04	
709,768	368,14	
709,998	64,74	
710,228	261,16	
710,458	245,38	
710,688	331,31	
710,918	245,38	
711,148	217,32	
711,378	319,03	
711,607	166,46	
711,837	248,88	
712,067	236,61	
712,297	176,98	
712,526	189,26	
712,756	268,17	
712,986	175,23	
713,215	275,19	
713,445	431,27	
713,674	127,88	
713,904	305	
714,134	155,94	
714,363	283,96	
714,593	248,88	
714,822	133,14	
715,052	283,96	
715,281	378,66	
715,511	315,52	
715,74	269,93	
715,969	341,83	
716,199	515,45	
716,428	106,83	
716,657	191,01	
716,887	364,63	
717,116	173,47	
717,345	217,32	
717,575	392,69	
717,804	147,17	
718,033	12,13	
718,262	117,35	
718,492	176,98	
718,721	327,8	
718,95	57,73	
719,179	289,22	
719,408	78,77	
719,637	38,44	
719,866	201,53	
720,095	136,64	
720,324	343,58	
720,553	143,66	
720,782	248,88	
721,011	212,05	
721,24	147,17	
721,469	8,62	
721,698	-21,19	
721,927	161,2	
722,156	315,52	
722,385	194,52	
722,613	-80,82	
722,842	310,26	
723,071	-96,6	
723,3	184	
723,529	341,83	
723,757	80,53	
723,986	-91,34	
724,215	-3,65	
724,443	84,03	
724,672	113,85	
724,901	27,91	
725,129	-33,47	
725,358	98,06	
725,586	-107,12	
725,815	171,72	
726,043	327,8	
726,272	196,27	
726,5	317,28	
726,729	145,41	
726,957	122,61	
727,186	159,44	
727,414	85,79	
727,642	-77,31	
727,871	341,83	
728,099	336,57	
728,327	176,98	
728,556	175,23	
728,784	485,64	
729,012	-233,39	
729,241	257,65	
729,469	-21,19	
729,697	-100,11	
729,925	238,36	
730,153	40,19	
730,381	-240,41	
730,61	57,73	
730,838	169,97	
731,066	50,71	
731,294	134,89	
731,522	134,89	
731,75	59,48	
731,978	238,36	
732,206	133,14	
732,434	-161,49	
732,662	189,26	
732,89	122,61	
733,118	-1,9	
733,346	292,73	
733,573	240,11	
733,801	173,47	
734,029	62,99	
734,257	-180,78	
734,485	68,25	
734,712	38,44	
734,94	78,77	
735,168	-54,51	
735,396	185,75	
735,623	26,16	
735,851	196,27	
736,078	41,94	
736,306	-66,79	
736,534	-108,88	
736,761	-96,6	
736,989	236,61	
737,216	47,2	
737,444	596,12	
737,671	122,61	
737,899	497,91	
738,126	212,05	
738,354	-208,84	
738,581	359,37	
738,809	45,45	
739,036	-47,5	
739,263	199,78	
739,491	66,5	
739,718	259,41	
739,945	59,48	
740,173	6,87	
740,4	-73,8	
740,627	41,94	
740,854	-72,05	
741,081	196,27	
741,309	362,88	
741,536	-14,18	
741,763	-65,03	
741,99	82,28	
742,217	61,23	
742,444	-205,33	
742,671	173,47	
742,898	-103,62	
743,125	-8,91	
743,352	583,84	
743,579	250,64	
743,806	-89,59	
744,033	-24,7	
744,26	71,76	
744,487	178,73	
744,714	-135,18	
744,941	59,48	
745,167	91,05	
745,394	-14,18	
745,621	371,64	
745,848	92,8	
746,075	203,29	
746,301	99,82	
746,528	-187,79	
746,755	-145,71	
746,981	80,53	
747,208	-12,42	
747,435	283,96	
747,661	164,7	
747,888	-63,28	
748,114	94,56	
748,341	245,38	
748,567	308,51	
748,794	-112,38	
749,02	43,7	
749,247	147,17	
749,473	169,97	
749,7	503,17	
749,926	373,4	
750,152	-133,43	
750,379	408,47	
750,605	245,38	
750,831	110,34	
751,058	129,63	
751,284	103,32	
751,51	-94,85	
751,737	166,46	
751,963	240,11	
752,189	-207,09	
752,415	-40,48	
752,641	-73,8	
752,867	-29,96	
753,094	87,54	
753,32	-0,15	
753,546	319,03	
753,772	-91,34	
753,998	103,32	
754,224	-115,89	
754,45	117,35	
754,676	-70,3	
754,902	236,61	
755,128	369,89	
755,354	27,91	
755,579	180,49	
755,805	-180,78	
756,031	-19,44	
756,257	-124,66	
756,483	-93,09	
756,709	236,61	
756,934	210,3	
757,16	52,47	
757,386	147,17	
757,612	198,02	
757,837	75,26	
758,063	78,77	
758,289	119,11	
758,514	19,14	
758,74	147,17	
758,965	261,16	
759,191	115,6	
759,416	-145,71	
759,642	-61,53	
759,868	-198,32	
760,093	-17,68	
760,318	3,36	
760,544	-31,71	
760,769	-49,25	
760,995	-205,33	
761,22	-182,53	
761,445	357,61	
761,671	336,57	
761,896	-43,99	
762,121	-191,3	
762,347	-208,84	
762,572	348,85	
762,797	5,12	
763,022	117,35	
763,248	96,31	
763,473	164,7	
763,698	-43,99	
763,923	89,29	
764,148	-8,91	
764,373	208,55	
764,598	185,75	
764,823	215,56	
765,048	240,11	
765,273	338,32	
765,498	-58,02	
765,723	133,14	
765,948	-15,93	
766,173	-21,19	
766,398	-193,06	
766,623	436,53	
766,848	-152,72	
767,073	-124,66	
767,298	68,25	
767,522	-87,83	
767,747	-52,76	
767,972	34,93	
768,197	52,47	
768,421	-128,17	
768,646	-108,88	
768,871	-136,94	
769,095	-8,91	
769,32	-66,79	
769,545	110,34	
769,769	-87,83	
769,994	-98,35	
770,218	-19,44	
770,443	-45,74	
770,667	-93,09	
770,892	55,97	
771,116	15,64	
771,341	168,21	
771,565	147,17	
771,79	-1,9	
772,014	-124,66	
772,238	-63,28	
772,463	43,7	
772,687	78,77	
772,911	-89,59	
773,136	185,75	
773,36	-1,9	
773,584	13,88	
773,808	129,63	
774,033	-10,67	
774,257	94,56	
774,481	-149,21	
774,705	54,22	
774,929	41,94	
775,153	112,09	
775,377	-136,94	
775,602	-215,85	
775,826	54,22	
776,05	29,67	
776,274	-159,74	
776,498	-101,86	
776,722	126,12	
776,945	96,31	
777,169	-256,19	
777,393	-84,33	
777,617	-24,7	
777,841	-72,05	
778,065	-47,5	
778,289	147,17	
778,512	159,44	
778,736	94,56	
778,96	-142,2	
779,184	140,15	
779,407	229,59	
779,631	68,25	
779,855	-105,37	
780,078	85,79	
780,302	68,25	
780,526	68,25	
780,749	-54,51	
780,973	-110,63	
781,196	150,67	
781,42	-8,91	
781,643	-121,15	
781,867	-119,4	
782,09	-3,65	
782,314	-263,21	
782,537	61,23	
782,76	-22,94	
782,984	61,23	
783,207	-329,85	
783,431	24,41	
783,654	-152,72	
783,877	-166,75	
784,1	-250,93	
784,324	159,44	
784,547	38,44	
784,77	-228,13	
784,993	-70,3	
785,216	164,7	
785,44	-145,71	
785,663	66,5	
785,886	-168,5	
786,109	-43,99	
786,332	315,52	
786,555	-84,33	
786,778	-56,27	
787,001	-65,03	
787,224	-310,56	
787,447	-82,57	
787,67	-177,27	
787,893	-191,3	
788,116	-314,06	
788,339	-128,17	
788,561	-119,4	
788,784	-51	
789,007	-117,65	
789,23	238,36	
789,453	-61,53	
789,675	43,7	
789,898	64,74	
790,121	45,45	
790,344	148,92	
790,566	119,11	
790,789	-0,15	
791,012	13,88	
791,234	62,99	
791,457	108,58	
791,679	-124,66	
791,902	-75,56	
792,124	-243,91	
792,347	-366,67	
792,569	-165	
792,792	-157,98	
793,014	-179,03	
793,237	-10,67	
793,459	-215,85	
793,681	-28,21	
793,904	84,03	
794,126	-80,82	
794,348	-21,19	
794,571	213,81	
794,793	278,7	
795,015	-187,79	
795,237	-115,89	
795,46	-121,15	
795,682	-259,7	
795,904	-170,26	
796,126	-122,91	
796,348	378,66	
796,57	166,46	
796,792	96,31	
797,014	-33,47	
797,237	-105,37	
797,459	-159,74	
797,681	-61,53	
797,903	138,4	
798,124	-94,85	
798,346	113,85	
798,568	-84,33	
798,79	-28,21	
799,012	-131,68	
799,234	122,61	
799,456	-259,7	
799,678	-219,36	
799,899	257,65	
800,121	80,53	
800,343	319,03	
800,565	229,59	
800,786	257,65	
801,008	-100,11	
801,23	-263,21	
801,451	227,84	
801,673	1436,16	
801,895	-15,93	
802,116	282,2	
802,338	41,94	
802,559	66,5	
802,781	106,83	
803,002	184	
803,224	-94,85	
803,445	-47,5	
803,667	-91,34	
803,888	-45,74	
804,109	27,91	
804,331	94,56	
804,552	-21,19	
804,773	173,47	
804,995	-301,79	
805,216	89,29	
805,437	108,58	
805,658	54,22	
805,88	-142,2	
806,101	-156,23	
806,322	19,14	
806,543	17,39	
806,764	-58,02	
806,985	240,11	
807,207	78,77	
807,428	54,22	
807,649	45,45	
807,87	19,14	
808,091	59,48	
808,312	-172,01	
808,533	-121,15	
808,754	-172,01	
808,975	-8,91	
809,195	-161,49	
809,416	126,12	
809,637	-26,45	
809,858	-42,24	
810,079	-159,74	
810,3	-8,91	
810,52	134,89	
810,741	-31,71	
810,962	-282,5	
811,183	-150,97	
811,403	5,12	
811,624	157,69	
811,845	322,54	
812,065	233,1	
812,286	-129,92	
812,506	226,08	
812,727	-0,15	
812,948	-184,29	
813,168	-115,89	
813,389	-101,86	
813,609	213,81	
813,83	61,23	
814,05	-145,71	
814,27	-140,44	
814,491	27,91	
814,711	24,41	
814,931	-36,97	
815,152	20,9	
815,372	117,35	
815,592	-82,57	
815,813	31,42	
816,033	-173,77	
816,253	96,31	
816,473	201,53	
816,694	-217,61	
816,914	-77,31	
817,134	-24,7	
817,354	-43,99	
817,574	33,17	
817,794	173,47	
818,014	-243,91	
818,234	-329,85	
818,454	103,32	
818,674	145,41	
818,894	85,79	
819,114	-280,74	
819,334	15,64	
819,554	92,8	
819,774	-180,78	
819,994	-38,73	
820,214	-8,91	
820,433	84,03	
820,653	-0,15	
820,873	-42,24	
821,093	-70,3	
821,312	-149,21	
821,532	-51	
821,752	-222,87	
821,972	-226,38	
822,191	-321,08	
822,411	254,14	
822,63	-8,91	
822,85	112,09	
823,07	310,26	
823,289	-129,92	
823,509	-315,82	
823,728	33,17	
823,948	-75,56	
824,167	231,35	
824,387	87,54	
824,606	-142,2	
824,825	57,73	
825,045	34,93	
825,264	-114,14	
825,483	140,15	
825,703	-89,59	
825,922	-150,97	
826,141	92,8	
826,361	-194,81	
826,58	-156,23	
826,799	-207,09	
827,018	147,17	
827,237	-122,91	
827,456	-172,01	
827,676	-254,44	
827,895	94,56	
828,114	-198,32	
828,333	-73,8	
828,552	-210,59	
828,771	50,71	
828,99	73,51	
829,209	-121,15	
829,428	-133,43	
829,647	-22,94	
829,866	-105,37	
830,084	-200,07	
830,303	-1,9	
830,522	40,19	
830,741	194,52	
830,96	236,61	
831,179	66,5	
831,397	75,26	
831,616	29,67	
831,835	124,37	
832,053	75,26	
832,272	-94,85	
832,491	-26,45	
832,709	171,72	
832,928	-22,94	
833,147	-22,94	
833,365	-189,55	
833,584	-224,62	
833,802	24,41	
834,021	-26,45	
834,239	-86,08	
834,458	-135,18	
834,676	-103,62	
834,894	-245,67	
835,113	-80,82	
835,331	-26,45	
835,55	54,22	
835,768	66,5	
835,986	-226,38	
836,204	-66,79	
836,423	48,96	
836,641	-36,97	
836,859	94,56	
837,077	254,14	
837,296	105,08	
837,514	82,28	
837,732	-15,93	
837,95	-301,79	
838,168	-49,25	
838,386	-82,57	
838,604	-163,24	
838,822	-1,9	
839,04	36,68	
839,258	89,29	
839,476	-108,88	
839,694	92,8	
839,912	-177,27	
840,13	-291,26	
840,348	-40,48	
840,566	3,36	
840,783	-203,58	
841,001	-135,18	
841,219	-161,49	
841,437	269,93	
841,655	-193,06	
841,872	145,41	
842,09	57,73	
842,308	-86,08	
842,525	126,12	
842,743	115,6	
842,961	22,65	
843,178	-91,34	
843,396	71,76	
843,613	366,38	
843,831	-108,88	
844,048	241,87	
844,266	-8,91	
844,483	143,66	
844,701	-157,98	
844,918	-31,71	
845,136	-143,95	
845,353	-128,17	
845,57	154,18	
845,788	34,93	
846,005	217,32	
846,222	-203,58	
846,439	-79,06	
846,657	296,23	
846,874	-152,72	
847,091	47,2	
847,308	-26,45	
847,526	-138,69	
847,743	-210,59	
847,96	-256,19	
848,177	219,07	
848,394	-242,16	
848,611	-42,24	
848,828	36,68	
849,045	315,52	
849,262	-157,98	
849,479	-129,92	
849,696	131,38	
849,913	-17,68	
850,13	12,13	
850,347	34,93	
850,564	27,91	
850,78	57,73	
850,997	-3,65	
851,214	-61,53	
851,431	-142,2	
851,647	-114,14	
851,864	-129,92	
852,081	-270,22	
852,298	-10,67	
852,514	57,73	
852,731	85,79	
852,948	-354,4	
853,164	-301,79	
853,381	-259,7	
853,597	227,84	
853,814	-0,15	
854,03	-154,47	
854,247	-250,93	
854,463	-145,71	
854,68	-179,03	
854,896	-163,24	
855,113	-103,62	
855,329	126,12	
855,545	-294,77	
855,762	-14,18	
855,978	82,28	
856,194	98,06	
856,411	145,41	
856,627	-159,74	
856,843	-135,18	
857,059	-100,11	
857,275	-278,99	
857,492	219,07	
857,708	-52,76	
857,924	-58,02	
858,14	-22,94	
858,356	80,53	
858,572	-38,73	
858,788	66,5	
859,004	-68,54	
859,22	-345,63	
859,436	-126,41	
859,652	238,36	
859,868	-3,65	
860,084	-161,49	
860,3	282,2	
860,516	-233,39	
860,731	-40,48	
860,947	157,69	
861,163	-33,47	
861,379	133,14	
861,595	-201,82	
861,81	-87,83	
862,026	-31,71	
862,242	-84,33	
862,457	-142,2	
862,673	77,02	
862,889	-28,21	
863,104	-3,65	
863,32	-142,2	
863,535	-22,94	
863,751	-180,78	
863,966	-177,27	
864,182	-105,37	
864,397	110,34	
864,613	89,29	
864,828	115,6	
865,044	180,49	
865,259	-114,14	
865,474	61,23	
865,69	-96,6	
865,905	-84,33	
866,12	-177,27	
866,336	99,82	
866,551	71,76	
866,766	-28,21	
866,981	-191,3	
867,196	159,44	
867,412	77,02	
867,627	-10,67	
867,842	-170,26	
868,057	-89,59	
868,272	-12,42	
868,487	184	
868,702	-115,89	
868,917	106,83	
869,132	-35,22	
869,347	-136,94	
869,562	-154,47	
869,777	108,58	
869,992	-207,09	
870,207	-205,33	
870,422	-63,28	
870,636	-117,65	
870,851	-3,65	
871,066	-31,71	
871,281	40,19	
871,495	43,7	
871,71	-35,22	
871,925	-280,74	
872,14	-94,85	
872,354	145,41	
872,569	-38,73	
872,783	-135,18	
872,998	-54,51	
873,213	-63,28	
873,427	-61,53	
873,642	-143,95	
873,856	-86,08	
874,071	-52,76	
874,285	-282,5	
874,5	-140,44	
874,714	-270,22	
874,928	254,14	
875,143	-189,55	
875,357	-131,68	
875,571	-254,44	
875,786	-196,56	
876	77,02	
876,214	-96,6	
876,429	20,9	
876,643	148,92	
876,857	-19,44	
877,071	-33,47	
877,285	-266,71	
877,499	-135,18	
877,714	-154,47	
877,928	-133,43	
878,142	-84,33	
878,356	-61,53	
878,57	-152,72	
878,784	-243,91	
878,998	96,31	
879,212	282,2	
879,426	-10,67	
879,639	-259,7	
879,853	-87,83	
880,067	57,73	
880,281	-98,35	
880,495	-150,97	
880,709	-373,69	
880,922	84,03	
881,136	87,54	
881,35	-366,67	
881,564	-3,65	
881,777	-86,08	
881,991	-22,94	
882,205	-245,67	
882,418	138,4	
882,632	-235,15	
882,845	127,88	
883,059	-114,14	
883,273	26,16	
883,486	-170,26	
883,7	48,96	
883,913	-31,71	
884,126	-26,45	
884,34	71,76	
884,553	127,88	
884,767	-222,87	
884,98	-298,28	
885,193	-172,01	
885,407	140,15	
885,62	101,57	
885,833	-17,68	
886,046	3,36	
886,26	-182,53	
886,473	12,13	
886,686	-136,94	
886,899	224,33	
887,112	-165	
887,326	-128,17	
887,539	-331,6	
887,752	-172,01	
887,965	33,17	
888,178	-21,19	
888,391	-314,06	
888,604	-51	
888,817	-77,31	
889,03	47,2	
889,243	22,65	
889,455	-52,76	
889,668	-173,77	
889,881	-12,42	
890,094	61,23	
890,307	-66,79	
890,52	-172,01	
890,732	55,97	
890,945	105,08	
891,158	-184,29	
891,37	-24,7	
891,583	-143,95	
891,796	-93,09	
892,008	-149,21	
892,221	205,04	
892,434	-193,06	
892,646	-284,25	
892,859	-40,48	
893,071	345,34	
893,284	-200,07	
893,496	-108,88	
893,709	-70,3	
893,921	-35,22	
894,133	-217,61	
894,346	-182,53	
894,558	-108,88	
894,771	26,16	
894,983	-5,41	
895,195	-314,06	
895,407	-82,57	
895,62	-350,89	
895,832	-114,14	
896,044	-182,53	
896,256	98,06	
896,468	115,6	
896,681	-107,12	
896,893	-75,56	
897,105	12,13	
897,317	5,12	
897,529	31,42	
897,741	-75,56	
897,953	52,47	
898,165	92,8	
898,377	19,14	
898,589	-28,21	
898,801	-70,3	
899,013	-45,74	
899,224	41,94	
899,436	-159,74	
899,648	12,13	
899,86	-26,45	
900,072	-0,15	
900,283	-58,02	
900,495	-98,35	
900,707	-79,06	
900,919	-45,74	
901,13	110,34	
901,342	-173,77	
901,554	-219,36	
901,765	-65,03	
901,977	-333,35	
902,188	57,73	
902,4	147,17	
902,611	33,17	
902,823	-138,69	
903,034	-133,43	
903,246	238,36	
903,457	54,22	
903,669	110,34	
903,88	52,47	
904,091	-240,41	
904,303	89,29	
904,514	-184,29	
904,725	-8,91	
904,936	52,47	
905,148	-254,44	
905,359	-159,74	
905,57	-184,29	
905,781	-110,63	
905,992	-294,77	
906,204	-177,27	
906,415	-200,07	
906,626	-54,51	
906,837	-217,61	
907,048	-138,69	
907,259	-36,97	
907,47	-24,7	
907,681	-87,83	
907,892	-82,57	
908,103	-133,43	
908,314	-33,47	
908,525	77,02	
908,735	-45,74	
908,946	-31,71	
909,157	-51	
909,368	-24,7	
909,579	19,14	
909,789	-38,73	
910	378,66	
910,211	-51	
910,421	-70,3	
910,632	-317,57	
910,843	-101,86	
911,053	191,01	
911,264	-184,29	
911,475	-222,87	
911,685	-82,57	
911,896	-7,16	
912,106	-231,64	
912,317	-124,66	
912,527	-42,24	
912,737	-35,22	
912,948	-377,2	
913,158	-247,42	
913,369	13,88	
913,579	-286	
913,789	1,61	
914	-319,32	
914,21	278,7	
914,42	355,86	
914,63	-189,55	
914,841	-17,68	
915,051	77,02	
915,261	8,62	
915,471	-205,33	
915,681	173,47	
915,891	-136,94	
916,101	29,67	
916,311	-87,83	
916,521	-54,51	
916,731	152,43	
916,941	52,47	
917,151	101,57	
917,361	-101,86	
917,571	10,38	
917,781	-215,85	
917,991	-59,77	
918,201	199,78	
918,411	-21,19	
918,621	48,96	
918,83	-161,49	
919,04	-91,34	
919,25	-182,53	
919,46	-289,51	
919,669	-96,6	
919,879	131,38	
920,089	103,32	
920,298	-124,66	
920,508	155,94	
920,717	-224,62	
920,927	68,25	
921,136	-419,29	
921,346	-77,31	
921,555	-214,1	
921,765	8,62	
921,974	-93,09	
922,184	-38,73	
922,393	296,23	
922,603	185,75	
922,812	-228,13	
923,021	-22,94	
923,23	-21,19	
923,44	-154,47	
923,649	178,73	
923,858	10,38	
924,067	-33,47	
924,277	-65,03	
924,486	-271,97	
924,695	-277,23	
924,904	-17,68	
925,113	-203,58	
925,322	-461,38	
925,531	-161,49	
925,74	-319,32	
925,949	-10,67	
926,158	-240,41	
926,367	-136,94	
926,576	-173,77	
926,785	-10,67	
926,994	-52,76	
927,203	-100,11	
927,412	-80,82	
927,621	-147,46	
927,83	-35,22	
928,038	41,94	
928,247	-1,9	
928,456	77,02	
928,665	-22,94	
928,873	-149,21	
929,082	43,7	
929,291	-12,42	
929,499	-15,93	
929,708	33,17	
929,916	-208,84	
930,125	-28,21	
930,333	196,27	
930,542	-187,79	
930,75	-110,63	
930,959	-80,82	
931,167	-138,69	
931,376	-72,05	
931,584	-45,74	
931,793	-175,52	
932,001	87,54	
932,209	55,97	
932,418	8,62	
932,626	34,93	
932,834	-300,03	
933,042	-122,91	
933,251	-271,97	
933,459	-129,92	
933,667	124,37	
933,875	273,44	
934,083	-66,79	
934,291	-105,37	
934,499	-73,8	
934,707	71,76	
934,915	134,89	
935,123	-136,94	
935,331	-282,5	
935,539	-196,56	
935,747	-228,13	
935,955	-273,73	
936,163	-284,25	
936,371	-170,26	
936,579	-142,2	
936,787	-21,19	
936,995	-100,11	
937,202	-28,21	
937,41	-8,91	
937,618	-82,57	
937,826	-114,14	
938,033	-173,77	
938,241	-51	
938,449	-114,14	
938,656	-214,1	
938,864	-138,69	
939,071	-35,22	
939,279	-201,82	
939,486	-58,02	
939,694	-80,82	
939,901	-105,37	
940,109	-142,2	
940,316	-3,65	
940,524	-89,59	
940,731	-119,4	
940,939	-79,06	
941,146	-391,23	
941,353	-168,5	
941,561	241,87	
941,768	50,71	
941,975	-180,78	
942,182	-119,4	
942,39	127,88	
942,597	-7,16	
942,804	-147,46	
943,011	-214,1	
943,218	71,76	
943,425	-35,22	
943,632	-47,5	
943,839	-110,63	
944,046	34,93	
944,253	-91,34	
944,46	-233,39	
944,667	-31,71	
944,874	-94,85	
945,081	-79,06	
945,288	-110,63	
945,495	-72,05	
945,702	220,82	
945,909	-129,92	
946,115	-36,97	
946,322	-66,79	
946,529	-100,11	
946,736	48,96	
946,942	-249,18	
947,149	-331,6	
947,356	-101,86	
947,562	-222,87	
947,769	404,96	
947,976	73,51	
948,182	212,05	
948,389	3,36	
948,595	122,61	
948,802	54,22	
949,008	-196,56	
949,215	-14,18	
949,421	-252,68	
949,628	-157,98	
949,834	-40,48	
950,04	117,35	
950,247	-184,29	
950,453	-208,84	
950,659	-284,25	
950,865	-129,92	
951,072	-149,21	
951,278	-40,48	
951,484	-150,97	
951,69	-80,82	
951,896	20,9	
952,103	43,7	
952,309	3,36	
952,515	-214,1	
952,721	-200,07	
952,927	-86,08	
953,133	-101,86	
953,339	266,42	
953,545	-14,18	
953,751	-203,58	
953,957	-124,66	
954,163	-203,58	
954,369	362,88	
954,574	-47,5	
954,78	-310,56	
954,986	-66,79	
955,192	12,13	
955,398	47,2	
955,603	-91,34	
955,809	-47,5	
956,015	66,5	
956,22	-261,45	
956,426	-121,15	
956,632	-264,96	
956,837	10,38	
957,043	13,88	
957,248	-271,97	
957,454	-121,15	
957,66	-214,1	
957,865	-119,4	
958,07	1,61	
958,276	189,26	
958,481	-156,23	
958,687	-326,34	
958,892	15,64	
959,097	-101,86	
959,303	36,68	
959,508	19,14	
959,713	-154,47	
959,919	-122,91	
960,124	-154,47	
960,329	98,06	
960,534	-107,12	
960,739	29,67	
960,945	-28,21	
961,15	-110,63	
961,355	-219,36	
961,56	-124,66	
961,765	-143,95	
961,97	-15,93	
962,175	-63,28	
962,38	47,2	
962,585	-301,79	
962,79	-147,46	
962,995	-180,78	
963,2	-124,66	
963,404	47,2	
963,609	33,17	
963,814	-12,42	
964,019	70	
964,224	-210,59	
964,428	-278,99	
964,633	-236,9	
964,838	-361,41	
965,042	-205,33	
965,247	166,46	
965,452	-354,4	
965,656	20,9	
965,861	-140,44	
966,066	-212,35	
966,27	-173,77	
966,475	-115,89	
966,679	-240,41	
966,884	-310,56	
967,088	-278,99	
967,292	-277,23	
967,497	13,88	
967,701	-43,99	
967,906	-33,47	
968,11	-126,41	
968,314	-200,07	
968,518	-173,77	
968,723	268,17	
968,927	-179,03	
969,131	-219,36	
969,335	91,05	
969,539	315,52	
969,744	-378,95	
969,948	115,6	
970,152	-257,94	
970,356	1,61	
970,56	-8,91	
970,764	-191,3	
970,968	-49,25	
971,172	94,56	
971,376	133,14	
971,58	78,77	
971,784	-107,12	
971,988	184	
972,192	-0,15	
972,395	155,94	
972,599	-207,09	
972,803	68,25	
973,007	45,45	
973,21	12,13	
973,414	-10,67	
973,618	-217,61	
973,822	-163,24	
974,025	287,46	
974,229	-5,41	
974,432	-28,21	
974,636	-58,02	
974,84	-86,08	
975,043	5,12	
975,247	175,23	
975,45	-275,48	
975,654	-247,42	
975,857	57,73	
976,06	-114,14	
976,264	47,2	
976,467	-275,48	
976,671	-205,33	
976,874	-105,37	
977,077	-117,65	
977,28	-12,42	
977,484	-335,11	
977,687	-128,17	
977,89	131,38	
978,093	-70,3	
978,297	-59,77	
978,5	-77,31	
978,703	96,31	
978,906	15,64	
979,109	-96,6	
979,312	-126,41	
979,515	120,86	
979,718	-61,53	
979,921	38,44	
980,124	-122,91	
980,327	117,35	
980,53	-150,97	
980,733	-143,95	
980,936	161,2	
981,138	-24,7	
981,341	184	
981,544	-189,55	
981,747	-70,3	
981,949	-177,27	
982,152	62,99	
982,355	20,9	
982,558	-79,06	
982,76	-303,54	
982,963	-173,77	
983,165	-215,85	
983,368	-173,77	
983,571	-121,15	
983,773	15,64	
983,976	136,64	
984,178	-115,89	
984,381	-42,24	
984,583	64,74	
984,785	-161,49	
984,988	-108,88	
985,19	59,48	
985,392	-250,93	
985,595	178,73	
985,797	-278,99	
985,999	-115,89	
986,202	-28,21	
986,404	-133,43	
986,606	-59,77	
986,808	171,72	
987,01	-45,74	
987,212	113,85	
987,415	-1,9	
987,617	-210,59	
987,819	-161,49	
988,021	126,12	
988,223	115,6	
988,425	-61,53	
988,627	-303,54	
988,829	-36,97	
989,031	85,79	
989,232	91,05	
989,434	-280,74	
989,636	120,86	
989,838	-184,29	
990,04	115,6	
990,242	50,71	
990,443	-257,94	
990,645	-63,28	
990,847	-86,08	
991,048	-10,67	
991,25	-301,79	
991,452	-49,25	
991,653	-173,77	
991,855	-324,59	
992,057	-105,37	
992,258	-177,27	
992,46	78,77	
992,661	-35,22	
992,863	26,16	
993,064	254,14	
993,265	-268,47	
993,467	-52,76	
993,668	162,95	
993,87	99,82	
994,071	-122,91	
994,272	-19,44	
994,473	-77,31	
994,675	-207,09	
994,876	-266,71	
995,077	-49,25	
995,278	41,94	
995,48	-26,45	
995,681	-101,86	
995,882	-47,5	
996,083	-89,59	
996,284	-75,56	
996,485	-179,03	
996,686	98,06	
996,887	-0,15	
997,088	-115,89	
997,289	-66,79	
997,49	-52,76	
997,691	-89,59	
997,892	-43,99	
998,092	-150,97	
998,293	41,94	
998,494	-101,86	
998,695	-66,79	
998,896	61,23	
999,096	-52,76	
999,297	-247,42	
999,498	-101,86	
999,698	-182,53	
999,899	-36,97	
1000,1	-336,86	
1000,3	-254,44	
1000,501	-115,89	
1000,701	-75,56	
1000,902	-201,82	
1001,102	327,8	
1001,303	-149,21	
1001,503	38,44	
1001,704	-49,25	
1001,904	48,96	
1002,105	-124,66	
1002,305	-29,96	
1002,505	-270,22	
1002,706	-436,82	
1002,906	-275,48	
1003,106	-242,16	
1003,306	-89,59	
1003,507	-52,76	
1003,707	-163,24	
1003,907	-36,97	
1004,107	-105,37	
1004,307	-24,7	
1004,507	-182,53	
1004,707	-82,57	
1004,907	-268,47	
1005,107	-43,99	
1005,308	-14,18	
1005,507	-226,38	
1005,707	-273,73	
1005,907	-194,81	
1006,107	-180,78	
1006,307	-82,57	
1006,507	29,67	
1006,707	-166,75	
1006,907	105,08	
1007,106	13,88	
1007,306	-24,7	
1007,506	94,56	
1007,706	-49,25	
1007,905	-205,33	
1008,105	-65,03	
1008,305	-14,18	
1008,504	-210,59	
1008,704	54,22	
1008,903	-342,12	
1009,103	26,16	
1009,303	-22,94	
1009,502	-19,44	
1009,702	-72,05	
1009,901	3,36	
1010,1	-159,74	
1010,3	-177,27	
1010,499	-56,27	
1010,699	-135,18	
1010,898	-263,21	
1011,097	-59,77	
1011,296	-93,09	
1011,496	68,25	
1011,695	275,19	
1011,894	-133,43	
1012,093	24,41	
1012,293	-275,48	
1012,492	-43,99	
1012,691	-31,71	
1012,89	-124,66	
1013,089	-263,21	
1013,288	159,44	
1013,487	-194,81	
1013,686	-150,97	
1013,885	-214,1	
1014,084	-186,04	
1014,283	-93,09	
1014,482	-172,01	
1014,681	-214,1	
1014,88	-133,43	
1015,078	77,02	
1015,277	61,23	
1015,476	-133,43	
1015,675	-150,97	
1015,873	-114,14	
1016,072	-286	
1016,271	22,65	
1016,47	-121,15	
1016,668	77,02	
1016,867	-257,94	
1017,065	-150,97	
1017,264	-119,4	
1017,463	-191,3	
1017,661	-72,05	
1017,86	-129,92	
1018,058	66,5	
1018,256	-226,38	
1018,455	-307,05	
1018,653	-22,94	
1018,852	-66,79	
1019,05	-221,12	
1019,248	113,85	
1019,447	-182,53	
1019,645	-43,99	
1019,843	-172,01	
1020,041	-378,95	
1020,24	-326,34	
1020,438	-43,99	
1020,636	-250,93	
1020,834	-157,98	
1021,032	-79,06	
1021,23	-214,1	
1021,428	-149,21	
1021,626	-52,76	
1021,824	-42,24	
1022,022	-163,24	
1022,22	-371,94	
1022,418	-121,15	
1022,616	-66,79	
1022,814	-243,91	
1023,012	-51	
1023,21	-142,2	
1023,408	317,28	
1023,606	-231,64	
1023,803	-287,76	
1024,001	194,52	
1024,199	-26,45	
1024,397	-17,68	
1024,594	96,31	
1024,792	-51	
1024,99	-100,11	
1025,187	73,51	
1025,385	164,7	
1025,582	-300,03	
1025,78	-36,97	
1025,977	-247,42	
1026,175	-49,25	
1026,372	-214,1	
1026,57	-168,5	
1026,767	450,56	
1026,965	-191,3	
1027,162	-443,84	
1027,359	17,39	
1027,557	-72,05	
1027,754	-186,04	
1027,951	8,62	
1028,148	-166,75	
1028,346	84,03	
1028,543	-65,03	
1028,74	-252,68	
1028,937	-122,91	
1029,134	13,88	
1029,331	-184,29	
1029,528	-79,06	
1029,725	47,2	
1029,923	-112,38	
1030,12	145,41	
1030,317	-149,21	
1030,513	110,34	
1030,71	-254,44	
1030,907	-82,57	
1031,104	19,14	
1031,301	-233,39	
1031,498	-159,74	
1031,695	-264,96	
1031,892	-333,35	
1032,088	-191,3	
1032,285	-187,79	
1032,482	-196,56	
1032,678	-203,58	
1032,875	-119,4	
1033,072	341,83	
1033,268	-196,56	
1033,465	141,91	
1033,662	15,64	
1033,858	96,31	
1034,055	-47,5	
1034,251	-278,99	
1034,448	-17,68	
1034,644	-136,94	
1034,84	-159,74	
1035,037	-94,85	
1035,233	-273,73	
1035,43	-221,12	
1035,626	-368,43	
1035,822	-214,1	
1036,019	-21,19	
1036,215	33,17	
1036,411	-175,52	
1036,607	-312,31	
1036,803	-168,5	
1037	-103,62	
1037,196	271,68	
1037,392	-243,91	
1037,588	-31,71	
1037,784	19,14	
1037,98	-77,31	
1038,176	-180,78	
1038,372	108,58	
1038,568	-193,06	
1038,764	-128,17	
1038,96	-68,54	
1039,156	-200,07	
1039,352	-270,22	
1039,547	-70,3	
1039,743	-229,88	
1039,939	-38,73	
1040,135	-294,77	
1040,331	-273,73	
1040,526	-219,36	
1040,722	13,88	
1040,918	-329,85	
1041,113	-82,57	
1041,309	-268,47	
1041,505	-93,09	
1041,7	-135,18	
1041,896	64,74	
1042,091	-207,09	
1042,287	-114,14	
1042,482	-47,5	
1042,678	-29,96	
1042,873	41,94	
1043,069	-154,47	
1043,264	-12,42	
1043,459	3,36	
1043,655	-205,33	
1043,85	-142,2	
1044,045	-433,32	
1044,24	-221,12	
1044,436	-298,28	
1044,631	-128,17	
1044,826	-149,21	
1045,021	-149,21	
1045,216	-149,21	
