couleur : rouge
angle source :0
angle capteur :30
source : 4000K
FLMT02171_1:101		
194,658	-1050,19	
194,923	-1050,19	
195,188	-1050,19	
195,453	-1025,64	
195,717	-127,73	
195,982	354,55	
196,247	112,53	
196,512	-199,63	
196,777	2,05	
197,042	-43,55	
197,307	91,49	
197,572	96,75	
197,837	-66,35	
198,101	-157,54	
198,366	-71,61	
198,631	-1,46	
198,896	-117,21	
199,161	259,84	
199,425	-132,99	
199,69	233,54	
199,955	2,05	
200,22	10,81	
200,484	-310,12	
200,749	-15,49	
201,014	42,38	
201,278	-69,86	
201,543	351,04	
201,807	-173,33	
202,072	114,28	
202,337	251,08	
202,601	93,24	
202,866	-222,43	
203,13	-118,96	
203,395	-168,07	
203,659	279,13	
203,924	-154,04	
204,189	17,83	
204,453	54,66	
204,717	-110,19	
204,982	30,11	
205,246	-19	
205,511	242,31	
205,775	-1,46	
206,04	161,64	
206,304	-132,99	
206,568	-104,93	
206,833	-196,13	
207,097	128,31	
207,361	-4,97	
207,626	-176,83	
207,89	33,61	
208,154	114,28	
208,419	87,98	
208,683	-52,32	
208,947	156,37	
209,211	131,82	
209,476	21,34	
209,74	291,41	
210,004	561,48	
210,268	193,2	
210,532	370,33	
210,796	79,21	
211,061	-168,07	
211,325	51,15	
211,589	358,05	
211,853	244,06	
212,117	-27,77	
212,381	212,49	
212,645	38,87	
212,909	124,81	
213,173	124,81	
213,437	-89,15	
213,701	280,89	
213,965	3,8	
214,229	237,05	
214,493	201,97	
214,757	38,87	
215,021	-127,73	
215,285	133,58	
215,549	-166,31	
215,813	2,05	
216,077	56,41	
216,34	110,78	
216,604	187,94	
216,868	-20,75	
217,132	-245,23	
217,396	208,99	
217,659	100,25	
217,923	321,22	
218,187	-50,57	
218,451	103,76	
218,714	226,52	
218,978	63,43	
219,242	451	
219,505	261,6	
219,769	-64,6	
220,033	266,86	
220,296	219,51	
220,56	144,1	
220,824	144,1	
221,087	163,39	
221,351	-19	
221,614	0,29	
221,878	-171,57	
222,142	91,49	
222,405	105,52	
222,669	-143,51	
222,932	-82,13	
223,196	144,1	
223,459	159,88	
223,722	44,14	
223,986	-10,23	
224,249	210,74	
224,513	126,56	
224,776	-124,22	
225,04	-55,83	
225,303	-115,45	
225,566	107,27	
225,83	251,08	
226,093	102,01	
226,356	-120,71	
226,62	456,26	
226,883	-248,74	
227,146	-159,3	
227,409	-132,99	
227,673	401,9	
227,936	-155,79	
228,199	94,99	
228,462	193,2	
228,725	96,75	
228,989	42,38	
229,252	68,69	
229,515	-17,24	
229,778	207,23	
230,041	205,48	
230,304	-176,83	
230,567	-75,12	
230,83	45,89	
231,093	56,41	
231,356	116,04	
231,619	-61,09	
231,882	-45,3	
232,145	105,52	
232,408	-145,27	
232,671	109,02	
232,934	-161,05	
233,197	165,14	
233,46	514,13	
233,723	0,29	
233,986	161,64	
234,249	-68,1	
234,512	45,89	
234,775	98,5	
235,037	124,81	
235,3	-197,88	
235,563	673,72	
235,826	203,72	
236,089	166,9	
236,351	9,06	
236,614	51,15	
236,877	58,17	
237,14	-82,13	
237,402	44,14	
237,665	154,62	
237,928	-6,72	
238,19	-73,36	
238,453	73,95	
238,716	340,52	
238,978	2,05	
239,241	-4,97	
239,503	80,96	
239,766	-6,72	
240,029	228,28	
240,291	-83,89	
240,554	291,41	
240,816	91,49	
241,079	230,03	
241,341	-73,36	
241,604	-327,65	
241,866	-80,38	
242,129	-99,67	
242,391	194,96	
242,653	-69,86	
242,916	87,98	
243,178	-66,35	
243,441	103,76	
243,703	152,87	
243,965	58,17	
244,228	470,29	
244,49	42,38	
244,752	-4,97	
245,015	93,24	
245,277	-38,29	
245,539	-190,86	
245,801	-145,27	
246,064	154,62	
246,326	182,68	
246,588	-76,87	
246,85	380,85	
247,112	-87,39	
247,374	89,73	
247,637	12,57	
247,899	-155,79	
248,161	133,58	
248,423	-34,78	
248,685	349,28	
248,947	216	
249,209	338,76	
249,471	-120,71	
249,733	-19	
249,995	-124,22	
250,257	-201,39	
250,519	221,26	
250,781	194,96	
251,043	182,68	
251,305	182,68	
251,567	473,8	
251,829	14,32	
252,091	65,18	
252,353	-113,7	
252,615	54,66	
252,876	-6,72	
253,138	149,36	
253,4	-6,72	
253,662	-1,46	
253,924	-362,73	
254,185	37,12	
254,447	-38,29	
254,709	310,7	
254,971	5,55	
255,232	87,98	
255,494	308,95	
255,756	24,84	
256,017	-147,02	
256,279	-341,68	
256,541	-48,81	
256,802	12,57	
257,064	-6,72	
257,326	-64,6	
257,587	102,01	
257,849	89,73	
258,11	40,63	
258,372	-19	
258,633	131,82	
258,895	294,92	
259,156	436,97	
259,418	107,27	
259,679	137,08	
259,941	89,73	
260,202	47,64	
260,464	-80,38	
260,725	7,31	
260,987	66,93	
261,248	-8,48	
261,509	131,82	
261,771	126,56	
262,032	-15,49	
262,293	105,52	
262,555	93,24	
262,816	124,81	
263,077	-89,15	
263,338	-22,51	
263,6	-271,54	
263,861	-206,65	
264,122	121,3	
264,383	-10,23	
264,645	-96,16	
264,906	87,98	
265,167	-118,96	
265,428	-41,8	
265,689	-154,04	
265,95	315,96	
266,211	130,07	
266,473	-117,21	
266,734	-22,51	
266,995	110,78	
267,256	72,2	
267,517	84,47	
267,778	45,89	
268,039	30,11	
268,3	377,34	
268,561	59,92	
268,822	-85,64	
269,083	119,55	
269,344	-55,83	
269,604	261,6	
269,865	-182,1	
270,126	184,43	
270,387	135,33	
270,648	-306,61	
270,909	-210,15	
271,17	40,63	
271,43	203,72	
271,691	221,26	
271,952	14,32	
272,213	-50,57	
272,473	-257,51	
272,734	152,87	
272,995	-220,68	
273,256	-201,39	
273,516	-92,66	
273,777	-73,36	
274,038	-131,24	
274,298	130,07	
274,559	7,31	
274,82	-11,98	
275,08	-140,01	
275,341	-273,29	
275,601	-283,81	
275,862	-78,63	
276,122	207,23	
276,383	82,72	
276,643	244,06	
276,904	98,5	
277,164	173,91	
277,425	315,96	
277,685	-19	
277,946	149,36	
278,206	-187,36	
278,467	30,11	
278,727	377,34	
278,987	109,02	
279,248	326,49	
279,508	102,01	
279,768	-38,29	
280,029	26,6	
280,289	-13,74	
280,549	45,89	
280,81	91,49	
281,07	193,2	
281,33	-159,3	
281,59	415,93	
281,851	7,31	
282,111	40,63	
282,371	312,46	
282,631	35,37	
282,891	-73,36	
283,151	-103,18	
283,412	-8,48	
283,672	28,35	
283,932	82,72	
284,192	-248,74	
284,452	-83,89	
284,712	128,31	
284,972	-124,22	
285,232	454,51	
285,492	31,86	
285,752	208,99	
286,012	-34,78	
286,272	-171,57	
286,532	303,69	
286,792	105,52	
287,052	-19	
287,312	-50,57	
287,571	63,43	
287,831	-69,86	
288,091	156,37	
288,351	-199,63	
288,611	-232,95	
288,871	-54,07	
289,13	-40,04	
289,39	91,49	
289,65	14,32	
289,91	728,09	
290,17	235,29	
290,429	-41,8	
290,689	58,17	
290,949	135,33	
291,208	-11,98	
291,468	-125,98	
291,728	93,24	
291,987	-248,74	
292,247	7,31	
292,506	340,52	
292,766	149,36	
293,026	42,38	
293,285	-17,24	
293,545	201,97	
293,804	0,29	
294,064	259,84	
294,323	219,51	
294,583	-171,57	
294,842	-229,45	
295,102	170,4	
295,361	377,34	
295,621	105,52	
295,88	154,62	
296,139	-115,45	
296,399	161,64	
296,658	93,24	
296,917	-183,85	
297,177	54,66	
297,436	403,65	
297,695	72,2	
297,955	207,23	
298,214	-82,13	
298,473	114,28	
298,732	45,89	
298,992	179,17	
299,251	98,5	
299,51	24,84	
299,769	161,64	
300,028	-210,15	
300,287	-69,86	
300,547	-232,95	
300,806	102,01	
301,065	-303,1	
301,324	110,78	
301,583	89,73	
301,842	216	
302,101	38,87	
302,36	237,05	
302,619	173,91	
302,878	198,46	
303,137	16,08	
303,396	-55,83	
303,655	237,05	
303,914	198,46	
304,173	31,86	
304,432	87,98	
304,691	-215,42	
304,95	208,99	
305,208	144,1	
305,467	-118,96	
305,726	-283,81	
305,985	42,38	
306,244	23,09	
306,503	35,37	
306,761	128,31	
307,02	-94,41	
307,279	258,09	
307,537	137,08	
307,796	-197,88	
308,055	-101,42	
308,314	-17,24	
308,572	114,28	
308,831	-83,89	
309,09	268,61	
309,348	147,61	
309,607	-45,3	
309,865	217,75	
310,124	230,03	
310,382	207,23	
310,641	-1,46	
310,9	-213,66	
311,158	110,78	
311,417	54,66	
311,675	-182,1	
311,933	-71,61	
312,192	182,68	
312,45	-190,86	
312,709	30,11	
312,967	212,49	
313,226	338,76	
313,484	-99,67	
313,742	96,75	
314,001	38,87	
314,259	224,77	
314,517	189,69	
314,776	-187,36	
315,034	68,69	
315,292	49,4	
315,55	237,05	
315,809	-82,13	
316,067	94,99	
316,325	-19	
316,583	68,69	
316,841	-148,77	
317,1	228,28	
317,358	49,4	
317,616	-136,5	
317,874	-61,09	
318,132	65,18	
318,39	273,87	
318,648	201,97	
318,906	105,52	
319,164	-111,95	
319,422	-161,05	
319,68	-131,24	
319,938	-47,06	
320,196	23,09	
320,454	-19	
320,712	-61,09	
320,97	-59,33	
321,228	-41,8	
321,486	-266,27	
321,744	35,37	
322,002	-41,8	
322,26	98,5	
322,517	47,64	
322,775	-40,04	
323,033	-33,03	
323,291	5,55	
323,549	44,14	
323,806	-36,54	
324,064	49,4	
324,322	217,75	
324,58	-15,49	
324,837	-164,56	
325,095	-152,28	
325,353	405,4	
325,61	5,55	
325,868	342,27	
326,126	-52,32	
326,383	102,01	
326,641	-124,22	
326,898	-64,6	
327,156	89,73	
327,413	126,56	
327,671	80,96	
327,928	-24,26	
328,186	191,45	
328,443	-78,63	
328,701	117,79	
328,958	-150,53	
329,216	24,84	
329,473	126,56	
329,731	-19	
329,988	208,99	
330,245	10,81	
330,503	-132,99	
330,76	110,78	
331,017	-10,23	
331,275	75,7	
331,532	63,43	
331,789	180,93	
332,047	68,69	
332,304	-76,87	
332,561	538,69	
332,818	-43,55	
333,076	89,73	
333,333	61,67	
333,59	33,61	
333,847	194,96	
334,104	173,91	
334,361	265,1	
334,618	-54,07	
334,876	251,08	
335,133	-166,31	
335,39	37,12	
335,647	-176,83	
335,904	-132,99	
336,161	-282,06	
336,418	-94,41	
336,675	-59,33	
336,932	2,05	
337,189	275,63	
337,446	138,84	
337,703	179,17	
337,96	10,81	
338,216	-80,38	
338,473	-122,47	
338,73	-131,24	
338,987	-115,45	
339,244	-136,5	
339,501	221,26	
339,757	-185,6	
340,014	-311,87	
340,271	-41,8	
340,528	17,83	
340,785	196,71	
341,041	-94,41	
341,298	123,05	
341,555	-64,6	
341,811	-259,26	
342,068	110,78	
342,325	-41,8	
342,581	77,46	
342,838	72,2	
343,094	279,13	
343,351	-173,33	
343,608	-152,28	
343,864	138,84	
344,121	-38,29	
344,377	9,06	
344,634	396,63	
344,89	-17,24	
345,147	-117,21	
345,403	59,92	
345,66	45,89	
345,916	-203,14	
346,172	-59,33	
346,429	238,8	
346,685	-13,74	
346,942	-59,33	
347,198	-89,15	
347,454	-111,95	
347,711	117,79	
347,967	-4,97	
348,223	-122,47	
348,48	56,41	
348,736	-47,06	
348,992	-71,61	
349,248	80,96	
349,504	-45,3	
349,761	58,17	
350,017	-10,23	
350,273	-155,79	
350,529	-136,5	
350,785	59,92	
351,041	-227,69	
351,297	-52,32	
351,554	-50,57	
351,81	-283,81	
352,066	-34,78	
352,322	-3,22	
352,578	684,25	
352,834	5,55	
353,09	333,5	
353,346	-22,51	
353,602	-10,23	
353,858	-125,98	
354,114	-54,07	
354,369	102,01	
354,625	68,69	
354,881	-83,89	
355,137	114,28	
355,393	-308,36	
355,649	-199,63	
355,905	-134,74	
356,16	-47,06	
356,416	235,29	
356,672	-29,52	
356,928	-66,35	
357,183	96,75	
357,439	-220,68	
357,695	-111,95	
357,951	-50,57	
358,206	116,04	
358,462	44,14	
358,718	-87,39	
358,973	138,84	
359,229	-64,6	
359,484	-6,72	
359,74	-104,93	
359,996	10,81	
360,251	128,31	
360,507	-113,7	
360,762	86,22	
361,018	156,37	
361,273	42,38	
361,529	-147,02	
361,784	265,1	
362,04	-150,53	
362,295	-31,27	
362,55	-229,45	
362,806	33,61	
363,061	40,63	
363,316	-161,05	
363,572	186,19	
363,827	-38,29	
364,082	293,16	
364,338	26,6	
364,593	-113,7	
364,848	168,65	
365,104	-168,07	
365,359	58,17	
365,614	-127,73	
365,869	96,75	
366,124	23,09	
366,38	149,36	
366,635	221,26	
366,89	114,28	
367,145	47,64	
367,4	126,56	
367,655	147,61	
367,91	-280,3	
368,165	70,44	
368,42	26,6	
368,675	152,87	
368,93	-85,64	
369,185	377,34	
369,44	54,66	
369,695	72,2	
369,95	47,64	
370,205	-155,79	
370,46	149,36	
370,715	170,4	
370,97	112,53	
371,225	296,67	
371,48	142,34	
371,734	-24,26	
371,989	84,47	
372,244	-303,1	
372,499	73,95	
372,754	259,84	
373,008	-441,65	
373,263	-29,52	
373,518	149,36	
373,773	-80,38	
374,027	-89,15	
374,282	65,18	
374,537	149,36	
374,791	263,35	
375,046	102,01	
375,301	140,59	
375,555	165,14	
375,81	-59,33	
376,064	59,92	
376,319	182,68	
376,573	-40,04	
376,828	-241,72	
377,082	-206,65	
377,337	287,9	
377,591	-120,71	
377,846	-154,04	
378,1	151,11	
378,355	116,04	
378,609	380,85	
378,863	-162,8	
379,118	131,82	
379,372	-69,86	
379,627	196,71	
379,881	109,02	
380,135	114,28	
380,389	-68,1	
380,644	-166,31	
380,898	180,93	
381,152	-164,56	
381,407	-101,42	
381,661	168,65	
381,915	210,74	
382,169	-19	
382,423	80,96	
382,677	-140,01	
382,932	208,99	
383,186	19,58	
383,44	-189,11	
383,694	-210,15	
383,948	-22,51	
384,202	110,78	
384,456	5,55	
384,71	-57,58	
384,964	-50,57	
385,218	128,31	
385,472	124,81	
385,726	117,79	
385,98	138,84	
386,234	-117,21	
386,488	-168,07	
386,742	51,15	
386,996	219,51	
387,249	72,2	
387,503	358,05	
387,757	-4,97	
388,011	-6,72	
388,265	277,38	
388,518	-62,84	
388,772	12,57	
389,026	45,89	
389,28	93,24	
389,533	45,89	
389,787	191,45	
390,041	2,05	
390,295	-220,68	
390,548	59,92	
390,802	-132,99	
391,055	186,19	
391,309	172,16	
391,563	-125,98	
391,816	105,52	
392,07	177,42	
392,323	126,56	
392,577	137,08	
392,83	208,99	
393,084	-85,64	
393,337	-45,3	
393,591	265,1	
393,844	-97,92	
394,098	5,55	
394,351	-54,07	
394,604	389,62	
394,858	-1,46	
395,111	-71,61	
395,364	51,15	
395,618	24,84	
395,871	-45,3	
396,124	240,55	
396,378	131,82	
396,631	102,01	
396,884	635,14	
397,137	326,49	
397,391	196,71	
397,644	184,43	
397,897	579,02	
398,15	217,75	
398,403	315,96	
398,657	163,39	
398,91	87,98	
399,163	-269,78	
399,416	100,25	
399,669	-78,63	
399,922	0,29	
400,175	35,37	
400,428	123,05	
400,681	-224,18	
400,934	-152,28	
401,187	194,96	
401,44	-50,57	
401,693	17,83	
401,946	61,67	
402,199	207,23	
402,452	107,27	
402,704	-64,6	
402,957	196,71	
403,21	107,27	
403,463	-94,41	
403,716	-178,59	
403,969	40,63	
404,221	-33,03	
404,474	210,74	
404,727	63,43	
404,98	214,25	
405,232	82,72	
405,485	-6,72	
405,738	47,64	
405,99	-310,12	
406,243	94,99	
406,496	-254	
406,748	145,85	
407,001	93,24	
407,253	-54,07	
407,506	94,99	
407,759	194,96	
408,011	-68,1	
408,264	326,49	
408,516	168,65	
408,769	158,13	
409,021	216	
409,274	161,64	
409,526	252,83	
409,778	93,24	
410,031	245,81	
410,283	345,78	
410,536	65,18	
410,788	-26,01	
411,04	179,17	
411,293	12,57	
411,545	-10,23	
411,797	-132,99	
412,049	123,05	
412,302	291,41	
412,554	-145,27	
412,806	337,01	
413,058	166,9	
413,311	308,95	
413,563	31,86	
413,815	249,32	
414,067	163,39	
414,319	408,91	
414,571	-127,73	
414,823	-24,26	
415,075	196,71	
415,328	154,62	
415,58	158,13	
415,832	19,58	
416,084	501,86	
416,336	349,28	
416,588	37,12	
416,84	14,32	
417,091	226,52	
417,343	161,64	
417,595	152,87	
417,847	17,83	
418,099	328,24	
418,351	245,81	
418,603	-57,58	
418,855	-1,46	
419,106	84,47	
419,358	370,33	
419,61	5,55	
419,862	317,72	
420,114	40,63	
420,365	465,03	
420,617	265,1	
420,869	507,12	
421,12	-52,32	
421,372	289,66	
421,624	231,78	
421,875	426,45	
422,127	449,25	
422,379	322,98	
422,63	301,93	
422,882	244,06	
423,133	254,58	
423,385	212,49	
423,636	219,51	
423,888	289,66	
424,139	433,46	
424,391	291,41	
424,642	3,8	
424,894	242,31	
425,145	473,8	
425,396	187,94	
425,648	277,38	
425,899	98,5	
426,151	358,05	
426,402	329,99	
426,653	16,08	
426,905	224,77	
427,156	433,46	
427,407	370,33	
427,658	693,01	
427,91	572,01	
428,161	331,75	
428,412	247,57	
428,663	419,43	
428,914	180,93	
429,166	203,72	
429,417	691,26	
429,668	196,71	
429,919	493,09	
430,17	429,96	
430,421	489,58	
430,672	263,35	
430,923	138,84	
431,174	515,89	
431,425	344,02	
431,676	261,6	
431,927	519,4	
432,178	671,97	
432,429	382,6	
432,68	633,39	
432,931	575,51	
433,182	429,96	
433,433	398,39	
433,683	119,55	
433,934	449,25	
434,185	468,54	
434,436	687,75	
434,687	559,73	
434,937	573,76	
435,188	612,34	
435,439	721,07	
435,69	443,99	
435,94	661,45	
436,191	591,3	
436,442	631,63	
436,692	861,37	
436,943	814,02	
437,194	743,87	
437,444	750,89	
437,695	731,6	
437,945	577,27	
438,196	629,88	
438,447	780,7	
438,697	710,55	
438,948	617,6	
439,198	572,01	
439,449	819,28	
439,699	691,26	
439,949	1042,01	
440,2	731,6	
440,45	789,47	
440,701	931,52	
440,951	768,42	
441,201	1024,47	
441,452	1133,2	
441,702	1017,45	
441,952	805,25	
442,203	1115,66	
442,453	889,43	
442,703	1063,05	
442,953	836,82	
443,204	749,13	
443,454	1001,67	
443,704	1180,55	
443,954	992,9	
444,204	1420,81	
444,455	1229,65	
444,705	1341,89	
444,955	1389,24	
445,205	1298,05	
445,455	1385,74	
445,705	1403,27	
445,955	1364,69	
446,205	1317,34	
446,455	1643,53	
446,705	1543,57	
446,955	1576,89	
447,205	1340,14	
447,455	1496,22	
447,705	1494,47	
447,955	1594,43	
448,205	1738,24	
448,454	1850,47	
448,704	1483,94	
448,954	1724,21	
449,204	1617,23	
449,454	1913,61	
449,704	1773,31	
449,953	1771,56	
450,203	1875,03	
450,453	2027,6	
450,703	1766,29	
450,952	1896,07	
451,202	2017,08	
451,452	1683,87	
451,701	1752,26	
451,951	2201,22	
452,201	2013,57	
452,45	2290,66	
452,7	2004,8	
452,949	2074,95	
453,199	2204,73	
453,448	1920,62	
453,698	1971,48	
453,947	2232,79	
454,197	2001,29	
454,446	2311,7	
454,696	1983,76	
454,945	2032,86	
455,195	2122,3	
455,444	2325,73	
455,693	2434,46	
455,943	2050,4	
456,192	2173,16	
456,442	2066,18	
456,691	2139,84	
456,94	1917,12	
457,189	2413,42	
457,439	2067,94	
457,688	1862,75	
457,937	1906,59	
458,186	1834,69	
458,436	2120,55	
458,685	1917,12	
458,934	2003,05	
459,183	2001,29	
459,432	2206,48	
459,681	1866,26	
459,93	1957,45	
460,179	2006,56	
460,429	1915,36	
460,678	1694,39	
460,927	1836,44	
461,176	1959,2	
461,425	2008,31	
461,674	1787,34	
461,923	1620,74	
462,172	1906,59	
462,42	1754,02	
462,669	1550,59	
462,918	1545,33	
463,167	1952,19	
463,416	2071,44	
463,665	1471,67	
463,914	1699,65	
464,162	1389,24	
464,411	1939,91	
464,66	1764,54	
464,909	1594,43	
465,158	1606,71	
465,406	1717,19	
465,655	1501,48	
465,904	1392,75	
466,152	1452,38	
466,401	1713,68	
466,65	1387,49	
466,898	1405,03	
467,147	1315,59	
467,395	1590,92	
467,644	1669,84	
467,893	1461,15	
468,141	1490,96	
468,39	1564,62	
468,638	1310,33	
468,887	1548,83	
469,135	1340,14	
469,384	1687,38	
469,632	1576,89	
469,88	1499,73	
470,129	1433,09	
470,377	1492,71	
470,626	1115,66	
470,874	1338,39	
471,122	1471,67	
471,371	1473,42	
471,619	1292,79	
471,867	1163,01	
472,115	1331,37	
472,364	1212,12	
472,612	1229,65	
472,86	1105,14	
473,108	1380,47	
473,356	1222,64	
473,605	1141,97	
473,853	1540,06	
474,101	1073,57	
474,349	1429,58	
474,597	1427,83	
474,845	1261,22	
475,093	1154,24	
475,341	1152,49	
475,589	1510,25	
475,837	1343,65	
476,085	1145,48	
476,333	1487,45	
476,581	1182,3	
476,829	1350,66	
477,077	1417,3	
477,325	1238,42	
477,573	1068,31	
477,821	1094,62	
478,069	1136,71	
478,317	1436,59	
478,564	1105,14	
478,812	1196,33	
479,06	1156	
479,308	1113,91	
479,555	1148,98	
479,803	1469,91	
480,051	1006,93	
480,299	1405,03	
480,546	1015,7	
480,794	1489,21	
481,042	1185,81	
481,289	1336,63	
481,537	1105,14	
481,784	1275,25	
482,032	1406,78	
482,28	1496,22	
482,527	1203,35	
482,775	1077,08	
483,022	1096,37	
483,27	1554,09	
483,517	1248,95	
483,765	1396,26	
484,012	1452,38	
484,259	1319,09	
484,507	1175,29	
484,754	1513,76	
485,002	1289,28	
485,249	1394,5	
485,496	1247,19	
485,744	1578,65	
485,991	1401,52	
486,238	1096,37	
486,486	1324,36	
486,733	1513,76	
486,98	1496,22	
487,227	1692,64	
487,474	1427,83	
487,722	1222,64	
487,969	1268,24	
488,216	1547,08	
488,463	1834,69	
488,71	1357,68	
488,957	1255,96	
489,204	1682,12	
489,451	1382,23	
489,699	1540,06	
489,946	1662,82	
490,193	1706,67	
490,44	1454,13	
490,687	1703,16	
490,934	1596,18	
491,18	1594,43	
491,427	1932,9	
491,674	1368,2	
491,921	1608,46	
492,168	1371,71	
492,415	1568,12	
492,662	1501,48	
492,909	1661,07	
493,155	1504,99	
493,402	1747	
493,649	1336,63	
493,896	1461,15	
494,142	1752,26	
494,389	1704,91	
494,636	1597,94	
494,883	1515,51	
495,129	1957,45	
495,376	1790,85	
495,623	1527,79	
495,869	1657,56	
496,116	1769,8	
496,362	1832,94	
496,609	1806,63	
496,855	2004,8	
497,102	1494,47	
497,348	1617,23	
497,595	2031,11	
497,841	1599,69	
498,088	1759,28	
498,334	1787,34	
498,581	1757,53	
498,827	1694,39	
499,074	1920,62	
499,32	1938,16	
499,566	2029,35	
499,813	1943,42	
500,059	2048,64	
500,305	2064,43	
500,552	2466,03	
500,798	1859,24	
501,044	1917,12	
501,29	1920,62	
501,537	2213,49	
501,783	1838,2	
502,029	2015,32	
502,275	1824,17	
502,521	1759,28	
502,767	2290,66	
503,013	2271,37	
503,26	2459,02	
503,506	2187,19	
503,752	1906,59	
503,998	2125,81	
504,244	2138,08	
504,49	2206,48	
504,736	2380,1	
504,982	1973,23	
505,228	2120,55	
505,474	2250,32	
505,72	2466,03	
505,966	1894,32	
506,211	1925,88	
506,457	2297,67	
506,703	2558,98	
506,949	2027,6	
507,195	2060,92	
507,441	2483,57	
507,686	2217	
507,932	2632,64	
508,178	2401,14	
508,424	2401,14	
508,669	2348,53	
508,915	2608,08	
509,161	2753,64	
509,406	2385,36	
509,652	2487,08	
509,898	2615,1	
510,143	2390,62	
510,389	2378,35	
510,634	2471,29	
510,88	2553,72	
511,125	2092,49	
511,371	2657,19	
511,616	2502,86	
511,862	2816,78	
512,107	2457,26	
512,353	2483,57	
512,598	2481,82	
512,844	2716,81	
513,089	2627,37	
513,335	2785,21	
513,58	2748,38	
513,825	2495,84	
514,071	2581,78	
514,316	2672,97	
514,561	2836,07	
514,806	2702,78	
515,052	2755,4	
515,297	2748,38	
515,542	2639,65	
515,787	2567,75	
516,033	2890,43	
516,278	2660,7	
516,523	2601,07	
516,768	2764,17	
517,013	2843,08	
517,258	2639,65	
517,503	2953,57	
517,748	2604,58	
517,993	2811,52	
518,238	2907,97	
518,483	2743,12	
518,728	2730,84	
518,973	2883,42	
519,218	2937,78	
519,463	3132,45	
519,708	2892,19	
519,953	2694,02	
520,198	2720,32	
520,443	3067,56	
520,688	2672,97	
520,933	2936,03	
521,177	2920,25	
521,422	2955,32	
521,667	2823,79	
521,912	2793,98	
522,157	2872,9	
522,401	2823,79	
522,646	2869,39	
522,891	2922	
523,135	2907,97	
523,38	2827,3	
523,625	2974,61	
523,869	2951,81	
524,114	3058,79	
524,358	3192,07	
524,603	2969,35	
524,848	2983,38	
525,092	2818,53	
525,337	3165,77	
525,581	2853,61	
525,826	2683,49	
526,07	3230,66	
526,315	2916,74	
526,559	3104,39	
526,803	3028,98	
527,048	3167,52	
527,292	2872,9	
527,537	3165,77	
527,781	3111,4	
528,025	3014,95	
528,269	3041,25	
528,514	2858,87	
528,758	3076,33	
529,002	3086,85	
529,247	3064,05	
529,491	3258,72	
529,735	3167,52	
529,979	3135,96	
530,223	2874,65	
530,467	2815,02	
530,712	3244,69	
530,956	3016,7	
531,2	3120,17	
531,444	2976,37	
531,688	2914,99	
531,932	3370,95	
532,176	3120,17	
532,42	2762,41	
532,664	2971,1	
532,908	3500,73	
533,152	2929,02	
533,396	3302,56	
533,64	3446,36	
533,884	3286,78	
534,128	2853,61	
534,371	2946,55	
534,615	3085,1	
534,859	3048,27	
535,103	3065,81	
535,347	3214,87	
535,59	3050,02	
535,834	3039,5	
536,078	3086,85	
536,322	3207,86	
536,565	3037,75	
536,809	2878,16	
537,053	3255,21	
537,296	2944,8	
537,54	2918,49	
537,784	2881,66	
538,027	3195,58	
538,271	3537,56	
538,514	2818,53	
538,758	3064,05	
539,001	3078,08	
539,245	3097,37	
539,488	3139,46	
539,732	3260,47	
539,975	3106,14	
540,219	3197,34	
540,462	3237,67	
540,706	3248,19	
540,949	2993,9	
541,192	3358,68	
541,436	2993,9	
541,679	3128,94	
541,922	2951,81	
542,166	3057,04	
542,409	3155,25	
542,652	2786,96	
542,895	3204,35	
543,139	3046,51	
543,382	3358,68	
543,625	3183,31	
543,868	3370,95	
544,111	3092,11	
544,354	3297,3	
544,598	3085,1	
544,841	3007,93	
545,084	3560,36	
545,327	3597,19	
545,57	3127,19	
545,813	2818,53	
546,056	3081,59	
546,299	3160,51	
546,542	3169,28	
546,785	3095,62	
547,028	3565,62	
547,271	3258,72	
547,514	3265,73	
547,756	3151,74	
547,999	3149,98	
548,242	2999,16	
548,485	2988,64	
548,728	3220,13	
548,971	2985,13	
549,213	3256,96	
549,456	3209,61	
549,699	3102,63	
549,942	3099,13	
550,184	3111,4	
550,427	3430,58	
550,67	3251,7	
550,912	3125,43	
551,155	3099,13	
551,398	3100,88	
551,64	3113,16	
551,883	3342,89	
552,125	2914,99	
552,368	3172,78	
552,61	2797,49	
552,853	3530,54	
553,095	2886,93	
553,338	3037,75	
553,58	3125,43	
553,823	2944,8	
554,065	3223,64	
554,308	3167,52	
554,55	2930,77	
554,792	3486,7	
555,035	3011,44	
555,277	3135,96	
555,519	3146,48	
555,762	2867,63	
556,004	3092,11	
556,246	2922	
556,488	3390,25	
556,731	3058,79	
556,973	3127,19	
557,215	3148,23	
557,457	3009,69	
557,699	3486,7	
557,941	3169,28	
558,183	3039,5	
558,426	2899,2	
558,668	2997,41	
558,91	3081,59	
559,152	3211,37	
559,394	3002,67	
559,636	3083,34	
559,878	2914,99	
560,12	3199,09	
560,362	3172,78	
560,604	3313,08	
560,845	3002,67	
561,087	3128,94	
561,329	3530,54	
561,571	3027,22	
561,813	3164,01	
562,055	3607,71	
562,297	3176,29	
562,538	3353,42	
562,78	3399,01	
563,022	3355,17	
563,264	3356,92	
563,505	3456,89	
563,747	3141,22	
563,989	3634,01	
564,23	3300,81	
564,472	3276,25	
564,714	3337,63	
564,955	3537,56	
565,197	3330,62	
565,438	3434,09	
565,68	3270,99	
565,921	3453,38	
566,163	3623,49	
566,404	3569,13	
566,646	3406,03	
566,887	3584,91	
567,129	3588,42	
567,37	3356,92	
567,612	3449,87	
567,853	3707,67	
568,094	3691,89	
568,336	3977,74	
568,577	3858,49	
568,818	3716,44	
569,06	3802,37	
569,301	4272,37	
569,542	3856,74	
569,783	3797,11	
570,025	3825,17	
570,266	4274,12	
570,507	4260,09	
570,748	4025,09	
570,989	3904,09	
571,23	4061,92	
571,472	4030,36	
571,713	4223,27	
571,954	3972,48	
572,195	3984,76	
572,436	4270,62	
572,677	3812,89	
572,918	3839,2	
573,159	3883,04	
573,4	4239,05	
573,641	4189,94	
573,882	4475,8	
574,123	4174,16	
574,364	4374,09	
574,604	4254,83	
574,845	4346,03	
575,086	4088,23	
575,327	4144,35	
575,568	4412,67	
575,809	4289,91	
576,049	4623,11	
576,29	4470,54	
576,531	4663,45	
576,771	4460,02	
577,012	4209,24	
577,253	4319,72	
577,494	4384,61	
577,734	4463,53	
577,975	4007,56	
578,215	4908,97	
578,456	4361,81	
578,697	4589,79	
578,937	4584,53	
579,178	4623,11	
579,418	4691,51	
579,659	4737,11	
579,899	4574,01	
580,14	5289,53	
580,38	5112,4	
580,62	4937,03	
580,861	5001,92	
581,101	4944,05	
581,342	5038,75	
581,582	5098,37	
581,822	5070,32	
582,063	5129,94	
582,303	5294,79	
582,543	5321,1	
582,783	5108,9	
583,024	5294,79	
583,264	5303,56	
583,504	5354,42	
583,744	5577,14	
583,984	5566,62	
584,224	5743,75	
584,465	6069,94	
584,705	5584,16	
584,945	5712,18	
585,185	5328,11	
585,425	5859,49	
585,665	6068,19	
585,905	6105,01	
586,145	6106,77	
586,385	6471,54	
586,625	6573,26	
586,865	6518,89	
587,105	6078,71	
587,345	6653,93	
587,585	6646,92	
587,824	6697,77	
588,064	6717,06	
588,304	6969,6	
588,544	7120,42	
588,784	7187,06	
589,024	7227,4	
589,263	7197,59	
589,503	7148,48	
589,743	7518,52	
589,982	7401,02	
590,222	7856,99	
590,462	7641,28	
590,701	7686,87	
590,941	8002,55	
591,181	8209,49	
591,42	8125,31	
591,66	8312,96	
591,899	8360,31	
592,139	8714,56	
592,378	8428,7	
592,618	8846,09	
592,857	8889,93	
593,097	8991,65	
593,336	9698,4	
593,576	9361,68	
593,815	9619,48	
594,055	9565,12	
594,294	9850,97	
594,533	9986,01	
594,773	10101,76	
595,012	10417,43	
595,251	11178,54	
595,491	11031,23	
595,73	11090,86	
595,969	11190,82	
596,208	11078,58	
596,447	11508,24	
596,687	11581,9	
596,926	11885,3	
597,165	12164,14	
597,404	12146,6	
597,643	12606,08	
597,882	12586,79	
598,121	12721,82	
598,36	12934,02	
598,599	13384,73	
598,838	13456,63	
599,077	14072,19	
599,316	13935,4	
599,555	14130,07	
599,794	14347,53	
600,033	14984,13	
600,272	14673,72	
600,511	14833,31	
600,75	14878,91	
600,989	15675,1	
601,228	15624,24	
601,466	15771,55	
601,705	15973,23	
601,944	15985,51	
602,183	16418,68	
602,422	16183,68	
602,66	16660,69	
602,899	17065,8	
603,138	16848,34	
603,376	17498,97	
603,615	17490,21	
603,854	17732,22	
604,092	17377,97	
604,331	17925,13	
604,569	18260,09	
604,808	17807,63	
605,047	18237,29	
605,285	18042,63	
605,524	18491,58	
605,762	18766,92	
606	18551,21	
606,239	18658,19	
606,477	19166,77	
606,716	19380,72	
606,954	19361,43	
607,193	19361,43	
607,431	19321,1	
607,669	19519,27	
607,908	19692,89	
608,146	19492,96	
608,384	19959,45	
608,622	20027,85	
608,861	19796,36	
609,099	20206,73	
609,337	20078,71	
609,575	20438,22	
609,813	20268,11	
610,052	20204,97	
610,29	20161,13	
610,528	20283,89	
610,766	20308,44	
611,004	20210,23	
611,242	20750,38	
611,48	20464,53	
611,718	21020,46	
611,956	20608,33	
612,194	20927,51	
612,432	20832,81	
612,67	20911,73	
612,908	20694,26	
613,146	21078,33	
613,384	21213,37	
613,621	20857,36	
613,859	20902,96	
614,097	21166,02	
614,335	21123,93	
614,573	21281,76	
614,811	21479,93	
615,048	21376,46	
615,286	21623,74	
615,524	21500,98	
615,761	21411,54	
615,999	21871,01	
616,237	21308,07	
616,474	21739,48	
616,712	21379,97	
616,95	21865,75	
617,187	21699,15	
617,425	22058,66	
617,662	21408,03	
617,9	21860,49	
618,137	21737,73	
618,375	21757,02	
618,612	21862,24	
618,85	21723,7	
619,087	21574,63	
619,325	21807,88	
619,562	21644,78	
619,799	21623,74	
620,037	21835,94	
620,274	21897,32	
620,511	21723,7	
620,749	22086,72	
620,986	21855,23	
621,223	21415,04	
621,461	21536,05	
621,698	21485,19	
621,935	21329,11	
622,172	21479,93	
622,409	21674,6	
622,647	22067,43	
622,884	21250,19	
623,121	21406,28	
623,358	21260,72	
623,595	21365,94	
623,832	21264,22	
624,069	21420,31	
624,306	21139,71	
624,543	21281,76	
624,78	20839,82	
625,017	21111,65	
625,254	21399,26	
625,491	21329,11	
625,728	20945,05	
625,965	21190,57	
626,202	20831,05	
626,438	21076,58	
626,675	20806,5	
626,912	20895,94	
627,149	20902,96	
627,386	20936,28	
627,622	20354,04	
627,859	21043,25	
628,096	20811,76	
628,333	20496,09	
628,569	20571,5	
628,806	20624,11	
629,043	20548,7	
629,279	20313,7	
629,516	20257,59	
629,752	20280,38	
629,989	19998,03	
630,225	20059,41	
630,462	20033,11	
630,699	19633,26	
630,935	19661,32	
631,171	19675,35	
631,408	19645,53	
631,644	19647,29	
631,881	19243,93	
632,117	19492,96	
632,354	19268,48	
632,59	19305,31	
632,826	19170,28	
633,063	19126,43	
633,299	18791,47	
633,535	19001,92	
633,771	18644,16	
634,008	18787,96	
634,244	18561,73	
634,48	18503,86	
634,716	18416,17	
634,953	18419,68	
635,189	17905,84	
635,425	18293,41	
635,661	18170,65	
635,897	18249,57	
636,133	18047,89	
636,369	18172,4	
636,605	17900,58	
636,841	18151,36	
637,077	17292,03	
637,313	17676,1	
637,549	17821,66	
637,785	17486,7	
638,021	17456,88	
638,257	17262,22	
638,493	17223,64	
638,729	17267,48	
638,965	17360,43	
639,2	17285,02	
639,436	16332,75	
639,672	17071,06	
639,908	16608,08	
640,144	16143,34	
640,379	16701,03	
640,615	16492,33	
640,851	16597,56	
641,086	15822,41	
641,322	16201,22	
641,558	15876,78	
641,793	15817,15	
642,029	16041,63	
642,264	15622,49	
642,5	16004,8	
642,736	15822,41	
642,971	15561,11	
643,207	15515,51	
643,442	14968,35	
643,678	15868,01	
643,913	15513,76	
644,148	15184,06	
644,384	15340,14	
644,619	15413,79	
644,855	14905,21	
645,09	14759,65	
645,325	14812,27	
645,561	14414,17	
645,796	14373,83	
646,031	14477,3	
646,266	14070,44	
646,502	14682,49	
646,737	13845,96	
646,972	14007,3	
647,207	14056,41	
647,442	13859,99	
647,678	13838,95	
647,913	14308,95	
648,148	13768,8	
648,383	14028,35	
648,618	13516,26	
648,853	13530,29	
649,088	13425,07	
649,323	13200,59	
649,558	13344,4	
649,793	12937,53	
650,028	13130,44	
650,263	13323,35	
650,498	12979,62	
650,733	12749,88	
650,968	12932,27	
651,202	12765,67	
651,437	12714,81	
651,672	12946,3	
651,907	12392,12	
652,142	12132,57	
652,376	12116,79	
652,611	12637,64	
652,846	12378,09	
653,081	12181,68	
653,315	11851,97	
653,55	11781,83	
653,785	11669,59	
654,019	11901,08	
654,254	11557,35	
654,488	11529,29	
654,723	11876,53	
654,958	11322,35	
655,192	11248,69	
655,427	11143,47	
655,661	11262,72	
655,896	11229,4	
656,13	11078,58	
656,364	11097,87	
656,599	10869,89	
656,833	10897,95	
657,068	10843,58	
657,302	10841,83	
657,536	11001,42	
657,771	10413,92	
658,005	10568,25	
658,239	10236,79	
658,474	10217,5	
658,708	10217,5	
658,942	10259,59	
659,176	10399,89	
659,41	10470,04	
659,645	10505,11	
659,879	10080,71	
660,113	9554,59	
660,347	10918,99	
660,581	10228,02	
660,815	9624,74	
661,049	9251,2	
661,283	9900,08	
661,517	9393,25	
661,751	9447,62	
661,985	9121,42	
662,219	9170,53	
662,453	9102,13	
662,687	8784,71	
662,921	8942,54	
663,155	8940,79	
663,389	9003,92	
663,622	8484,82	
663,856	8751,39	
664,09	8462,02	
664,324	8695,27	
664,558	8674,22	
664,791	8372,58	
665,025	8263,85	
665,259	8502,36	
665,492	7958,7	
665,726	8505,87	
665,96	8021,84	
666,193	8332,25	
666,427	8135,83	
666,661	8316,46	
666,894	7607,96	
667,128	7565,87	
667,361	7995,53	
667,595	7925,38	
667,828	7916,61	
668,062	7920,12	
668,295	7439,6	
668,529	7634,26	
668,762	7651,8	
668,995	7362,44	
669,229	7592,17	
669,462	7607,96	
669,695	7039,75	
669,929	7515,01	
670,162	6966,09	
670,395	6790,72	
670,629	7032,73	
670,862	7197,59	
671,095	6874,9	
671,328	6711,8	
671,561	6887,18	
671,795	6681,99	
672,028	6922,25	
672,261	6620,61	
672,494	6620,61	
672,727	6788,97	
672,96	6920,5	
673,193	6490,83	
673,426	6382,1	
673,659	6315,46	
673,892	6455,76	
674,125	6359,3	
674,358	6443,48	
674,591	5961,21	
674,824	6233,04	
675,057	5875,28	
675,29	6152,36	
675,523	5899,83	
675,755	6006,81	
675,988	6211,99	
676,221	5812,14	
676,454	6178,67	
676,687	5747,25	
676,919	6250,57	
677,152	5727,96	
677,385	5538,56	
677,617	5498,22	
677,85	5580,65	
678,083	5512,25	
678,315	5485,95	
678,548	5243,93	
678,78	5242,18	
679,013	5608,71	
679,246	5315,84	
679,478	5354,42	
679,711	5584,16	
679,943	5068,56	
680,175	5391,25	
680,408	5143,97	
680,64	4994,9	
680,873	5031,73	
681,105	5205,35	
681,338	4875,65	
681,57	4910,73	
681,802	5010,69	
682,034	4812,52	
682,267	4733,6	
682,499	4730,09	
682,731	4744,12	
682,964	5054,53	
683,196	4544,2	
683,428	4673,97	
683,66	4689,76	
683,892	5001,92	
684,124	4363,56	
684,356	4656,44	
684,589	4514,38	
684,821	4644,16	
685,053	4235,54	
685,285	4456,51	
685,517	4235,54	
685,749	4524,91	
685,981	4365,32	
686,213	3954,95	
686,445	4156,62	
686,676	3849,72	
686,908	3983	
687,14	3925,13	
687,372	4512,63	
687,604	4051,4	
687,836	4277,63	
688,068	4116,29	
688,299	3851,48	
688,531	3890,06	
688,763	3960,21	
688,995	3895,32	
689,226	3849,72	
689,458	3842,71	
689,69	3725,21	
689,921	3742,74	
690,153	3567,37	
690,384	3614,72	
690,616	3572,63	
690,848	3642,78	
691,079	3462,15	
691,311	3532,3	
691,542	3605,95	
691,774	3290,28	
692,005	3413,04	
692,237	3742,74	
692,468	3444,61	
692,699	3548,08	
692,931	3204,35	
693,162	3157	
693,393	3051,78	
693,625	3197,34	
693,856	3204,35	
694,087	2986,89	
694,319	3014,95	
694,55	3141,22	
694,781	2916,74	
695,012	3092,11	
695,243	2797,49	
695,475	3337,63	
695,706	3278,01	
695,937	2800,99	
696,168	3088,6	
696,399	2913,23	
696,63	2467,79	
696,861	2897,45	
697,092	2704,54	
697,323	2960,58	
697,554	2950,06	
697,785	2923,75	
698,016	2713,31	
698,247	2690,51	
698,478	2772,93	
698,709	2487,08	
698,94	2492,34	
699,171	2646,67	
699,401	2865,88	
699,632	2395,88	
699,863	2522,15	
700,094	2480,06	
700,325	2466,03	
700,555	2781,7	
700,786	2750,14	
701,017	2518,64	
701,247	2511,63	
701,478	2536,18	
701,709	2329,24	
701,939	2509,87	
702,17	2555,47	
702,401	2338,01	
702,631	2546,7	
702,862	2201,22	
703,092	2345,02	
703,323	2017,08	
703,553	2069,69	
703,784	2348,53	
704,014	2366,07	
704,244	2129,32	
704,475	2255,58	
704,705	2120,55	
704,936	2274,88	
705,166	2150,36	
705,396	1813,65	
705,627	2374,84	
705,857	2308,2	
706,087	2076,7	
706,317	1824,17	
706,548	1845,21	
706,778	2241,55	
707,008	2141,59	
707,238	1917,12	
707,468	1689,13	
707,698	1797,86	
707,928	1964,47	
708,158	1925,88	
708,389	1936,41	
708,619	1910,1	
708,849	1985,51	
709,079	1832,94	
709,309	2013,57	
709,539	2018,83	
709,768	1722,45	
709,998	1510,25	
710,228	1631,26	
710,458	1692,64	
710,688	1685,62	
710,918	1592,68	
711,148	1613,72	
711,378	1669,84	
711,607	1596,18	
711,837	1676,85	
712,067	1583,91	
712,297	1569,88	
712,526	1618,98	
712,756	1519,02	
712,986	1443,61	
713,215	1534,8	
713,445	1654,06	
713,674	1387,49	
713,904	1522,53	
714,134	1303,31	
714,363	1296,3	
714,593	1454,13	
714,822	1433,09	
715,052	1513,76	
715,281	1724,21	
715,511	1510,25	
715,74	1392,75	
715,969	1515,51	
716,199	1647,04	
716,428	1261,22	
716,657	1255,96	
716,887	1476,93	
717,116	1327,86	
717,345	1317,34	
717,575	1524,28	
717,804	1240,18	
718,033	1182,3	
718,262	1266,48	
718,492	1240,18	
718,721	1336,63	
718,95	1103,39	
719,179	1252,45	
719,408	1126,18	
719,637	1163,01	
719,866	1262,98	
720,095	1027,98	
720,324	1536,56	
720,553	1098,12	
720,782	1275,25	
721,011	1229,65	
721,24	1150,74	
721,469	1001,67	
721,698	929,77	
721,927	1198,09	
722,156	1192,83	
722,385	1082,34	
722,613	935,03	
722,842	1227,9	
723,071	805,25	
723,3	970,1	
723,529	1161,26	
723,757	873,65	
723,986	794,73	
724,215	812,27	
724,443	992,9	
724,672	1038,5	
724,901	870,14	
725,129	887,68	
725,358	885,92	
725,586	603,57	
725,815	980,63	
726,043	1120,92	
726,272	1073,57	
726,5	1112,15	
726,729	963,09	
726,957	808,76	
727,186	871,89	
727,414	794,73	
727,642	603,57	
727,871	1231,41	
728,099	1220,89	
728,327	873,65	
728,556	926,26	
728,784	1170,03	
729,012	550,96	
729,241	882,42	
729,469	656,19	
729,697	615,85	
729,925	864,88	
730,153	712,31	
730,381	377,34	
730,61	726,33	
730,838	833,31	
731,066	715,81	
731,294	880,66	
731,522	812,27	
731,75	701,78	
731,978	987,64	
732,206	745,63	
732,434	522,9	
732,662	798,24	
732,89	745,63	
733,118	664,95	
733,346	919,24	
733,573	757,9	
733,801	759,66	
734,029	663,2	
734,257	458,01	
734,485	636,89	
734,712	686	
734,94	540,44	
735,168	564,99	
735,396	670,22	
735,623	570,25	
735,851	742,12	
736,078	605,33	
736,306	466,78	
736,534	515,89	
736,761	487,83	
736,989	728,09	
737,216	533,43	
737,444	1052,53	
737,671	614,1	
737,899	1049,02	
738,126	686	
738,354	352,79	
738,581	812,27	
738,809	638,65	
739,036	603,57	
739,263	636,89	
739,491	498,35	
739,718	770,18	
739,945	524,66	
740,173	594,81	
740,4	391,37	
740,627	419,43	
740,854	363,31	
741,081	661,45	
741,309	801,75	
741,536	405,4	
741,763	451	
741,99	594,81	
742,217	442,23	
742,444	147,61	
742,671	426,45	
742,898	287,9	
743,125	458,01	
743,352	928,01	
743,579	503,61	
743,806	296,67	
744,033	384,36	
744,26	445,74	
744,487	536,93	
744,714	366,82	
744,941	340,52	
745,167	619,36	
745,394	508,87	
745,621	705,29	
745,848	368,57	
746,075	568,5	
746,301	449,25	
746,528	144,1	
746,755	312,46	
746,981	358,05	
747,208	359,81	
747,435	643,91	
747,661	424,69	
747,888	214,25	
748,114	475,55	
748,341	589,54	
748,567	661,45	
748,794	249,32	
749,02	400,14	
749,247	426,45	
749,473	451	
749,7	743,87	
749,926	768,42	
750,152	142,34	
750,379	668,46	
750,605	628,13	
750,831	465,03	
751,058	505,37	
751,284	477,31	
751,51	249,32	
751,737	540,44	
751,963	572,01	
752,189	142,34	
752,415	251,08	
752,641	287,9	
752,867	268,61	
753,094	326,49	
753,32	365,07	
753,546	591,3	
753,772	307,19	
753,998	389,62	
754,224	238,8	
754,45	373,84	
754,676	249,32	
754,902	503,61	
755,128	564,99	
755,354	377,34	
755,579	515,89	
755,805	45,89	
756,031	223,02	
756,257	224,77	
756,483	198,46	
756,709	452,75	
756,934	512,38	
757,16	212,49	
757,386	451	
757,612	505,37	
757,837	305,44	
758,063	216	
758,289	319,47	
758,514	130,07	
758,74	419,43	
758,965	393,13	
759,191	237,05	
759,416	21,34	
759,642	102,01	
759,868	2,05	
760,093	135,33	
760,318	321,22	
760,544	173,91	
760,769	137,08	
760,995	38,87	
761,22	-34,78	
761,445	556,22	
761,671	524,66	
761,896	158,13	
762,121	80,96	
762,347	-54,07	
762,572	452,75	
762,797	156,37	
763,022	315,96	
763,248	210,74	
763,473	256,34	
763,698	151,11	
763,923	196,71	
764,148	89,73	
764,373	233,54	
764,598	294,92	
764,823	386,11	
765,048	426,45	
765,273	447,49	
765,498	182,68	
765,723	163,39	
765,948	138,84	
766,173	121,3	
766,398	16,08	
766,623	615,85	
766,848	147,61	
767,073	-110,19	
767,298	175,66	
767,522	-38,29	
767,747	51,15	
767,972	117,79	
768,197	119,55	
768,421	79,21	
768,646	0,29	
768,871	-10,23	
769,095	68,69	
769,32	156,37	
769,545	270,37	
769,769	156,37	
769,994	35,37	
770,218	58,17	
770,443	-73,36	
770,667	84,47	
770,892	249,32	
771,116	194,96	
771,341	270,37	
771,565	270,37	
771,79	117,79	
772,014	-24,26	
772,238	2,05	
772,463	49,4	
772,687	207,23	
772,911	2,05	
773,136	337,01	
773,36	66,93	
773,584	163,39	
773,808	147,61	
774,033	133,58	
774,257	159,88	
774,481	24,84	
774,705	161,64	
774,929	68,69	
775,153	205,48	
775,377	-54,07	
775,602	-59,33	
775,826	184,43	
776,05	54,66	
776,274	-69,86	
776,498	24,84	
776,722	165,14	
776,945	186,19	
777,169	-89,15	
777,393	-75,12	
777,617	102,01	
777,841	17,83	
778,065	-59,33	
778,289	94,99	
778,512	221,26	
778,736	242,31	
778,96	-34,78	
779,184	210,74	
779,407	231,78	
779,631	52,9	
779,855	66,93	
780,078	107,27	
780,302	145,85	
780,526	152,87	
780,749	59,92	
780,973	-34,78	
781,196	308,95	
781,42	51,15	
781,643	47,64	
781,867	-13,74	
782,09	114,28	
782,314	-68,1	
782,537	137,08	
782,76	-4,97	
782,984	198,46	
783,207	-234,71	
783,431	151,11	
783,654	-73,36	
783,877	-175,08	
784,1	-55,83	
784,324	119,55	
784,547	91,49	
784,77	-238,21	
784,993	26,6	
785,216	307,19	
785,44	-57,58	
785,663	72,2	
785,886	-145,27	
786,109	65,18	
786,332	394,88	
786,555	93,24	
786,778	-3,22	
787,001	-24,26	
787,224	-168,07	
787,447	-34,78	
787,67	-80,38	
787,893	-45,3	
788,116	-269,78	
788,339	-89,15	
788,561	-201,39	
788,784	28,35	
789,007	14,32	
789,23	266,86	
789,453	52,9	
789,675	80,96	
789,898	205,48	
790,121	149,36	
790,344	240,55	
790,566	245,81	
790,789	0,29	
791,012	28,35	
791,234	277,38	
791,457	172,16	
791,679	-33,03	
791,902	-201,39	
792,124	-183,85	
792,347	-238,21	
792,569	-52,32	
792,792	-125,98	
793,014	-189,11	
793,237	51,15	
793,459	-166,31	
793,681	63,43	
793,904	68,69	
794,126	-85,64	
794,348	-13,74	
794,571	252,83	
794,793	293,16	
795,015	-96,16	
795,237	-82,13	
795,46	-50,57	
795,682	-127,73	
795,904	-57,58	
796,126	-125,98	
796,348	266,86	
796,57	223,02	
796,792	275,63	
797,014	19,58	
797,237	-127,73	
797,459	-110,19	
797,681	-4,97	
797,903	144,1	
798,124	-40,04	
798,346	124,81	
798,568	-143,51	
798,79	49,4	
799,012	-76,87	
799,234	116,04	
799,456	-180,34	
799,678	-157,54	
799,899	244,06	
800,121	131,82	
800,343	389,62	
800,565	358,05	
800,786	301,93	
801,008	-4,97	
801,23	-96,16	
801,451	207,23	
801,673	1506,74	
801,895	100,25	
802,116	340,52	
802,338	109,02	
802,559	-48,81	
802,781	47,64	
803,002	137,08	
803,224	56,41	
803,445	-80,38	
803,667	33,61	
803,888	16,08	
804,109	31,86	
804,331	54,66	
804,552	-34,78	
804,773	194,96	
804,995	-175,08	
805,216	137,08	
805,437	191,45	
805,658	100,25	
805,88	-96,16	
806,101	-64,6	
806,322	7,31	
806,543	182,68	
806,764	17,83	
806,985	305,44	
807,207	75,7	
807,428	89,73	
807,649	145,85	
807,87	3,8	
808,091	130,07	
808,312	-190,86	
808,533	-141,76	
808,754	-162,8	
808,975	-66,35	
809,195	-115,45	
809,416	19,58	
809,637	96,75	
809,858	44,14	
810,079	-189,11	
810,3	98,5	
810,52	230,03	
810,741	-33,03	
810,962	-364,48	
811,183	-148,77	
811,403	12,57	
811,624	244,06	
811,845	351,04	
812,065	303,69	
812,286	-36,54	
812,506	286,15	
812,727	89,73	
812,948	-176,83	
813,168	-94,41	
813,389	-134,74	
813,609	230,03	
813,83	96,75	
814,05	-155,79	
814,27	-38,29	
814,491	61,67	
814,711	9,06	
814,931	30,11	
815,152	51,15	
815,372	119,55	
815,592	-15,49	
815,813	3,8	
816,033	-136,5	
816,253	196,71	
816,473	247,57	
816,694	-187,36	
816,914	56,41	
817,134	-31,27	
817,354	9,06	
817,574	7,31	
817,794	214,25	
818,014	-120,71	
818,234	-332,92	
818,454	165,14	
818,674	110,78	
818,894	172,16	
819,114	-218,92	
819,334	123,05	
819,554	154,62	
819,774	-243,48	
819,994	42,38	
820,214	-1,46	
820,433	231,78	
820,653	23,09	
820,873	42,38	
821,093	-4,97	
821,312	-124,22	
821,532	-54,07	
821,752	-150,53	
821,972	-166,31	
822,191	-206,65	
822,411	193,2	
822,63	24,84	
822,85	182,68	
823,07	358,05	
823,289	-80,38	
823,509	-227,69	
823,728	66,93	
823,948	-43,55	
824,167	258,09	
824,387	112,53	
824,606	-125,98	
824,825	28,35	
825,045	-19	
825,264	-92,66	
825,483	300,18	
825,703	-103,18	
825,922	-64,6	
826,141	80,96	
826,361	-120,71	
826,58	-40,04	
826,799	-178,59	
827,018	254,58	
827,237	-115,45	
827,456	-131,24	
827,676	-76,87	
827,895	140,59	
828,114	-199,63	
828,333	-168,07	
828,552	-90,9	
828,771	19,58	
828,99	89,73	
829,209	-125,98	
829,428	-61,09	
829,647	51,15	
829,866	-197,88	
830,084	-208,4	
830,303	9,06	
830,522	80,96	
830,741	130,07	
830,96	237,05	
831,179	210,74	
831,397	28,35	
831,616	94,99	
831,835	0,29	
832,053	121,3	
832,272	-110,19	
832,491	-8,48	
832,709	189,69	
832,928	51,15	
833,147	-3,22	
833,365	-73,36	
833,584	-211,91	
833,802	170,4	
834,021	-52,32	
834,239	-69,86	
834,458	7,31	
834,676	-145,27	
834,894	-185,6	
835,113	-73,36	
835,331	-78,63	
835,55	107,27	
835,768	112,53	
835,986	-154,04	
836,204	-55,83	
836,423	47,64	
836,641	17,83	
836,859	131,82	
837,077	219,51	
837,296	37,12	
837,514	110,78	
837,732	52,9	
837,95	-394,3	
838,168	7,31	
838,386	-83,89	
838,604	-124,22	
838,822	-38,29	
839,04	30,11	
839,258	131,82	
839,476	-152,28	
839,694	133,58	
839,912	-140,01	
840,13	-259,26	
840,348	-26,01	
840,566	77,46	
840,783	-124,22	
841,001	-218,92	
841,219	-166,31	
841,437	196,71	
841,655	-124,22	
841,872	196,71	
842,09	16,08	
842,308	-38,29	
842,525	198,46	
842,743	70,44	
842,961	23,09	
843,178	-125,98	
843,396	7,31	
843,613	351,04	
843,831	-134,74	
844,048	301,93	
844,266	-75,12	
844,483	216	
844,701	-208,4	
844,918	-1,46	
845,136	-92,66	
845,353	-73,36	
845,57	194,96	
845,788	-20,75	
846,005	201,97	
846,222	-183,85	
846,439	-97,92	
846,657	307,19	
846,874	-92,66	
847,091	2,05	
847,308	68,69	
847,526	-141,76	
847,743	-180,34	
847,96	-239,97	
848,177	137,08	
848,394	-155,79	
848,611	-40,04	
848,828	38,87	
849,045	307,19	
849,262	-164,56	
849,479	-134,74	
849,696	133,58	
849,913	-45,3	
850,13	23,09	
850,347	45,89	
850,564	30,11	
850,78	110,78	
850,997	-38,29	
851,214	-52,32	
851,431	-101,42	
851,647	-24,26	
851,864	-225,94	
852,081	-171,57	
852,298	52,9	
852,514	80,96	
852,731	144,1	
852,948	-324,15	
853,164	-266,27	
853,381	-210,15	
853,597	179,17	
853,814	-38,29	
854,03	-201,39	
854,247	-359,22	
854,463	-138,25	
854,68	-171,57	
854,896	-147,02	
855,113	-41,8	
855,329	121,3	
855,545	-357,47	
855,762	123,05	
855,978	114,28	
856,194	103,76	
856,411	165,14	
856,627	-78,63	
856,843	-3,22	
857,059	-129,48	
857,275	-261,01	
857,492	151,11	
857,708	40,63	
857,924	-62,84	
858,14	7,31	
858,356	40,63	
858,572	-34,78	
858,788	68,69	
859,004	-78,63	
859,22	-327,65	
859,436	-61,09	
859,652	233,54	
859,868	-50,57	
860,084	-110,19	
860,3	270,37	
860,516	-231,2	
860,731	-45,3	
860,947	149,36	
861,163	24,84	
861,379	105,52	
861,595	-169,82	
861,81	-136,5	
862,026	-87,39	
862,242	-108,44	
862,457	-190,86	
862,673	2,05	
862,889	-90,9	
863,104	-66,35	
863,32	-87,39	
863,535	-82,13	
863,751	-108,44	
863,966	-190,86	
864,182	-97,92	
864,397	98,5	
864,613	119,55	
864,828	52,9	
865,044	149,36	
865,259	-26,01	
865,474	23,09	
865,69	-124,22	
865,905	-6,72	
866,12	-55,83	
866,336	35,37	
866,551	24,84	
866,766	7,31	
866,981	-218,92	
867,196	89,73	
867,412	205,48	
867,627	-20,75	
867,842	-190,86	
868,057	-11,98	
868,272	-57,58	
868,487	102,01	
868,702	-169,82	
868,917	54,66	
869,132	-20,75	
869,347	-124,22	
869,562	-90,9	
869,777	194,96	
869,992	-134,74	
870,207	-110,19	
870,422	-94,41	
870,636	-92,66	
870,851	47,64	
871,066	-29,52	
871,281	7,31	
871,495	52,9	
871,71	-19	
871,925	-296,09	
872,14	-134,74	
872,354	79,21	
872,569	3,8	
872,783	-108,44	
872,998	-103,18	
873,213	-29,52	
873,427	-132,99	
873,642	-94,41	
873,856	-132,99	
874,071	-55,83	
874,285	-243,48	
874,5	-201,39	
874,714	-203,14	
874,928	293,16	
875,143	-317,13	
875,357	-171,57	
875,571	-161,05	
875,786	-141,76	
876	65,18	
876,214	-99,67	
876,429	140,59	
876,643	114,28	
876,857	40,63	
877,071	31,86	
877,285	-127,73	
877,499	-36,54	
877,714	-185,6	
877,928	-169,82	
878,142	-125,98	
878,356	16,08	
878,57	-243,48	
878,784	-227,69	
878,998	156,37	
879,212	272,12	
879,426	17,83	
879,639	-217,17	
879,853	63,43	
880,067	91,49	
880,281	-110,19	
880,495	-185,6	
880,709	-348,7	
880,922	128,31	
881,136	114,28	
881,35	-318,89	
881,564	-101,42	
881,777	-76,87	
881,991	-76,87	
882,205	-248,74	
882,418	172,16	
882,632	-129,48	
882,845	184,43	
883,059	-82,13	
883,273	-20,75	
883,486	-182,1	
883,7	123,05	
883,913	70,44	
884,126	-52,32	
884,34	47,64	
884,553	72,2	
884,767	-175,08	
884,98	-380,27	
885,193	-97,92	
885,407	201,97	
885,62	66,93	
885,833	-117,21	
886,046	16,08	
886,26	-117,21	
886,473	-106,69	
886,686	-111,95	
886,899	228,28	
887,112	-189,11	
887,326	-48,81	
887,539	-299,59	
887,752	-145,27	
887,965	133,58	
888,178	117,79	
888,391	-215,42	
888,604	-73,36	
888,817	-27,77	
889,03	103,76	
889,243	124,81	
889,455	-90,9	
889,668	-150,53	
889,881	-8,48	
890,094	135,33	
890,307	-64,6	
890,52	-211,91	
890,732	70,44	
890,945	177,42	
891,158	-83,89	
891,37	19,58	
891,583	-89,15	
891,796	-96,16	
892,008	-59,33	
892,221	254,58	
892,434	-106,69	
892,646	-199,63	
892,859	35,37	
893,071	361,56	
893,284	-125,98	
893,496	-96,16	
893,709	-13,74	
893,921	-36,54	
894,133	-241,72	
894,346	-162,8	
894,558	-241,72	
894,771	-64,6	
894,983	-64,6	
895,195	-297,84	
895,407	-78,63	
895,62	-336,42	
895,832	-103,18	
896,044	-166,31	
896,256	94,99	
896,468	103,76	
896,681	12,57	
896,893	-31,27	
897,105	0,29	
897,317	73,95	
897,529	89,73	
897,741	-162,8	
897,953	-13,74	
898,165	110,78	
898,377	21,34	
898,589	-4,97	
898,801	-96,16	
899,013	-54,07	
899,224	103,76	
899,436	-127,73	
899,648	24,84	
899,86	-3,22	
900,072	-10,23	
900,283	-68,1	
900,495	-47,06	
900,707	14,32	
900,919	49,4	
901,13	91,49	
901,342	-182,1	
901,554	-248,74	
901,765	-68,1	
901,977	-176,83	
902,188	54,66	
902,4	212,49	
902,611	126,56	
902,823	-164,56	
903,034	72,2	
903,246	258,09	
903,457	119,55	
903,669	152,87	
903,88	105,52	
904,091	-301,35	
904,303	135,33	
904,514	-169,82	
904,725	-22,51	
904,936	2,05	
905,148	-131,24	
905,359	-62,84	
905,57	-211,91	
905,781	-36,54	
905,992	-269,78	
906,204	-217,17	
906,415	-176,83	
906,626	-75,12	
906,837	-254	
907,048	-80,38	
907,259	-19	
907,47	-8,48	
907,681	-122,47	
907,892	86,22	
908,103	0,29	
908,314	-34,78	
908,525	121,3	
908,735	-31,27	
908,946	-55,83	
909,157	-4,97	
909,368	65,18	
909,579	-101,42	
909,789	-104,93	
910	408,91	
910,211	-41,8	
910,421	-27,77	
910,632	-336,42	
910,843	-110,19	
911,053	214,25	
911,264	-194,37	
911,475	-285,57	
911,685	47,64	
911,896	-45,3	
912,106	-199,63	
912,317	-199,63	
912,527	-101,42	
912,737	65,18	
912,948	-294,33	
913,158	-185,6	
913,369	-6,72	
913,579	-199,63	
913,789	66,93	
914	-264,52	
914,21	358,05	
914,42	426,45	
914,63	-122,47	
914,841	7,31	
915,051	-24,26	
915,261	124,81	
915,471	-261,01	
915,681	280,89	
915,891	-22,51	
916,101	87,98	
916,311	61,67	
916,521	2,05	
916,731	212,49	
916,941	75,7	
917,151	130,07	
917,361	-33,03	
917,571	154,62	
917,781	-185,6	
917,991	-148,77	
918,201	217,75	
918,411	24,84	
918,621	117,79	
918,83	-55,83	
919,04	-1,46	
919,25	-89,15	
919,46	-241,72	
919,669	-85,64	
919,879	201,97	
920,089	86,22	
920,298	-175,08	
920,508	137,08	
920,717	-162,8	
920,927	16,08	
921,136	-350,45	
921,346	-26,01	
921,555	-325,9	
921,765	-61,09	
921,974	-31,27	
922,184	-61,09	
922,393	305,44	
922,603	196,71	
922,812	-269,78	
923,021	-101,42	
923,23	-24,26	
923,44	-87,39	
923,649	89,73	
923,858	-62,84	
924,067	-69,86	
924,277	-66,35	
924,486	-217,17	
924,695	-250,49	
924,904	-54,07	
925,113	-197,88	
925,322	-413,59	
925,531	-148,77	
925,74	-273,29	
925,949	28,35	
926,158	-131,24	
926,367	-50,57	
926,576	-229,45	
926,785	-26,01	
926,994	51,15	
927,203	-104,93	
927,412	-110,19	
927,621	-52,32	
927,83	-147,02	
928,038	-3,22	
928,247	5,55	
928,456	49,4	
928,665	0,29	
928,873	-176,83	
929,082	66,93	
929,291	75,7	
929,499	-40,04	
929,708	65,18	
929,916	-155,79	
930,125	-111,95	
930,333	149,36	
930,542	-150,53	
930,75	-90,9	
930,959	51,15	
931,167	-106,69	
931,376	-52,32	
931,584	-62,84	
931,793	-197,88	
932,001	151,11	
932,209	2,05	
932,418	31,86	
932,626	16,08	
932,834	-218,92	
933,042	-122,47	
933,251	-245,23	
933,459	-129,48	
933,667	189,69	
933,875	205,48	
934,083	-34,78	
934,291	-131,24	
934,499	-122,47	
934,707	138,84	
934,915	116,04	
935,123	-78,63	
935,331	-283,81	
935,539	-241,72	
935,747	-155,79	
935,955	-175,08	
936,163	-331,16	
936,371	-108,44	
936,579	-17,24	
936,787	12,57	
936,995	-50,57	
937,202	93,24	
937,41	21,34	
937,618	-3,22	
937,826	-92,66	
938,033	-99,67	
938,241	-62,84	
938,449	-134,74	
938,656	-245,23	
938,864	-197,88	
939,071	23,09	
939,279	-208,4	
939,486	-75,12	
939,694	-50,57	
939,901	-113,7	
940,109	-94,41	
940,316	-31,27	
940,524	-62,84	
940,731	-162,8	
940,939	-64,6	
941,146	-350,45	
941,353	-38,29	
941,561	300,18	
941,768	2,05	
941,975	-117,21	
942,182	-78,63	
942,39	140,59	
942,597	100,25	
942,804	-104,93	
943,011	-199,63	
943,218	37,12	
943,425	-103,18	
943,632	-90,9	
943,839	-99,67	
944,046	161,64	
944,253	-97,92	
944,46	-175,08	
944,667	-54,07	
944,874	-176,83	
945,081	2,05	
945,288	-155,79	
945,495	-99,67	
945,702	256,34	
945,909	-92,66	
946,115	-66,35	
946,322	82,72	
946,529	-54,07	
946,736	31,86	
946,942	-218,92	
947,149	-220,68	
947,356	-89,15	
947,562	-294,33	
947,769	375,59	
947,976	152,87	
948,182	105,52	
948,389	-20,75	
948,595	40,63	
948,802	80,96	
949,008	-131,24	
949,215	-85,64	
949,421	-250,49	
949,628	-113,7	
949,834	-62,84	
950,04	137,08	
950,247	-201,39	
950,453	-185,6	
950,659	-218,92	
950,865	-197,88	
951,072	-104,93	
951,278	-31,27	
951,484	-129,48	
951,69	-152,28	
951,896	2,05	
952,103	44,14	
952,309	-10,23	
952,515	-175,08	
952,721	-115,45	
952,927	28,35	
953,133	24,84	
953,339	203,72	
953,545	-29,52	
953,751	-164,56	
953,957	23,09	
954,163	-210,15	
954,369	282,64	
954,574	-68,1	
954,78	-301,35	
954,986	-55,83	
955,192	26,6	
955,398	-6,72	
955,603	14,32	
955,809	-22,51	
956,015	159,88	
956,22	-246,98	
956,426	16,08	
956,632	-194,37	
956,837	16,08	
957,043	19,58	
957,248	-285,57	
957,454	-76,87	
957,66	-168,07	
957,865	-196,13	
958,07	16,08	
958,276	144,1	
958,481	-134,74	
958,687	-306,61	
958,892	23,09	
959,097	-10,23	
959,303	80,96	
959,508	75,7	
959,713	-90,9	
959,919	-115,45	
960,124	-136,5	
960,329	17,83	
960,534	-96,16	
960,739	37,12	
960,945	0,29	
961,15	-147,02	
961,355	-168,07	
961,56	-238,21	
961,765	-122,47	
961,97	-15,49	
962,175	-26,01	
962,38	-43,55	
962,585	-261,01	
962,79	-90,9	
962,995	-257,51	
963,2	-129,48	
963,404	100,25	
963,609	26,6	
963,814	44,14	
964,019	77,46	
964,224	-97,92	
964,428	-178,59	
964,633	-239,97	
964,838	-259,26	
965,042	-152,28	
965,247	177,42	
965,452	-287,32	
965,656	96,75	
965,861	-162,8	
966,066	-213,66	
966,27	-217,17	
966,475	-145,27	
966,679	-254	
966,884	-239,97	
967,088	-185,6	
967,292	-303,1	
967,497	112,53	
967,701	-36,54	
967,906	54,66	
968,11	-111,95	
968,314	-257,51	
968,518	-57,58	
968,723	191,45	
968,927	-68,1	
969,131	-152,28	
969,335	59,92	
969,539	289,66	
969,744	-322,39	
969,948	172,16	
970,152	-252,24	
970,356	-13,74	
970,56	84,47	
970,764	-243,48	
970,968	-6,72	
971,172	208,99	
971,376	247,57	
971,58	44,14	
971,784	10,81	
971,988	156,37	
972,192	-36,54	
972,395	94,99	
972,599	-171,57	
972,803	126,56	
973,007	66,93	
973,21	-8,48	
973,414	-24,26	
973,618	-315,38	
973,822	-96,16	
974,025	221,26	
974,229	-22,51	
974,432	-45,3	
974,636	-1,46	
974,84	38,87	
975,043	-104,93	
975,247	194,96	
975,45	-234,71	
975,654	-194,37	
975,857	116,04	
976,06	-29,52	
976,264	12,57	
976,467	-220,68	
976,671	-104,93	
976,874	-87,39	
977,077	-166,31	
977,28	23,09	
977,484	-353,96	
977,687	-22,51	
977,89	133,58	
978,093	-48,81	
978,297	-76,87	
978,5	-73,36	
978,703	170,4	
978,906	-33,03	
979,109	-85,64	
979,312	-43,55	
979,515	105,52	
979,718	-17,24	
979,921	-38,29	
980,124	-197,88	
980,327	110,78	
980,53	-239,97	
980,733	28,35	
980,936	151,11	
981,138	-19	
981,341	110,78	
981,544	-110,19	
981,747	-36,54	
981,949	-66,35	
982,152	35,37	
982,355	89,73	
982,558	-34,78	
982,76	-264,52	
982,963	-118,96	
983,165	-289,07	
983,368	-211,91	
983,571	-50,57	
983,773	28,35	
983,976	244,06	
984,178	-92,66	
984,381	19,58	
984,583	30,11	
984,785	-190,86	
984,988	12,57	
985,19	93,24	
985,392	-134,74	
985,595	217,75	
985,797	-152,28	
985,999	-54,07	
986,202	28,35	
986,404	-197,88	
986,606	5,55	
986,808	193,2	
987,01	-34,78	
987,212	208,99	
987,415	-47,06	
987,617	-152,28	
987,819	-55,83	
988,021	114,28	
988,223	79,21	
988,425	-94,41	
988,627	-241,72	
988,829	-4,97	
989,031	112,53	
989,232	130,07	
989,434	-227,69	
989,636	200,22	
989,838	-150,53	
990,04	72,2	
990,242	130,07	
990,443	-231,2	
990,645	45,89	
990,847	-104,93	
991,048	42,38	
991,25	-217,17	
991,452	-19	
991,653	-136,5	
991,855	-271,54	
992,057	-8,48	
992,258	-243,48	
992,46	193,2	
992,661	-115,45	
992,863	-27,77	
993,064	254,58	
993,265	-164,56	
993,467	-118,96	
993,668	214,25	
993,87	121,3	
994,071	-69,86	
994,272	-66,35	
994,473	-61,09	
994,675	-164,56	
994,876	-217,17	
995,077	-33,03	
995,278	63,43	
995,48	-10,23	
995,681	-125,98	
995,882	40,63	
996,083	-41,8	
996,284	-36,54	
996,485	-224,18	
996,686	100,25	
996,887	30,11	
997,088	-127,73	
997,289	47,64	
997,49	2,05	
997,691	-10,23	
997,892	10,81	
998,092	-194,37	
998,293	100,25	
998,494	-45,3	
998,695	-3,22	
998,896	38,87	
999,096	-20,75	
999,297	-245,23	
999,498	-171,57	
999,698	-287,32	
999,899	28,35	
1000,1	-218,92	
1000,3	-243,48	
1000,501	-147,02	
1000,701	-4,97	
1000,902	-187,36	
1001,102	286,15	
1001,303	-55,83	
1001,503	72,2	
1001,704	-55,83	
1001,904	123,05	
1002,105	-64,6	
1002,305	26,6	
1002,505	-241,72	
1002,706	-355,71	
1002,906	-227,69	
1003,106	-243,48	
1003,306	-26,01	
1003,507	-97,92	
1003,707	-48,81	
1003,907	-3,22	
1004,107	3,8	
1004,307	-45,3	
1004,507	-85,64	
1004,707	-43,55	
1004,907	-157,54	
1005,107	-55,83	
1005,308	17,83	
1005,507	-229,45	
1005,707	-289,07	
1005,907	-136,5	
1006,107	-75,12	
1006,307	-62,84	
1006,507	63,43	
1006,707	-187,36	
1006,907	158,13	
1007,106	35,37	
1007,306	-22,51	
1007,506	170,4	
1007,706	10,81	
1007,905	-104,93	
1008,105	-99,67	
1008,305	30,11	
1008,504	-161,05	
1008,704	315,96	
1008,903	-310,12	
1009,103	138,84	
1009,303	3,8	
1009,502	-173,33	
1009,702	33,61	
1009,901	65,18	
1010,1	-61,09	
1010,3	-101,42	
1010,499	45,89	
1010,699	-138,25	
1010,898	-336,42	
1011,097	-80,38	
1011,296	-147,02	
1011,496	87,98	
1011,695	463,28	
1011,894	-103,18	
1012,093	105,52	
1012,293	-376,76	
1012,492	-41,8	
1012,691	-11,98	
1012,89	-59,33	
1013,089	-117,21	
1013,288	182,68	
1013,487	-124,22	
1013,686	-97,92	
1013,885	-154,04	
1014,084	-59,33	
1014,283	-68,1	
1014,482	-129,48	
1014,681	-246,98	
1014,88	-103,18	
1015,078	123,05	
1015,277	56,41	
1015,476	-66,35	
1015,675	-141,76	
1015,873	28,35	
1016,072	-238,21	
1016,271	33,61	
1016,47	-48,81	
1016,668	-43,55	
1016,867	-225,94	
1017,065	-92,66	
1017,264	-159,3	
1017,463	-78,63	
1017,661	40,63	
1017,86	-110,19	
1018,058	5,55	
1018,256	-178,59	
1018,455	-383,77	
1018,653	-50,57	
1018,852	-13,74	
1019,05	-204,89	
1019,248	291,41	
1019,447	-199,63	
1019,645	-110,19	
1019,843	-117,21	
1020,041	-387,28	
1020,24	-122,47	
1020,438	-41,8	
1020,636	-122,47	
1020,834	-171,57	
1021,032	58,17	
1021,23	-171,57	
1021,428	-54,07	
1021,626	-55,83	
1021,824	-24,26	
1022,022	-227,69	
1022,22	-424,11	
1022,418	-206,65	
1022,616	-190,86	
1022,814	-227,69	
1023,012	-73,36	
1023,21	-189,11	
1023,408	365,07	
1023,606	-183,85	
1023,803	-168,07	
1024,001	182,68	
1024,199	-124,22	
1024,397	68,69	
1024,594	142,34	
1024,792	-43,55	
1024,99	-148,77	
1025,187	3,8	
1025,385	216	
1025,582	-269,78	
1025,78	30,11	
1025,977	-148,77	
1026,175	-31,27	
1026,372	-201,39	
1026,57	-62,84	
1026,767	431,71	
1026,965	-113,7	
1027,162	-346,95	
1027,359	-52,32	
1027,557	-152,28	
1027,754	-196,13	
1027,951	-8,48	
1028,148	-94,41	
1028,346	87,98	
1028,543	-97,92	
1028,74	-194,37	
1028,937	-134,74	
1029,134	-41,8	
1029,331	-31,27	
1029,528	2,05	
1029,725	87,98	
1029,923	-120,71	
1030,12	121,3	
1030,317	-213,66	
1030,513	-31,27	
1030,71	-178,59	
1030,907	-19	
1031,104	59,92	
1031,301	-252,24	
1031,498	-69,86	
1031,695	-234,71	
1031,892	-378,51	
1032,088	-231,2	
1032,285	-190,86	
1032,482	-131,24	
1032,678	-196,13	
1032,875	9,06	
1033,072	303,69	
1033,268	-141,76	
1033,465	130,07	
1033,662	149,36	
1033,858	91,49	
1034,055	14,32	
1034,251	-239,97	
1034,448	87,98	
1034,644	-45,3	
1034,84	-85,64	
1035,037	-68,1	
1035,233	-264,52	
1035,43	-248,74	
1035,626	-231,2	
1035,822	-148,77	
1036,019	-87,39	
1036,215	109,02	
1036,411	-94,41	
1036,607	-282,06	
1036,803	-127,73	
1037	-94,41	
1037,196	308,95	
1037,392	-234,71	
1037,588	-54,07	
1037,784	65,18	
1037,98	10,81	
1038,176	-145,27	
1038,372	91,49	
1038,568	-294,33	
1038,764	-90,9	
1038,96	-69,86	
1039,156	-206,65	
1039,352	-243,48	
1039,547	-47,06	
1039,743	-275,04	
1039,939	-15,49	
1040,135	-140,01	
1040,331	-220,68	
1040,526	-210,15	
1040,722	82,72	
1040,918	-197,88	
1041,113	-134,74	
1041,309	-290,83	
1041,505	2,05	
1041,7	-1,46	
1041,896	205,48	
1042,091	-183,85	
1042,287	-122,47	
1042,482	66,93	
1042,678	-29,52	
1042,873	112,53	
1043,069	-204,89	
1043,264	80,96	
1043,459	112,53	
1043,655	-155,79	
1043,85	-148,77	
1044,045	-415,34	
1044,24	-252,24	
1044,436	-303,1	
1044,631	-43,55	
1044,826	-103,18	
1045,021	-103,18	
1045,216	-103,18	
